-4266.21525210	5.53182285250741e-09	8.83843509124954e-11
-1325.70293946	1.36981384850977e-08	1.78002996257127e-10
-751.94443943	2.22107535931860e-08	3.09318338770282e-10
-507.47342638	3.46865034665702e-08	5.08311556000538e-10
-372.02327050	5.33902098882567e-08	8.09129501225316e-10
-285.96377919	7.49372228200714e-08	1.10651451438571e-09
-226.44597575	1.11357650503844e-07	1.69031803695740e-09
-182.83175722	1.61326121912234e-07	2.53796174861341e-09
-149.49801441	2.38409620671094e-07	3.67428300678006e-09
-123.19310052	3.66012166908772e-07	5.38038281945396e-09
-101.90590761	5.68033752930517e-07	9.82035787091095e-09
-84.32570985	8.81311959063726e-07	1.38914993305777e-08
-69.56176395	1.40344810593143e-06	2.22369427151745e-08
-56.98752033	2.27181683193281e-06	3.78543872534742e-08
-46.14945961	4.07224152196661e-06	6.34258210233783e-08
-45.54050355	4.13628819606202e-06	6.64554645554977e-08
-45.54050355	4.24552056806632e-06	7.02929004427477e-08
-44.13914916	4.61456032303122e-06	7.80430161915197e-08
-42.89431994	4.94753017037866e-06	7.87739033302851e-08
-42.76452829	4.99641041520551e-06	7.88743095763337e-08
-41.41587861	5.62485944590340e-06	8.97283605272797e-08
-40.34262909	5.70953161968587e-06	8.69664637475286e-08
-40.09246648	5.81680816991145e-06	9.03479939316553e-08
-38.79359889	6.64307639712455e-06	1.16280646333551e-07
-37.88048455	6.91143200642813e-06	1.06960222720009e-07
-37.51859062	6.97117816228082e-06	1.09121099623444e-07
-36.71123649	7.79307127230874e-06	1.29329855896500e-07
-36.26679874	7.77494969087372e-06	1.25280754192157e-07
-35.50322869	8.24200570329511e-06	1.35142967941952e-07
-35.03759069	8.87687288091442e-06	1.42954885273052e-07
-33.83035666	9.98357805309379e-06	1.70896829718385e-07
-33.20657017	1.02013126876507e-05	1.68613148789792e-07
-32.64450862	1.04773276668738e-05	1.73554768806011e-07
-31.47950307	1.19129341423801e-05	1.91195024045839e-07
-30.98645494	1.25068372152851e-05	2.16088809482459e-07
-30.33477975	1.30535212679039e-05	2.31327373148046e-07
-29.20982123	1.47933554201372e-05	2.40640734823924e-07
-28.83914197	1.54519375699123e-05	2.58516632713245e-07
-28.41809565	1.60255821235008e-05	2.95405501538326e-07
-28.10411247	1.62883301503469e-05	2.78248047768300e-07
-27.01717097	1.80093373021497e-05	2.87514451416545e-07
-26.76108592	1.85798626808616e-05	2.88948898401591e-07
-25.94851931	2.04940570362865e-05	3.34906131245717e-07
-24.89769613	2.35771691274949e-05	3.80172786369090e-07
-23.86426598	2.68864706990315e-05	4.62413354574734e-07
-22.84779369	2.96705074524946e-05	4.93814261466228e-07
-21.84787203	3.34784021350608e-05	5.03552997650691e-07
-21.07355985	3.77241409604291e-05	6.55805003349293e-07
-20.86408668	3.92553070985143e-05	6.41319006072005e-07
-19.89606661	4.36517755139768e-05	7.43535584403352e-07
-18.94343263	5.29663345820824e-05	9.50081431379690e-07
-18.00581762	6.04685865725906e-05	1.11741495448884e-06
-17.08286605	7.11769358742044e-05	1.34631901408197e-06
-16.17424277	8.30212509654411e-05	1.35782615264554e-06
-15.27961062	1.02360739272289e-04	1.82684843226234e-06
-14.52368175	1.14865293992067e-04	2.04342226616226e-06
-14.39865489	1.20329059395795e-04	2.19394074317727e-06
-13.53106141	1.38262042781064e-04	2.35135483080598e-06
-12.67652554	1.64394558481642e-04	2.92803663386255e-06
-11.83476043	2.10543897515147e-04	4.07759928519589e-06
-11.00546781	2.60386159277780e-04	5.03343269326577e-06
-10.18839475	3.28778453060286e-04	6.16688917064968e-06
-9.38326219	4.21371881942188e-04	8.61696356639362e-06
-8.64610540	5.27199039659958e-04	1.10742260439081e-05
-8.58980758	5.17582323273188e-04	8.67175714842932e-06
-7.80778400	7.34532588410127e-04	1.52486744614334e-05
-7.03694095	9.90064440977581e-04	1.94498272456588e-05
-6.49305493	1.19121741532556e-03	2.30207782034261e-05
-6.27704554	1.32893276883103e-03	2.93654288707109e-05
-5.52786363	1.85353223508547e-03	3.97177235673060e-05
-5.21000861	2.10757497980772e-03	4.65331236881463e-05
-4.78916773	2.69966183536334e-03	6.18587620804858e-05
-4.06074417	4.41939471889393e-03	1.05477016990245e-04
-3.95750848	4.52756523409325e-03	1.03868961576179e-04
-3.95750848	4.29631532342362e-03	1.04105918782904e-04
-3.46481885	6.03382945545741e-03	1.40167918705870e-04
-3.34237038	6.37952612449339e-03	1.52219219180976e-04
-3.34237038	6.53267754155745e-03	1.47965285895841e-04
-2.97677724	8.55313003769224e-03	1.90271930474868e-04
-2.73447410	9.85515783697479e-03	2.43271248556094e-04
-2.73447410	9.84611581496080e-03	2.28671736011209e-04
-2.73447410	9.95197415799092e-03	2.40084944740183e-04
-2.63385188	1.12436108239364e-02	2.69350619197455e-04
-2.49331578	1.22372915425582e-02	2.96400137554138e-04
-2.13368772	1.56030359159271e-02	3.29378184197759e-04
-2.01437505	1.80628155956097e-02	4.35387734508493e-04
-1.93498484	1.90408769638675e-02	4.63954611720939e-04
-1.69756101	2.19932476776150e-02	4.63802749044986e-04
-1.53988722	2.47286703897813e-02	5.37578085462708e-04
-1.53988722	2.54842033161976e-02	5.44699799605751e-04
-1.53988722	2.57828855117655e-02	5.46057790965188e-04
-1.53988722	2.53114337647840e-02	5.61983148637699e-04
-1.53988722	2.63278352497098e-02	5.76836627858729e-04
-1.24556872	3.23750914087527e-02	6.59085665168103e-04
-1.06979516	3.67869747493143e-02	6.83479225675125e-04
-0.95295381	3.91458907221511e-02	6.91685482644729e-04
-0.75881196	4.50941830788385e-02	7.61829858641054e-04
-0.68136321	4.75601934260076e-02	7.79382849148110e-04
-0.60404038	4.88990038599616e-02	8.06960814678878e-04
-0.56541770	4.94852801206374e-02	7.76050429711384e-04
-0.37276442	5.37633539591234e-02	8.09885347457668e-04
-0.37276442	5.38843366625776e-02	8.19130428794221e-04
-0.37276442	5.51207086610892e-02	8.35691859534636e-04
-0.14255395	5.82913833597069e-02	8.35245081680320e-04
0.01033850	5.99558210648361e-02	8.11018393773525e-04
0.01033850	5.86427284676273e-02	8.49635441364114e-04
0.10565601	6.04825553628972e-02	8.27134235901182e-04
0.20079424	5.87125470710842e-02	8.73684608795187e-04
0.34316342	5.84714316714850e-02	9.45834419485249e-04
0.76783518	4.54958826597907e-02	9.78000361122889e-04
1.04894613	3.58577678833396e-02	9.76639989030310e-04
1.46764110	2.37106736283124e-02	8.20351216689628e-04
1.51394094	2.06439510612474e-02	6.80117022822984e-04
1.74480666	1.45995402295335e-02	5.37655179058056e-04
2.43094191	6.83648504607197e-03	3.07930091470585e-04
2.97299224	3.75235612221344e-03	1.34081266590228e-04
3.10756722	3.44807616998724e-03	1.18703973653738e-04
3.77487260	2.04673290239234e-03	6.65028347985854e-05
4.43304510	1.39892860112139e-03	3.26366242115177e-05
5.08227919	1.09405080051953e-03	3.02490720018320e-05
5.08227919	1.10681079315012e-03	2.52377914935114e-05
5.65909180	8.79750245555590e-04	2.01843304962212e-05
5.84980588	7.60494679397450e-04	1.67532498632130e-05
6.22893217	6.60186728816896e-04	1.18145922152858e-05
6.79193392	5.60392975979583e-04	1.17308787610208e-05
7.10180315	4.83696500280050e-04	9.34200801844118e-06
7.34821746	4.43359655234034e-04	7.66641059956450e-06
7.89789844	3.91624888415592e-04	6.86896563926699e-06
8.44109755	3.36767166442859e-04	6.04281117022830e-06
8.97792498	2.92774233029842e-04	4.98673694376149e-06
9.50849031	2.57436115345141e-04	4.45812589548378e-06
9.85878189	2.39155438634291e-04	4.00726912606601e-06
10.03290989	2.23276045272721e-04	3.82913555336015e-06
10.55128805	2.01870681699201e-04	3.25276349252241e-06
11.06372497	1.78959192594517e-04	3.05700199348968e-06
11.57032580	1.68850036296093e-04	2.74237827784216e-06
12.07118612	1.44715719427236e-04	2.20845954692374e-06
12.56640121	1.34783750652971e-04	2.11578616049262e-06
13.05607290	1.21065702216632e-04	1.91843801948808e-06
13.54029204	1.09490000771053e-04	1.81828185001584e-06
13.54029204	1.08484179536773e-04	1.66639474306763e-06
14.01914580	1.02110925879062e-04	1.64155210265030e-06
14.49272456	9.50230270670246e-05	1.43699908395217e-06
14.96111665	8.75075203111015e-05	1.25920380557698e-06
15.42440353	7.84780232168955e-05	1.20141806470544e-06
15.88267147	7.59892345694226e-05	1.19297107807344e-06
16.33599838	6.95745656786381e-05	1.00999835237879e-06
16.78446690	6.50826366789441e-05	9.78847689177810e-07
16.93288304	6.42176572983696e-05	9.83426483977729e-07
17.22814217	6.16335215478641e-05	9.09013887243545e-07
17.66712237	5.62352635119309e-05	8.62654040070784e-07
18.10146934	5.33156884463674e-05	7.45121373229597e-07
18.53125908	4.89476191730337e-05	7.16988327114439e-07
18.95655994	4.67560036957960e-05	7.02457876713666e-07
19.37744485	4.39953804588007e-05	6.50928284034346e-07
19.79397930	4.10715909222748e-05	6.22640855587928e-07
20.06928454	3.95337909650911e-05	5.96488904973263e-07
20.20623329	3.97995992368354e-05	6.00263829655204e-07
22.97745700	2.65297687861291e-05	3.78852593725678e-07
25.68143999	1.90186813580757e-05	2.72599908077883e-07
28.20200670	1.36316709856059e-05	1.88293355939417e-07
30.55721600	1.00317786245193e-05	1.44033365260287e-07
32.76280858	7.73217959537160e-06	9.97740598952690e-08
34.83261012	6.08993684533261e-06	8.86375428010450e-08
36.77878460	4.59200300617910e-06	6.14723840992129e-08
38.61208871	3.66654999816731e-06	4.89428713966875e-08
40.34206317	2.93365875501497e-06	4.00444166162621e-08
41.97720595	2.29471459216911e-06	3.06923439922063e-08
43.52510514	1.89021026783821e-06	2.46876030549786e-08
44.99256306	1.50564580821792e-06	2.10196481447866e-08
46.38569014	1.21664607584885e-06	1.69975557238370e-08
47.70999573	1.01801415180495e-06	1.33503097130251e-08
48.97045545	8.38424425620588e-07	1.10693471432364e-08
50.17158228	6.88316370237227e-07	9.11058892002806e-09
51.31746169	5.57785156026925e-07	7.84259949899269e-09
52.41182390	4.77020088680742e-07	6.74299994709703e-09
53.45806576	3.84901104511471e-07	5.27320804020435e-09
54.45929380	3.28303034580657e-07	4.63528462576124e-09
55.41835097	2.70991684803970e-07	3.63890690948109e-09
