1.000000e-01	4.137029e-03
2.000000e-01	9.969866e-03
3.000000e-01	1.625297e-02
4.000000e-01	2.267872e-02
5.000000e-01	2.917625e-02
6.000000e-01	3.573170e-02
7.000000e-01	4.229438e-02
8.000000e-01	4.889005e-02
9.000000e-01	5.546876e-02
1.000000e+00	6.190462e-02
1.100000e+00	6.817624e-02
1.200000e+00	7.422144e-02
1.300000e+00	8.007353e-02
1.400000e+00	8.571567e-02
1.500000e+00	9.108268e-02
1.600000e+00	9.610730e-02
1.700000e+00	1.007836e-01
1.800000e+00	1.051749e-01
1.900000e+00	1.093513e-01
2.000000e+00	1.132164e-01
2.100000e+00	1.168174e-01
2.200000e+00	1.202647e-01
2.300000e+00	1.235180e-01
2.400000e+00	1.266062e-01
2.500000e+00	1.295259e-01
2.600000e+00	1.321827e-01
2.700000e+00	1.346951e-01
2.800000e+00	1.370248e-01
2.900000e+00	1.391623e-01
3.000000e+00	1.411626e-01
3.100000e+00	1.429768e-01
3.200000e+00	1.446142e-01
3.300000e+00	1.460902e-01
3.400000e+00	1.474260e-01
3.500000e+00	1.486553e-01
3.600000e+00	1.497795e-01
3.700000e+00	1.508063e-01
3.800000e+00	1.517518e-01
3.900000e+00	1.526547e-01
4.000000e+00	1.535256e-01
4.100000e+00	1.543254e-01
4.200000e+00	1.549449e-01
4.300000e+00	1.555264e-01
4.400000e+00	1.559750e-01
4.500000e+00	1.563910e-01
4.600000e+00	1.568608e-01
4.700000e+00	1.572718e-01
4.800000e+00	1.576376e-01
4.900000e+00	1.580711e-01
5.000000e+00	1.585866e-01
5.100000e+00	1.590724e-01
5.200000e+00	1.594922e-01
5.300000e+00	1.598332e-01
5.400000e+00	1.602439e-01
5.500000e+00	1.607254e-01
5.600000e+00	1.611735e-01
5.700000e+00	1.615040e-01
5.800000e+00	1.618236e-01
5.900000e+00	1.622240e-01
6.000000e+00	1.626359e-01
6.100000e+00	1.629189e-01
6.200000e+00	1.631690e-01
6.300000e+00	1.632677e-01
6.400000e+00	1.633435e-01
6.500000e+00	1.634258e-01
6.600000e+00	1.635152e-01
6.700000e+00	1.636326e-01
6.800000e+00	1.638785e-01
6.900000e+00	1.640743e-01
7.000000e+00	1.643529e-01
7.100000e+00	1.646176e-01
7.200000e+00	1.649732e-01
7.300000e+00	1.653505e-01
7.400000e+00	1.656939e-01
7.500000e+00	1.659902e-01
7.600000e+00	1.662375e-01
7.700000e+00	1.664709e-01
7.800000e+00	1.667194e-01
7.900000e+00	1.668463e-01
8.000000e+00	1.669825e-01
8.100000e+00	1.672005e-01
8.200000e+00	1.673604e-01
8.300000e+00	1.673643e-01
8.400000e+00	1.673907e-01
8.500000e+00	1.674900e-01
8.600000e+00	1.675498e-01
8.700000e+00	1.676685e-01
8.800000e+00	1.677791e-01
8.900000e+00	1.678775e-01
9.000000e+00	1.679014e-01
9.100000e+00	1.678196e-01
9.200000e+00	1.677100e-01
9.300000e+00	1.676106e-01
9.400000e+00	1.675186e-01
9.500000e+00	1.675509e-01
9.600000e+00	1.676737e-01
9.700000e+00	1.678798e-01
9.800000e+00	1.680538e-01
9.900000e+00	1.682421e-01
1.000000e+01	1.684024e-01
1.010000e+01	1.686610e-01
1.020000e+01	1.688558e-01
1.030000e+01	1.691059e-01
1.040000e+01	1.693138e-01
1.050000e+01	1.694354e-01
1.060000e+01	1.695366e-01
1.070000e+01	1.697278e-01
1.080000e+01	1.696905e-01
1.090000e+01	1.696151e-01
1.100000e+01	1.695041e-01
1.110000e+01	1.695046e-01
1.120000e+01	1.694646e-01
1.130000e+01	1.694133e-01
1.140000e+01	1.693703e-01
1.150000e+01	1.692681e-01
1.160000e+01	1.690920e-01
1.170000e+01	1.689375e-01
1.180000e+01	1.687552e-01
1.190000e+01	1.686583e-01
1.200000e+01	1.686302e-01
1.210000e+01	1.685811e-01
1.220000e+01	1.686394e-01
1.230000e+01	1.686951e-01
1.240000e+01	1.686894e-01
1.250000e+01	1.685411e-01
1.260000e+01	1.683370e-01
1.270000e+01	1.681846e-01
1.280000e+01	1.681478e-01
1.290000e+01	1.680272e-01
1.300000e+01	1.678674e-01
1.310000e+01	1.677593e-01
1.320000e+01	1.676436e-01
1.330000e+01	1.676181e-01
1.340000e+01	1.676500e-01
1.350000e+01	1.675914e-01
1.360000e+01	1.674104e-01
1.370000e+01	1.672772e-01
1.380000e+01	1.671912e-01
1.390000e+01	1.670982e-01
1.400000e+01	1.669864e-01
1.410000e+01	1.667637e-01
1.420000e+01	1.665686e-01
1.430000e+01	1.663463e-01
1.440000e+01	1.660584e-01
1.450000e+01	1.658823e-01
1.460000e+01	1.657323e-01
1.470000e+01	1.655907e-01
1.480000e+01	1.656328e-01
1.490000e+01	1.656282e-01
1.500000e+01	1.656427e-01
1.510000e+01	1.656737e-01
1.520000e+01	1.656468e-01
1.530000e+01	1.655199e-01
1.540000e+01	1.653327e-01
1.550000e+01	1.652583e-01
1.560000e+01	1.652249e-01
1.570000e+01	1.652534e-01
1.580000e+01	1.654918e-01
1.590000e+01	1.656263e-01
1.600000e+01	1.657867e-01
1.610000e+01	1.658508e-01
1.620000e+01	1.657942e-01
1.630000e+01	1.657013e-01
1.640000e+01	1.656360e-01
1.650000e+01	1.656581e-01
1.660000e+01	1.655468e-01
1.670000e+01	1.654852e-01
1.680000e+01	1.653305e-01
1.690000e+01	1.651765e-01
1.700000e+01	1.652424e-01
1.710000e+01	1.653456e-01
1.720000e+01	1.655266e-01
1.730000e+01	1.656019e-01
1.740000e+01	1.656791e-01
1.750000e+01	1.656458e-01
1.760000e+01	1.655117e-01
1.770000e+01	1.653597e-01
1.780000e+01	1.652645e-01
1.790000e+01	1.652698e-01
1.800000e+01	1.653635e-01
1.810000e+01	1.654553e-01
1.820000e+01	1.655375e-01
1.830000e+01	1.655594e-01
1.840000e+01	1.656362e-01
1.850000e+01	1.655374e-01
1.860000e+01	1.654784e-01
1.870000e+01	1.652871e-01
1.880000e+01	1.651151e-01
1.890000e+01	1.649062e-01
1.900000e+01	1.648260e-01
1.910000e+01	1.647667e-01
1.920000e+01	1.644631e-01
1.930000e+01	1.644310e-01
1.940000e+01	1.643758e-01
1.950000e+01	1.644058e-01
1.960000e+01	1.644497e-01
1.970000e+01	1.644608e-01
1.980000e+01	1.642465e-01
1.990000e+01	1.639661e-01
2.000000e+01	1.636599e-01
2.010000e+01	1.633902e-01
2.020000e+01	1.630465e-01
2.030000e+01	1.628464e-01
2.040000e+01	1.627459e-01
2.050000e+01	1.626704e-01
2.060000e+01	1.626404e-01
2.070000e+01	1.627209e-01
2.080000e+01	1.629488e-01
2.090000e+01	1.630507e-01
2.100000e+01	1.630761e-01
2.110000e+01	1.628849e-01
2.120000e+01	1.628945e-01
2.130000e+01	1.628281e-01
2.140000e+01	1.628222e-01
2.150000e+01	1.628359e-01
2.160000e+01	1.630188e-01
2.170000e+01	1.632702e-01
2.180000e+01	1.636102e-01
2.190000e+01	1.637557e-01
2.200000e+01	1.638976e-01
2.210000e+01	1.638454e-01
2.220000e+01	1.638275e-01
2.230000e+01	1.639935e-01
2.240000e+01	1.639346e-01
2.250000e+01	1.637246e-01
2.260000e+01	1.632840e-01
2.270000e+01	1.629426e-01
2.280000e+01	1.626334e-01
2.290000e+01	1.623003e-01
2.300000e+01	1.619155e-01
2.310000e+01	1.615666e-01
2.320000e+01	1.614003e-01
2.330000e+01	1.615153e-01
2.340000e+01	1.617663e-01
2.350000e+01	1.619672e-01
2.360000e+01	1.620716e-01
2.370000e+01	1.621269e-01
2.380000e+01	1.620937e-01
2.390000e+01	1.619381e-01
2.400000e+01	1.620025e-01
2.410000e+01	1.620611e-01
2.420000e+01	1.621320e-01
2.430000e+01	1.620620e-01
2.440000e+01	1.620198e-01
2.450000e+01	1.619557e-01
2.460000e+01	1.620037e-01
2.470000e+01	1.619542e-01
2.480000e+01	1.619435e-01
2.490000e+01	1.617745e-01
2.500000e+01	1.616946e-01
2.510000e+01	1.618460e-01
2.520000e+01	1.618301e-01
2.530000e+01	1.619264e-01
2.540000e+01	1.620995e-01
2.550000e+01	1.624614e-01
2.560000e+01	1.628206e-01
2.570000e+01	1.628947e-01
2.580000e+01	1.632007e-01
2.590000e+01	1.637294e-01
2.600000e+01	1.639248e-01
2.610000e+01	1.642651e-01
2.620000e+01	1.645525e-01
2.630000e+01	1.649036e-01
2.640000e+01	1.651981e-01
2.650000e+01	1.653282e-01
2.660000e+01	1.653668e-01
2.670000e+01	1.652705e-01
2.680000e+01	1.651225e-01
2.690000e+01	1.650618e-01
2.700000e+01	1.649571e-01
2.710000e+01	1.649903e-01
2.720000e+01	1.651894e-01
2.730000e+01	1.651012e-01
2.740000e+01	1.648239e-01
2.750000e+01	1.649117e-01
2.760000e+01	1.654242e-01
2.770000e+01	1.660358e-01
2.780000e+01	1.668724e-01
2.790000e+01	1.674114e-01
2.800000e+01	1.677081e-01
2.810000e+01	1.677920e-01
2.820000e+01	1.675548e-01
2.830000e+01	1.675449e-01
2.840000e+01	1.677082e-01
2.850000e+01	1.682355e-01
2.860000e+01	1.686173e-01
2.870000e+01	1.691370e-01
2.880000e+01	1.692963e-01
2.890000e+01	1.695378e-01
2.900000e+01	1.692364e-01
2.910000e+01	1.685125e-01
2.920000e+01	1.680424e-01
2.930000e+01	1.683243e-01
2.940000e+01	1.695104e-01
2.950000e+01	1.697344e-01
2.960000e+01	1.700747e-01
2.970000e+01	1.700173e-01
2.980000e+01	1.664931e-01
