#header: N=2	 eta=0.240000	TIME_MAX=30	TERM_TIME=20000	TEMP=0.628183
1.000000e-01	3.641680e-03
2.000000e-01	8.422379e-03
3.000000e-01	1.350885e-02
4.000000e-01	1.873369e-02
5.000000e-01	2.404960e-02
6.000000e-01	2.945025e-02
7.000000e-01	3.491719e-02
8.000000e-01	4.043377e-02
9.000000e-01	4.593659e-02
1.000000e+00	5.137105e-02
1.100000e+00	5.670150e-02
1.200000e+00	6.189031e-02
1.300000e+00	6.695897e-02
1.400000e+00	7.189498e-02
1.500000e+00	7.671935e-02
1.600000e+00	8.131101e-02
1.700000e+00	8.572905e-02
1.800000e+00	8.998119e-02
1.900000e+00	9.406543e-02
2.000000e+00	9.798353e-02
2.100000e+00	1.017595e-01
2.200000e+00	1.053143e-01
2.300000e+00	1.086783e-01
2.400000e+00	1.118922e-01
2.500000e+00	1.149366e-01
2.600000e+00	1.177699e-01
2.700000e+00	1.203723e-01
2.800000e+00	1.228410e-01
2.900000e+00	1.252473e-01
3.000000e+00	1.274460e-01
3.100000e+00	1.295115e-01
3.200000e+00	1.314349e-01
3.300000e+00	1.332795e-01
3.400000e+00	1.350558e-01
3.500000e+00	1.367968e-01
3.600000e+00	1.385330e-01
3.700000e+00	1.400935e-01
3.800000e+00	1.415496e-01
3.900000e+00	1.430032e-01
4.000000e+00	1.443691e-01
4.100000e+00	1.456379e-01
4.200000e+00	1.467676e-01
4.300000e+00	1.477661e-01
4.400000e+00	1.487634e-01
4.500000e+00	1.496429e-01
4.600000e+00	1.504341e-01
4.700000e+00	1.511934e-01
4.800000e+00	1.519244e-01
4.900000e+00	1.526066e-01
5.000000e+00	1.532730e-01
5.100000e+00	1.540456e-01
5.200000e+00	1.547972e-01
5.300000e+00	1.555630e-01
5.400000e+00	1.562930e-01
5.500000e+00	1.569153e-01
5.600000e+00	1.574058e-01
5.700000e+00	1.578683e-01
5.800000e+00	1.582891e-01
5.900000e+00	1.587405e-01
6.000000e+00	1.591652e-01
6.100000e+00	1.594081e-01
6.200000e+00	1.595784e-01
6.300000e+00	1.597319e-01
6.400000e+00	1.598967e-01
6.500000e+00	1.601350e-01
6.600000e+00	1.603373e-01
6.700000e+00	1.604826e-01
6.800000e+00	1.606735e-01
6.900000e+00	1.608546e-01
7.000000e+00	1.609709e-01
7.100000e+00	1.611436e-01
7.200000e+00	1.613308e-01
7.300000e+00	1.615123e-01
7.400000e+00	1.616215e-01
7.500000e+00	1.617369e-01
7.600000e+00	1.617955e-01
7.700000e+00	1.619510e-01
7.800000e+00	1.620582e-01
7.900000e+00	1.621224e-01
8.000000e+00	1.622490e-01
8.100000e+00	1.623794e-01
8.200000e+00	1.624644e-01
8.300000e+00	1.626323e-01
8.400000e+00	1.628603e-01
8.500000e+00	1.630846e-01
8.600000e+00	1.633484e-01
8.700000e+00	1.635437e-01
8.800000e+00	1.636961e-01
8.900000e+00	1.638915e-01
9.000000e+00	1.640389e-01
9.100000e+00	1.642134e-01
9.200000e+00	1.644591e-01
9.300000e+00	1.646227e-01
9.400000e+00	1.648649e-01
9.500000e+00	1.650658e-01
9.600000e+00	1.652655e-01
9.700000e+00	1.654203e-01
9.800000e+00	1.655481e-01
9.900000e+00	1.656893e-01
1.000000e+01	1.657766e-01
1.010000e+01	1.658217e-01
1.020000e+01	1.658682e-01
1.030000e+01	1.659455e-01
1.040000e+01	1.660088e-01
1.050000e+01	1.660443e-01
1.060000e+01	1.659744e-01
1.070000e+01	1.659665e-01
1.080000e+01	1.660419e-01
1.090000e+01	1.659509e-01
1.100000e+01	1.659017e-01
1.110000e+01	1.658614e-01
1.120000e+01	1.657946e-01
1.130000e+01	1.658415e-01
1.140000e+01	1.658847e-01
1.150000e+01	1.658185e-01
1.160000e+01	1.656880e-01
1.170000e+01	1.654928e-01
1.180000e+01	1.653211e-01
1.190000e+01	1.651732e-01
1.200000e+01	1.650822e-01
1.210000e+01	1.650403e-01
1.220000e+01	1.650569e-01
1.230000e+01	1.650182e-01
1.240000e+01	1.649426e-01
1.250000e+01	1.648137e-01
1.260000e+01	1.646944e-01
1.270000e+01	1.646836e-01
1.280000e+01	1.646607e-01
1.290000e+01	1.646848e-01
1.300000e+01	1.648140e-01
1.310000e+01	1.649583e-01
1.320000e+01	1.650954e-01
1.330000e+01	1.651889e-01
1.340000e+01	1.652291e-01
1.350000e+01	1.652860e-01
1.360000e+01	1.653316e-01
1.370000e+01	1.653936e-01
1.380000e+01	1.654513e-01
1.390000e+01	1.654158e-01
1.400000e+01	1.654088e-01
1.410000e+01	1.654477e-01
1.420000e+01	1.654569e-01
1.430000e+01	1.654238e-01
1.440000e+01	1.654835e-01
1.450000e+01	1.654779e-01
1.460000e+01	1.654341e-01
1.470000e+01	1.653405e-01
1.480000e+01	1.652720e-01
1.490000e+01	1.651474e-01
1.500000e+01	1.651560e-01
1.510000e+01	1.651331e-01
1.520000e+01	1.651062e-01
1.530000e+01	1.650556e-01
1.540000e+01	1.649679e-01
1.550000e+01	1.648351e-01
1.560000e+01	1.647006e-01
1.570000e+01	1.644567e-01
1.580000e+01	1.643360e-01
1.590000e+01	1.642306e-01
1.600000e+01	1.640942e-01
1.610000e+01	1.640266e-01
1.620000e+01	1.640574e-01
1.630000e+01	1.640992e-01
1.640000e+01	1.640595e-01
1.650000e+01	1.639423e-01
1.660000e+01	1.638415e-01
1.670000e+01	1.638319e-01
1.680000e+01	1.638306e-01
1.690000e+01	1.637672e-01
1.700000e+01	1.636838e-01
1.710000e+01	1.637178e-01
1.720000e+01	1.638150e-01
1.730000e+01	1.638464e-01
1.740000e+01	1.639049e-01
1.750000e+01	1.638770e-01
1.760000e+01	1.638602e-01
1.770000e+01	1.638140e-01
1.780000e+01	1.638533e-01
1.790000e+01	1.637978e-01
1.800000e+01	1.638040e-01
1.810000e+01	1.636777e-01
1.820000e+01	1.635721e-01
1.830000e+01	1.633938e-01
1.840000e+01	1.633109e-01
1.850000e+01	1.632633e-01
1.860000e+01	1.633039e-01
1.870000e+01	1.634419e-01
1.880000e+01	1.635657e-01
1.890000e+01	1.636952e-01
1.900000e+01	1.636411e-01
1.910000e+01	1.637681e-01
1.920000e+01	1.637821e-01
1.930000e+01	1.637030e-01
1.940000e+01	1.636163e-01
1.950000e+01	1.635690e-01
1.960000e+01	1.635208e-01
1.970000e+01	1.635417e-01
1.980000e+01	1.636137e-01
1.990000e+01	1.635193e-01
2.000000e+01	1.633693e-01
2.010000e+01	1.632887e-01
2.020000e+01	1.631745e-01
2.030000e+01	1.632734e-01
2.040000e+01	1.632016e-01
2.050000e+01	1.630561e-01
2.060000e+01	1.629719e-01
2.070000e+01	1.629214e-01
2.080000e+01	1.629920e-01
2.090000e+01	1.630493e-01
2.100000e+01	1.631539e-01
2.110000e+01	1.632384e-01
2.120000e+01	1.633834e-01
2.130000e+01	1.634908e-01
2.140000e+01	1.635613e-01
2.150000e+01	1.635396e-01
2.160000e+01	1.635290e-01
2.170000e+01	1.636688e-01
2.180000e+01	1.638607e-01
2.190000e+01	1.639228e-01
2.200000e+01	1.637655e-01
2.210000e+01	1.635466e-01
2.220000e+01	1.633521e-01
2.230000e+01	1.630207e-01
2.240000e+01	1.627484e-01
2.250000e+01	1.625614e-01
2.260000e+01	1.624865e-01
2.270000e+01	1.624134e-01
2.280000e+01	1.625728e-01
2.290000e+01	1.627693e-01
2.300000e+01	1.629162e-01
2.310000e+01	1.628763e-01
2.320000e+01	1.630715e-01
2.330000e+01	1.632727e-01
2.340000e+01	1.635209e-01
2.350000e+01	1.634858e-01
2.360000e+01	1.635283e-01
2.370000e+01	1.634897e-01
2.380000e+01	1.634249e-01
2.390000e+01	1.631714e-01
2.400000e+01	1.628435e-01
2.410000e+01	1.627419e-01
2.420000e+01	1.627543e-01
2.430000e+01	1.627114e-01
2.440000e+01	1.626470e-01
2.450000e+01	1.624857e-01
2.460000e+01	1.622419e-01
2.470000e+01	1.619877e-01
2.480000e+01	1.619472e-01
2.490000e+01	1.618470e-01
2.500000e+01	1.614752e-01
2.510000e+01	1.611279e-01
2.520000e+01	1.608951e-01
2.530000e+01	1.607308e-01
2.540000e+01	1.609432e-01
2.550000e+01	1.610562e-01
2.560000e+01	1.613127e-01
2.570000e+01	1.615144e-01
2.580000e+01	1.615920e-01
2.590000e+01	1.615769e-01
2.600000e+01	1.615867e-01
2.610000e+01	1.615702e-01
2.620000e+01	1.616775e-01
2.630000e+01	1.619344e-01
2.640000e+01	1.624293e-01
2.650000e+01	1.628798e-01
2.660000e+01	1.633969e-01
2.670000e+01	1.638280e-01
2.680000e+01	1.644796e-01
2.690000e+01	1.647333e-01
2.700000e+01	1.647580e-01
2.710000e+01	1.644771e-01
2.720000e+01	1.641306e-01
2.730000e+01	1.634210e-01
2.740000e+01	1.628534e-01
2.750000e+01	1.624066e-01
2.760000e+01	1.618692e-01
2.770000e+01	1.613022e-01
2.780000e+01	1.608931e-01
2.790000e+01	1.606101e-01
2.800000e+01	1.602194e-01
2.810000e+01	1.594983e-01
2.820000e+01	1.590336e-01
2.830000e+01	1.590673e-01
2.840000e+01	1.589916e-01
2.850000e+01	1.594182e-01
2.860000e+01	1.596026e-01
2.870000e+01	1.597424e-01
2.880000e+01	1.591665e-01
2.890000e+01	1.582864e-01
2.900000e+01	1.576310e-01
2.910000e+01	1.576301e-01
2.920000e+01	1.584041e-01
2.930000e+01	1.587918e-01
2.940000e+01	1.595684e-01
2.950000e+01	1.598102e-01
2.960000e+01	1.613133e-01
2.970000e+01	1.630499e-01
2.980000e+01	1.647709e-01
