1.000000e-01	3.069218e-03
2.000000e-01	6.657863e-03
3.000000e-01	1.049225e-02
4.000000e-01	1.449371e-02
5.000000e-01	1.861343e-02
6.000000e-01	2.285911e-02
7.000000e-01	2.722151e-02
8.000000e-01	3.165365e-02
9.000000e-01	3.610781e-02
1.000000e+00	4.057284e-02
1.100000e+00	4.501967e-02
1.200000e+00	4.945637e-02
1.300000e+00	5.385210e-02
1.400000e+00	5.819148e-02
1.500000e+00	6.247491e-02
1.600000e+00	6.667437e-02
1.700000e+00	7.077110e-02
1.800000e+00	7.472480e-02
1.900000e+00	7.852699e-02
2.000000e+00	8.220040e-02
2.100000e+00	8.569654e-02
2.200000e+00	8.905509e-02
2.300000e+00	9.230587e-02
2.400000e+00	9.540711e-02
2.500000e+00	9.838171e-02
2.600000e+00	1.012555e-01
2.700000e+00	1.039836e-01
2.800000e+00	1.065870e-01
2.900000e+00	1.091242e-01
3.000000e+00	1.115753e-01
3.100000e+00	1.138397e-01
3.200000e+00	1.160364e-01
3.300000e+00	1.181311e-01
3.400000e+00	1.201346e-01
3.500000e+00	1.219912e-01
3.600000e+00	1.237547e-01
3.700000e+00	1.255136e-01
3.800000e+00	1.272157e-01
3.900000e+00	1.289121e-01
4.000000e+00	1.305114e-01
4.100000e+00	1.320890e-01
4.200000e+00	1.336207e-01
4.300000e+00	1.351631e-01
4.400000e+00	1.365999e-01
4.500000e+00	1.379785e-01
4.600000e+00	1.393722e-01
4.700000e+00	1.406983e-01
4.800000e+00	1.419514e-01
4.900000e+00	1.430834e-01
5.000000e+00	1.441286e-01
5.100000e+00	1.451544e-01
5.200000e+00	1.461138e-01
5.300000e+00	1.469630e-01
5.400000e+00	1.478545e-01
5.500000e+00	1.487364e-01
5.600000e+00	1.496227e-01
5.700000e+00	1.504375e-01
5.800000e+00	1.512146e-01
5.900000e+00	1.518932e-01
6.000000e+00	1.525666e-01
6.100000e+00	1.531805e-01
6.200000e+00	1.537756e-01
6.300000e+00	1.544225e-01
6.400000e+00	1.550961e-01
6.500000e+00	1.557039e-01
6.600000e+00	1.562181e-01
6.700000e+00	1.565782e-01
6.800000e+00	1.569370e-01
6.900000e+00	1.574022e-01
7.000000e+00	1.578532e-01
7.100000e+00	1.582801e-01
7.200000e+00	1.586438e-01
7.300000e+00	1.591021e-01
7.400000e+00	1.595031e-01
7.500000e+00	1.599283e-01
7.600000e+00	1.602337e-01
7.700000e+00	1.605339e-01
7.800000e+00	1.607500e-01
7.900000e+00	1.609437e-01
8.000000e+00	1.611236e-01
8.100000e+00	1.612860e-01
8.200000e+00	1.614301e-01
8.300000e+00	1.615694e-01
8.400000e+00	1.616689e-01
8.500000e+00	1.618365e-01
8.600000e+00	1.619920e-01
8.700000e+00	1.620655e-01
8.800000e+00	1.621335e-01
8.900000e+00	1.622178e-01
9.000000e+00	1.622554e-01
9.100000e+00	1.622841e-01
9.200000e+00	1.623090e-01
9.300000e+00	1.623500e-01
9.400000e+00	1.622451e-01
9.500000e+00	1.621893e-01
9.600000e+00	1.621628e-01
9.700000e+00	1.621833e-01
9.800000e+00	1.622416e-01
9.900000e+00	1.623029e-01
1.000000e+01	1.623805e-01
1.010000e+01	1.624396e-01
1.020000e+01	1.624847e-01
1.030000e+01	1.625635e-01
1.040000e+01	1.626486e-01
1.050000e+01	1.625842e-01
1.060000e+01	1.625242e-01
1.070000e+01	1.623431e-01
1.080000e+01	1.621767e-01
1.090000e+01	1.620545e-01
1.100000e+01	1.618982e-01
1.110000e+01	1.617518e-01
1.120000e+01	1.616263e-01
1.130000e+01	1.614776e-01
1.140000e+01	1.614337e-01
1.150000e+01	1.614398e-01
1.160000e+01	1.613924e-01
1.170000e+01	1.613530e-01
1.180000e+01	1.612790e-01
1.190000e+01	1.612531e-01
1.200000e+01	1.613156e-01
1.210000e+01	1.612879e-01
1.220000e+01	1.613028e-01
1.230000e+01	1.613625e-01
1.240000e+01	1.614144e-01
1.250000e+01	1.613160e-01
1.260000e+01	1.611638e-01
1.270000e+01	1.610897e-01
1.280000e+01	1.610164e-01
1.290000e+01	1.609699e-01
1.300000e+01	1.608647e-01
1.310000e+01	1.608403e-01
1.320000e+01	1.608689e-01
1.330000e+01	1.609288e-01
1.340000e+01	1.610557e-01
1.350000e+01	1.610618e-01
1.360000e+01	1.611109e-01
1.370000e+01	1.610748e-01
1.380000e+01	1.610172e-01
1.390000e+01	1.610662e-01
1.400000e+01	1.611928e-01
1.410000e+01	1.613786e-01
1.420000e+01	1.614672e-01
1.430000e+01	1.615834e-01
1.440000e+01	1.616363e-01
1.450000e+01	1.615637e-01
1.460000e+01	1.616105e-01
1.470000e+01	1.618125e-01
1.480000e+01	1.620083e-01
1.490000e+01	1.621324e-01
1.500000e+01	1.622333e-01
1.510000e+01	1.623223e-01
1.520000e+01	1.623811e-01
1.530000e+01	1.624034e-01
1.540000e+01	1.624791e-01
1.550000e+01	1.626462e-01
1.560000e+01	1.628453e-01
1.570000e+01	1.630534e-01
1.580000e+01	1.632309e-01
1.590000e+01	1.634454e-01
1.600000e+01	1.635925e-01
1.610000e+01	1.636544e-01
1.620000e+01	1.636492e-01
1.630000e+01	1.638341e-01
1.640000e+01	1.640804e-01
1.650000e+01	1.642466e-01
1.660000e+01	1.644694e-01
1.670000e+01	1.646659e-01
1.680000e+01	1.647189e-01
1.690000e+01	1.648061e-01
1.700000e+01	1.649758e-01
1.710000e+01	1.651179e-01
1.720000e+01	1.652824e-01
1.730000e+01	1.654656e-01
1.740000e+01	1.655622e-01
1.750000e+01	1.657451e-01
1.760000e+01	1.657692e-01
1.770000e+01	1.657980e-01
1.780000e+01	1.659328e-01
1.790000e+01	1.661364e-01
1.800000e+01	1.662581e-01
1.810000e+01	1.664137e-01
1.820000e+01	1.664902e-01
1.830000e+01	1.665993e-01
1.840000e+01	1.667078e-01
1.850000e+01	1.668496e-01
1.860000e+01	1.669358e-01
1.870000e+01	1.670255e-01
1.880000e+01	1.671955e-01
1.890000e+01	1.672178e-01
1.900000e+01	1.673000e-01
1.910000e+01	1.673020e-01
1.920000e+01	1.673684e-01
1.930000e+01	1.673700e-01
1.940000e+01	1.674353e-01
1.950000e+01	1.675850e-01
1.960000e+01	1.678115e-01
1.970000e+01	1.680082e-01
1.980000e+01	1.682660e-01
1.990000e+01	1.683697e-01
2.000000e+01	1.685880e-01
2.010000e+01	1.687436e-01
2.020000e+01	1.687691e-01
2.030000e+01	1.688347e-01
2.040000e+01	1.688850e-01
2.050000e+01	1.688801e-01
2.060000e+01	1.687770e-01
2.070000e+01	1.686898e-01
2.080000e+01	1.684359e-01
2.090000e+01	1.683858e-01
2.100000e+01	1.683261e-01
2.110000e+01	1.681838e-01
2.120000e+01	1.681236e-01
2.130000e+01	1.681228e-01
2.140000e+01	1.681455e-01
2.150000e+01	1.681431e-01
2.160000e+01	1.680327e-01
2.170000e+01	1.679552e-01
2.180000e+01	1.679654e-01
2.190000e+01	1.680246e-01
2.200000e+01	1.682818e-01
2.210000e+01	1.682765e-01
2.220000e+01	1.682156e-01
2.230000e+01	1.680923e-01
2.240000e+01	1.678548e-01
2.250000e+01	1.676707e-01
2.260000e+01	1.674930e-01
2.270000e+01	1.674462e-01
2.280000e+01	1.675656e-01
2.290000e+01	1.675952e-01
2.300000e+01	1.678562e-01
2.310000e+01	1.679602e-01
2.320000e+01	1.680212e-01
2.330000e+01	1.679980e-01
2.340000e+01	1.678852e-01
2.350000e+01	1.678431e-01
2.360000e+01	1.677960e-01
2.370000e+01	1.677383e-01
2.380000e+01	1.673797e-01
2.390000e+01	1.671436e-01
2.400000e+01	1.670125e-01
2.410000e+01	1.667985e-01
2.420000e+01	1.667660e-01
2.430000e+01	1.669126e-01
2.440000e+01	1.671339e-01
2.450000e+01	1.672364e-01
2.460000e+01	1.673651e-01
2.470000e+01	1.673992e-01
2.480000e+01	1.671354e-01
2.490000e+01	1.667952e-01
2.500000e+01	1.666028e-01
2.510000e+01	1.664781e-01
2.520000e+01	1.663426e-01
2.530000e+01	1.659381e-01
2.540000e+01	1.656647e-01
2.550000e+01	1.655486e-01
2.560000e+01	1.655707e-01
2.570000e+01	1.656684e-01
2.580000e+01	1.656562e-01
2.590000e+01	1.657002e-01
2.600000e+01	1.660134e-01
2.610000e+01	1.660483e-01
2.620000e+01	1.660029e-01
2.630000e+01	1.661236e-01
2.640000e+01	1.661446e-01
2.650000e+01	1.661797e-01
2.660000e+01	1.665875e-01
2.670000e+01	1.669996e-01
2.680000e+01	1.673143e-01
2.690000e+01	1.676514e-01
2.700000e+01	1.678217e-01
2.710000e+01	1.681313e-01
2.720000e+01	1.683880e-01
2.730000e+01	1.683842e-01
2.740000e+01	1.681101e-01
2.750000e+01	1.678043e-01
2.760000e+01	1.678364e-01
2.770000e+01	1.678111e-01
2.780000e+01	1.677617e-01
2.790000e+01	1.680279e-01
2.800000e+01	1.683789e-01
2.810000e+01	1.690295e-01
2.820000e+01	1.699404e-01
2.830000e+01	1.706153e-01
2.840000e+01	1.712118e-01
2.850000e+01	1.718456e-01
2.860000e+01	1.723872e-01
2.870000e+01	1.726019e-01
2.880000e+01	1.728133e-01
2.890000e+01	1.731381e-01
2.900000e+01	1.730248e-01
2.910000e+01	1.728031e-01
2.920000e+01	1.723661e-01
2.930000e+01	1.716090e-01
2.940000e+01	1.703560e-01
2.950000e+01	1.687882e-01
2.960000e+01	1.685134e-01
2.970000e+01	1.688027e-01
2.980000e+01	1.678456e-01
