1.000000e-01	2.358285e-03
2.000000e-01	4.710847e-03
3.000000e-01	7.217271e-03
4.000000e-01	9.865112e-03
5.000000e-01	1.262990e-02
6.000000e-01	1.543614e-02
7.000000e-01	1.829069e-02
8.000000e-01	2.117659e-02
9.000000e-01	2.410538e-02
1.000000e+00	2.704715e-02
1.100000e+00	2.998265e-02
1.200000e+00	3.295257e-02
1.300000e+00	3.591102e-02
1.400000e+00	3.885100e-02
1.500000e+00	4.179974e-02
1.600000e+00	4.475410e-02
1.700000e+00	4.768399e-02
1.800000e+00	5.058743e-02
1.900000e+00	5.346904e-02
2.000000e+00	5.630718e-02
2.100000e+00	5.908606e-02
2.200000e+00	6.186070e-02
2.300000e+00	6.460887e-02
2.400000e+00	6.731108e-02
2.500000e+00	6.995420e-02
2.600000e+00	7.259116e-02
2.700000e+00	7.520870e-02
2.800000e+00	7.773233e-02
2.900000e+00	8.019711e-02
3.000000e+00	8.261506e-02
3.100000e+00	8.498565e-02
3.200000e+00	8.730686e-02
3.300000e+00	8.957776e-02
3.400000e+00	9.174290e-02
3.500000e+00	9.386609e-02
3.600000e+00	9.590887e-02
3.700000e+00	9.788621e-02
3.800000e+00	9.980510e-02
3.900000e+00	1.016912e-01
4.000000e+00	1.035349e-01
4.100000e+00	1.053006e-01
4.200000e+00	1.070259e-01
4.300000e+00	1.087151e-01
4.400000e+00	1.103850e-01
4.500000e+00	1.120135e-01
4.600000e+00	1.135427e-01
4.700000e+00	1.150071e-01
4.800000e+00	1.164462e-01
4.900000e+00	1.178124e-01
5.000000e+00	1.191406e-01
5.100000e+00	1.204516e-01
5.200000e+00	1.216902e-01
5.300000e+00	1.228745e-01
5.400000e+00	1.240367e-01
5.500000e+00	1.251882e-01
5.600000e+00	1.263484e-01
5.700000e+00	1.274954e-01
5.800000e+00	1.286155e-01
5.900000e+00	1.297012e-01
6.000000e+00	1.307564e-01
6.100000e+00	1.318429e-01
6.200000e+00	1.328925e-01
6.300000e+00	1.339402e-01
6.400000e+00	1.349405e-01
6.500000e+00	1.358806e-01
6.600000e+00	1.368603e-01
6.700000e+00	1.377506e-01
6.800000e+00	1.386412e-01
6.900000e+00	1.395432e-01
7.000000e+00	1.403655e-01
7.100000e+00	1.410899e-01
7.200000e+00	1.418704e-01
7.300000e+00	1.425745e-01
7.400000e+00	1.433235e-01
7.500000e+00	1.439752e-01
7.600000e+00	1.446400e-01
7.700000e+00	1.453170e-01
7.800000e+00	1.459070e-01
7.900000e+00	1.464869e-01
8.000000e+00	1.470147e-01
8.100000e+00	1.475046e-01
8.200000e+00	1.480049e-01
8.300000e+00	1.485549e-01
8.400000e+00	1.490199e-01
8.500000e+00	1.494485e-01
8.600000e+00	1.499058e-01
8.700000e+00	1.503946e-01
8.800000e+00	1.507550e-01
8.900000e+00	1.511053e-01
9.000000e+00	1.514880e-01
9.100000e+00	1.518377e-01
9.200000e+00	1.520921e-01
9.300000e+00	1.524052e-01
9.400000e+00	1.527017e-01
9.500000e+00	1.530652e-01
9.600000e+00	1.535087e-01
9.700000e+00	1.539019e-01
9.800000e+00	1.542920e-01
9.900000e+00	1.546181e-01
1.000000e+01	1.549606e-01
1.010000e+01	1.552602e-01
1.020000e+01	1.555726e-01
1.030000e+01	1.558452e-01
1.040000e+01	1.561347e-01
1.050000e+01	1.564313e-01
1.060000e+01	1.567072e-01
1.070000e+01	1.569518e-01
1.080000e+01	1.572629e-01
1.090000e+01	1.576324e-01
1.100000e+01	1.579487e-01
1.110000e+01	1.583420e-01
1.120000e+01	1.587682e-01
1.130000e+01	1.591826e-01
1.140000e+01	1.595281e-01
1.150000e+01	1.599059e-01
1.160000e+01	1.603058e-01
1.170000e+01	1.606834e-01
1.180000e+01	1.609826e-01
1.190000e+01	1.612610e-01
1.200000e+01	1.614580e-01
1.210000e+01	1.617271e-01
1.220000e+01	1.620088e-01
1.230000e+01	1.622551e-01
1.240000e+01	1.624690e-01
1.250000e+01	1.626709e-01
1.260000e+01	1.628727e-01
1.270000e+01	1.629935e-01
1.280000e+01	1.630902e-01
1.290000e+01	1.631505e-01
1.300000e+01	1.632201e-01
1.310000e+01	1.632420e-01
1.320000e+01	1.632974e-01
1.330000e+01	1.633911e-01
1.340000e+01	1.635249e-01
1.350000e+01	1.635781e-01
1.360000e+01	1.636408e-01
1.370000e+01	1.636784e-01
1.380000e+01	1.637381e-01
1.390000e+01	1.638132e-01
1.400000e+01	1.639393e-01
1.410000e+01	1.641437e-01
1.420000e+01	1.643129e-01
1.430000e+01	1.645347e-01
1.440000e+01	1.647567e-01
1.450000e+01	1.649510e-01
1.460000e+01	1.650990e-01
1.470000e+01	1.652699e-01
1.480000e+01	1.654436e-01
1.490000e+01	1.656491e-01
1.500000e+01	1.657918e-01
1.510000e+01	1.659260e-01
1.520000e+01	1.659903e-01
1.530000e+01	1.660617e-01
1.540000e+01	1.661693e-01
1.550000e+01	1.662733e-01
1.560000e+01	1.663251e-01
1.570000e+01	1.663167e-01
1.580000e+01	1.663672e-01
1.590000e+01	1.663765e-01
1.600000e+01	1.663656e-01
1.610000e+01	1.664207e-01
1.620000e+01	1.664066e-01
1.630000e+01	1.663142e-01
1.640000e+01	1.662087e-01
1.650000e+01	1.661427e-01
1.660000e+01	1.661277e-01
1.670000e+01	1.660445e-01
1.680000e+01	1.659393e-01
1.690000e+01	1.658455e-01
1.700000e+01	1.657405e-01
1.710000e+01	1.657122e-01
1.720000e+01	1.656141e-01
1.730000e+01	1.655140e-01
1.740000e+01	1.653738e-01
1.750000e+01	1.652981e-01
1.760000e+01	1.652389e-01
1.770000e+01	1.651637e-01
1.780000e+01	1.650149e-01
1.790000e+01	1.649209e-01
1.800000e+01	1.648759e-01
1.810000e+01	1.648799e-01
1.820000e+01	1.649881e-01
1.830000e+01	1.649933e-01
1.840000e+01	1.650887e-01
1.850000e+01	1.650922e-01
1.860000e+01	1.651936e-01
1.870000e+01	1.652681e-01
1.880000e+01	1.652298e-01
1.890000e+01	1.652090e-01
1.900000e+01	1.651173e-01
1.910000e+01	1.651563e-01
1.920000e+01	1.651619e-01
1.930000e+01	1.650531e-01
1.940000e+01	1.649135e-01
1.950000e+01	1.646918e-01
1.960000e+01	1.646931e-01
1.970000e+01	1.648058e-01
1.980000e+01	1.648459e-01
1.990000e+01	1.649208e-01
2.000000e+01	1.649639e-01
2.010000e+01	1.650505e-01
2.020000e+01	1.650767e-01
2.030000e+01	1.650578e-01
2.040000e+01	1.651582e-01
2.050000e+01	1.651743e-01
2.060000e+01	1.652773e-01
2.070000e+01	1.654305e-01
2.080000e+01	1.655221e-01
2.090000e+01	1.656309e-01
2.100000e+01	1.656252e-01
2.110000e+01	1.656027e-01
2.120000e+01	1.656619e-01
2.130000e+01	1.658132e-01
2.140000e+01	1.658174e-01
2.150000e+01	1.658270e-01
2.160000e+01	1.658557e-01
2.170000e+01	1.658562e-01
2.180000e+01	1.658537e-01
2.190000e+01	1.659448e-01
2.200000e+01	1.660581e-01
2.210000e+01	1.660802e-01
2.220000e+01	1.661206e-01
2.230000e+01	1.661710e-01
2.240000e+01	1.662533e-01
2.250000e+01	1.661680e-01
2.260000e+01	1.662108e-01
2.270000e+01	1.662349e-01
2.280000e+01	1.660956e-01
2.290000e+01	1.660913e-01
2.300000e+01	1.660094e-01
2.310000e+01	1.659602e-01
2.320000e+01	1.659815e-01
2.330000e+01	1.660120e-01
2.340000e+01	1.659352e-01
2.350000e+01	1.659981e-01
2.360000e+01	1.660255e-01
2.370000e+01	1.659825e-01
2.380000e+01	1.660428e-01
2.390000e+01	1.659985e-01
2.400000e+01	1.660045e-01
2.410000e+01	1.659181e-01
2.420000e+01	1.657239e-01
2.430000e+01	1.655975e-01
2.440000e+01	1.655673e-01
2.450000e+01	1.656073e-01
2.460000e+01	1.655453e-01
2.470000e+01	1.655047e-01
2.480000e+01	1.655113e-01
2.490000e+01	1.654654e-01
2.500000e+01	1.653871e-01
2.510000e+01	1.653162e-01
2.520000e+01	1.652501e-01
2.530000e+01	1.650073e-01
2.540000e+01	1.649742e-01
2.550000e+01	1.651216e-01
2.560000e+01	1.652771e-01
2.570000e+01	1.654006e-01
2.580000e+01	1.654911e-01
2.590000e+01	1.656002e-01
2.600000e+01	1.658152e-01
2.610000e+01	1.659913e-01
2.620000e+01	1.660295e-01
2.630000e+01	1.659620e-01
2.640000e+01	1.658419e-01
2.650000e+01	1.657044e-01
2.660000e+01	1.657512e-01
2.670000e+01	1.656222e-01
2.680000e+01	1.655269e-01
2.690000e+01	1.652841e-01
2.700000e+01	1.652079e-01
2.710000e+01	1.649080e-01
2.720000e+01	1.645880e-01
2.730000e+01	1.642245e-01
2.740000e+01	1.642057e-01
2.750000e+01	1.641734e-01
2.760000e+01	1.640383e-01
2.770000e+01	1.639068e-01
2.780000e+01	1.636559e-01
2.790000e+01	1.634630e-01
2.800000e+01	1.630215e-01
2.810000e+01	1.625717e-01
2.820000e+01	1.622540e-01
2.830000e+01	1.620500e-01
2.840000e+01	1.624648e-01
2.850000e+01	1.630875e-01
2.860000e+01	1.634575e-01
2.870000e+01	1.634829e-01
2.880000e+01	1.636649e-01
2.890000e+01	1.643086e-01
2.900000e+01	1.647016e-01
2.910000e+01	1.641403e-01
2.920000e+01	1.635467e-01
2.930000e+01	1.640718e-01
2.940000e+01	1.646620e-01
2.950000e+01	1.656226e-01
2.960000e+01	1.670422e-01
2.970000e+01	1.667827e-01
2.980000e+01	1.684134e-01
