1.000000e-01	1.788670e-03
2.000000e-01	3.363294e-03
3.000000e-01	5.069070e-03
4.000000e-01	6.857744e-03
5.000000e-01	8.718206e-03
6.000000e-01	1.060438e-02
7.000000e-01	1.252074e-02
8.000000e-01	1.445573e-02
9.000000e-01	1.640932e-02
1.000000e+00	1.837540e-02
1.100000e+00	2.037185e-02
1.200000e+00	2.237362e-02
1.300000e+00	2.439022e-02
1.400000e+00	2.642164e-02
1.500000e+00	2.846837e-02
1.600000e+00	3.051765e-02
1.700000e+00	3.258191e-02
1.800000e+00	3.464314e-02
1.900000e+00	3.670085e-02
2.000000e+00	3.876265e-02
2.100000e+00	4.080440e-02
2.200000e+00	4.281524e-02
2.300000e+00	4.483033e-02
2.400000e+00	4.683417e-02
2.500000e+00	4.882095e-02
2.600000e+00	5.079428e-02
2.700000e+00	5.274743e-02
2.800000e+00	5.468252e-02
2.900000e+00	5.658974e-02
3.000000e+00	5.845929e-02
3.100000e+00	6.033266e-02
3.200000e+00	6.217904e-02
3.300000e+00	6.395902e-02
3.400000e+00	6.569531e-02
3.500000e+00	6.742483e-02
3.600000e+00	6.909714e-02
3.700000e+00	7.078000e-02
3.800000e+00	7.243072e-02
3.900000e+00	7.405442e-02
4.000000e+00	7.563054e-02
4.100000e+00	7.714007e-02
4.200000e+00	7.861811e-02
4.300000e+00	8.009169e-02
4.400000e+00	8.157335e-02
4.500000e+00	8.302204e-02
4.600000e+00	8.447228e-02
4.700000e+00	8.585551e-02
4.800000e+00	8.724052e-02
4.900000e+00	8.861572e-02
5.000000e+00	8.994284e-02
5.100000e+00	9.131395e-02
5.200000e+00	9.260085e-02
5.300000e+00	9.390528e-02
5.400000e+00	9.515095e-02
5.500000e+00	9.636135e-02
5.600000e+00	9.753135e-02
5.700000e+00	9.866372e-02
5.800000e+00	9.977771e-02
5.900000e+00	1.008725e-01
6.000000e+00	1.019543e-01
6.100000e+00	1.029996e-01
6.200000e+00	1.040808e-01
6.300000e+00	1.051409e-01
6.400000e+00	1.062004e-01
6.500000e+00	1.072193e-01
6.600000e+00	1.081911e-01
6.700000e+00	1.091247e-01
6.800000e+00	1.100677e-01
6.900000e+00	1.109855e-01
7.000000e+00	1.119076e-01
7.100000e+00	1.128410e-01
7.200000e+00	1.137198e-01
7.300000e+00	1.146320e-01
7.400000e+00	1.155507e-01
7.500000e+00	1.164701e-01
7.600000e+00	1.173317e-01
7.700000e+00	1.181595e-01
7.800000e+00	1.190080e-01
7.900000e+00	1.198531e-01
8.000000e+00	1.207007e-01
8.100000e+00	1.215563e-01
8.200000e+00	1.224251e-01
8.300000e+00	1.232888e-01
8.400000e+00	1.241034e-01
8.500000e+00	1.248990e-01
8.600000e+00	1.256892e-01
8.700000e+00	1.264738e-01
8.800000e+00	1.272336e-01
8.900000e+00	1.279854e-01
9.000000e+00	1.286960e-01
9.100000e+00	1.294277e-01
9.200000e+00	1.301781e-01
9.300000e+00	1.309326e-01
9.400000e+00	1.316143e-01
9.500000e+00	1.323033e-01
9.600000e+00	1.329832e-01
9.700000e+00	1.336566e-01
9.800000e+00	1.342514e-01
9.900000e+00	1.348040e-01
1.000000e+01	1.354160e-01
1.010000e+01	1.359894e-01
1.020000e+01	1.365303e-01
1.030000e+01	1.370975e-01
1.040000e+01	1.376296e-01
1.050000e+01	1.381786e-01
1.060000e+01	1.386027e-01
1.070000e+01	1.390769e-01
1.080000e+01	1.395503e-01
1.090000e+01	1.400363e-01
1.100000e+01	1.404935e-01
1.110000e+01	1.409067e-01
1.120000e+01	1.413321e-01
1.130000e+01	1.416908e-01
1.140000e+01	1.420786e-01
1.150000e+01	1.424927e-01
1.160000e+01	1.429198e-01
1.170000e+01	1.433474e-01
1.180000e+01	1.438095e-01
1.190000e+01	1.442755e-01
1.200000e+01	1.447254e-01
1.210000e+01	1.451851e-01
1.220000e+01	1.456747e-01
1.230000e+01	1.461451e-01
1.240000e+01	1.465863e-01
1.250000e+01	1.470393e-01
1.260000e+01	1.474630e-01
1.270000e+01	1.478795e-01
1.280000e+01	1.482744e-01
1.290000e+01	1.486336e-01
1.300000e+01	1.489690e-01
1.310000e+01	1.493322e-01
1.320000e+01	1.497393e-01
1.330000e+01	1.500887e-01
1.340000e+01	1.504085e-01
1.350000e+01	1.507023e-01
1.360000e+01	1.510401e-01
1.370000e+01	1.513618e-01
1.380000e+01	1.516534e-01
1.390000e+01	1.519675e-01
1.400000e+01	1.522215e-01
1.410000e+01	1.524344e-01
1.420000e+01	1.526586e-01
1.430000e+01	1.529086e-01
1.440000e+01	1.531342e-01
1.450000e+01	1.533250e-01
1.460000e+01	1.534945e-01
1.470000e+01	1.537156e-01
1.480000e+01	1.539408e-01
1.490000e+01	1.541357e-01
1.500000e+01	1.543635e-01
1.510000e+01	1.546025e-01
1.520000e+01	1.548316e-01
1.530000e+01	1.551086e-01
1.540000e+01	1.553478e-01
1.550000e+01	1.555754e-01
1.560000e+01	1.558521e-01
1.570000e+01	1.561553e-01
1.580000e+01	1.564020e-01
1.590000e+01	1.566713e-01
1.600000e+01	1.569829e-01
1.610000e+01	1.572980e-01
1.620000e+01	1.575249e-01
1.630000e+01	1.577636e-01
1.640000e+01	1.579931e-01
1.650000e+01	1.582453e-01
1.660000e+01	1.584921e-01
1.670000e+01	1.587155e-01
1.680000e+01	1.589344e-01
1.690000e+01	1.591762e-01
1.700000e+01	1.594295e-01
1.710000e+01	1.596838e-01
1.720000e+01	1.599914e-01
1.730000e+01	1.603131e-01
1.740000e+01	1.606464e-01
1.750000e+01	1.609603e-01
1.760000e+01	1.613445e-01
1.770000e+01	1.616504e-01
1.780000e+01	1.619922e-01
1.790000e+01	1.623780e-01
1.800000e+01	1.627387e-01
1.810000e+01	1.631100e-01
1.820000e+01	1.634912e-01
1.830000e+01	1.638473e-01
1.840000e+01	1.642223e-01
1.850000e+01	1.645117e-01
1.860000e+01	1.647914e-01
1.870000e+01	1.650133e-01
1.880000e+01	1.651524e-01
1.890000e+01	1.653510e-01
1.900000e+01	1.655568e-01
1.910000e+01	1.657669e-01
1.920000e+01	1.659066e-01
1.930000e+01	1.660065e-01
1.940000e+01	1.661014e-01
1.950000e+01	1.662001e-01
1.960000e+01	1.663110e-01
1.970000e+01	1.664327e-01
1.980000e+01	1.664677e-01
1.990000e+01	1.665104e-01
2.000000e+01	1.665804e-01
2.010000e+01	1.667324e-01
2.020000e+01	1.668802e-01
2.030000e+01	1.669409e-01
2.040000e+01	1.670580e-01
2.050000e+01	1.672142e-01
2.060000e+01	1.672906e-01
2.070000e+01	1.673445e-01
2.080000e+01	1.673462e-01
2.090000e+01	1.674515e-01
2.100000e+01	1.676993e-01
2.110000e+01	1.679207e-01
2.120000e+01	1.680987e-01
2.130000e+01	1.681877e-01
2.140000e+01	1.683061e-01
2.150000e+01	1.684158e-01
2.160000e+01	1.685256e-01
2.170000e+01	1.686704e-01
2.180000e+01	1.687760e-01
2.190000e+01	1.688798e-01
2.200000e+01	1.688922e-01
2.210000e+01	1.688636e-01
2.220000e+01	1.688377e-01
2.230000e+01	1.687990e-01
2.240000e+01	1.686715e-01
2.250000e+01	1.685622e-01
2.260000e+01	1.684307e-01
2.270000e+01	1.683200e-01
2.280000e+01	1.681966e-01
2.290000e+01	1.680642e-01
2.300000e+01	1.679940e-01
2.310000e+01	1.678738e-01
2.320000e+01	1.678014e-01
2.330000e+01	1.677300e-01
2.340000e+01	1.677062e-01
2.350000e+01	1.676290e-01
2.360000e+01	1.676050e-01
2.370000e+01	1.675468e-01
2.380000e+01	1.674410e-01
2.390000e+01	1.674281e-01
2.400000e+01	1.672709e-01
2.410000e+01	1.672731e-01
2.420000e+01	1.670942e-01
2.430000e+01	1.671014e-01
2.440000e+01	1.671068e-01
2.450000e+01	1.671415e-01
2.460000e+01	1.672078e-01
2.470000e+01	1.671671e-01
2.480000e+01	1.671746e-01
2.490000e+01	1.670659e-01
2.500000e+01	1.669877e-01
2.510000e+01	1.670939e-01
2.520000e+01	1.672406e-01
2.530000e+01	1.673244e-01
2.540000e+01	1.674763e-01
2.550000e+01	1.676395e-01
2.560000e+01	1.677037e-01
2.570000e+01	1.677575e-01
2.580000e+01	1.677488e-01
2.590000e+01	1.678154e-01
2.600000e+01	1.677463e-01
2.610000e+01	1.675393e-01
2.620000e+01	1.673838e-01
2.630000e+01	1.670735e-01
2.640000e+01	1.668606e-01
2.650000e+01	1.667412e-01
2.660000e+01	1.665115e-01
2.670000e+01	1.663358e-01
2.680000e+01	1.661674e-01
2.690000e+01	1.660271e-01
2.700000e+01	1.659080e-01
2.710000e+01	1.656947e-01
2.720000e+01	1.654367e-01
2.730000e+01	1.652528e-01
2.740000e+01	1.650366e-01
2.750000e+01	1.650495e-01
2.760000e+01	1.651470e-01
2.770000e+01	1.651572e-01
2.780000e+01	1.649109e-01
2.790000e+01	1.645874e-01
2.800000e+01	1.646001e-01
2.810000e+01	1.644979e-01
2.820000e+01	1.643467e-01
2.830000e+01	1.642108e-01
2.840000e+01	1.639682e-01
2.850000e+01	1.642865e-01
2.860000e+01	1.642316e-01
2.870000e+01	1.641384e-01
2.880000e+01	1.641343e-01
2.890000e+01	1.635728e-01
2.900000e+01	1.638085e-01
2.910000e+01	1.638669e-01
2.920000e+01	1.638332e-01
2.930000e+01	1.635112e-01
2.940000e+01	1.631734e-01
2.950000e+01	1.636080e-01
2.960000e+01	1.629159e-01
2.970000e+01	1.642764e-01
2.980000e+01	1.647290e-01
