1	2.74935486144270e-04
2	3.46366803886748e-04
3	3.91767560291986e-04
4	4.21637979981342e-04
5	4.42179565557564e-04
6	4.59121472611585e-04
7	4.70261451080693e-04
8	4.77928244503317e-04
9	4.85363798958222e-04
10	4.91218401404206e-04
11	4.96708970213864e-04
12	5.03752283493153e-04
13	4.99007863020227e-04
14	5.07389749298422e-04
15	5.12726560520906e-04
16	5.08252056851291e-04
17	5.15932803445997e-04
18	5.27266986828160e-04
19	5.17613929579426e-04
20	5.15072389684020e-04
21	5.21290366458550e-04
22	5.15899734373672e-04
23	5.22161024797143e-04
24	5.24492160980303e-04
25	5.30483940716865e-04
26	5.24656158066979e-04
27	5.23167204482299e-04
28	5.33132187138707e-04
29	5.38814189108557e-04
30	5.26440239544459e-04
31	5.20384271961377e-04
32	5.20031193675167e-04
33	5.18484781402119e-04
34	5.31538067694433e-04
35	5.39227147932078e-04
36	5.53079195796367e-04
37	5.25478040724509e-04
38	5.42354095926907e-04
39	5.46375141903935e-04
40	5.12308763381768e-04
41	5.16006809070435e-04
42	5.10783659371064e-04
43	5.33424223143161e-04
44	5.33772936499084e-04
45	5.29765666955461e-04
46	5.10780604063686e-04
47	5.07700060070822e-04
48	5.20030763407876e-04
49	5.10562453123544e-04
50	5.29296927564503e-04
51	5.25437044992867e-04
52	5.28600576669407e-04
53	5.16397419971979e-04
54	5.32742469555044e-04
55	5.44970127663188e-04
56	5.26488976384029e-04
57	5.24364592877440e-04
58	5.28242454150921e-04
59	5.39398326754079e-04
60	5.19101550747449e-04
61	5.32221010982376e-04
62	5.18779636311975e-04
63	5.12933647701123e-04
64	5.13623332669344e-04
65	5.31300300215539e-04
66	5.19312431811045e-04
67	5.03747031054514e-04
68	5.17291679433820e-04
69	5.35205137679220e-04
70	5.22165702273407e-04
71	5.31399132368590e-04
72	5.29023739062572e-04
73	5.25350754943183e-04
74	5.56520926334210e-04
75	4.97868228690980e-04
76	5.20442952454665e-04
77	4.97841453797136e-04
78	5.33867360591785e-04
79	5.16136165503002e-04
80	4.87988015738662e-04
81	5.24815645413430e-04
82	5.16032260419185e-04
83	5.55280021198460e-04
84	5.19266809090235e-04
85	5.25359476655836e-04
86	5.35017013508379e-04
87	5.03008762078647e-04
88	5.11401394110117e-04
89	5.20346573493994e-04
90	5.33039288054455e-04
91	5.29681072536121e-04
92	5.01819659581265e-04
93	4.96614490582809e-04
94	4.82317664507042e-04
95	4.85842134953949e-04
96	4.97254915557570e-04
97	4.92481120125725e-04
98	4.93870759645264e-04
99	5.15808588249911e-04
