1	3.25730144480572e-04
2	4.09365993270417e-04
3	4.60994349719538e-04
4	4.95960768698717e-04
5	5.18811788522570e-04
6	5.40705683051652e-04
7	5.55578004347896e-04
8	5.57030393582572e-04
9	5.71072127262789e-04
10	5.69862526422910e-04
11	5.91800727668818e-04
12	5.91447967546031e-04
13	5.85763858324608e-04
14	5.90406816591441e-04
15	5.89874960665506e-04
16	5.93955513783638e-04
17	6.04377797313515e-04
18	5.99269624352271e-04
19	6.09684800450185e-04
20	6.05945269839906e-04
21	5.95389881329241e-04
22	6.06749210410809e-04
23	6.18839699590561e-04
24	6.04541721247200e-04
25	6.05028661426925e-04
26	6.09519661654507e-04
27	6.14128981944058e-04
28	5.96455223054363e-04
29	6.13752779394936e-04
30	6.02491256988200e-04
31	6.14844432171406e-04
32	5.98975611448034e-04
33	6.28663426192896e-04
34	6.25523219596829e-04
35	6.14451073815646e-04
36	6.21715762535196e-04
37	6.09674122247598e-04
38	6.20361247367252e-04
39	5.96124400469945e-04
40	5.97337408909157e-04
41	6.07324082029323e-04
42	5.99046932393732e-04
43	5.84921678287921e-04
44	6.16522302516234e-04
45	6.17586917654524e-04
46	6.18011155490574e-04
47	6.03890255902402e-04
48	5.98497190847122e-04
49	5.98547984388048e-04
50	5.90283719499340e-04
51	5.85054534911499e-04
52	5.81996408263993e-04
53	6.02771395892319e-04
54	5.97703659418997e-04
55	5.97610715429825e-04
56	6.07583562225260e-04
57	6.00723120041593e-04
58	5.90544332362804e-04
59	5.90252974168595e-04
60	5.91733906849035e-04
61	6.01254428870996e-04
62	5.82752500335563e-04
63	5.87150253918122e-04
64	5.93273112350025e-04
65	5.94817650868329e-04
66	5.81927288394023e-04
67	5.91201280660044e-04
68	6.05283702506547e-04
69	5.70661458343837e-04
70	5.93409131355912e-04
71	5.72226651886104e-04
72	5.75584079207355e-04
73	5.75990738013126e-04
74	5.76910621544342e-04
75	5.94525826866905e-04
76	5.70771839084816e-04
77	5.72452938870555e-04
78	5.63792824538335e-04
79	5.56590234159214e-04
80	5.69278323637101e-04
81	6.08909393305034e-04
82	5.99300775689339e-04
83	5.70553597420247e-04
84	5.63813063142416e-04
85	5.64831879829498e-04
86	5.95109650278033e-04
87	5.97908444711497e-04
88	6.20387112269152e-04
89	6.15300211914613e-04
90	5.85912783290744e-04
91	5.91368838424272e-04
92	5.99092346250182e-04
93	5.90795879591284e-04
94	5.94661773224785e-04
95	5.66158198913637e-04
96	5.87662463379838e-04
97	5.80638184114621e-04
98	5.92456125651827e-04
99	5.95639801016257e-04
