1	5.33939193639651e-04
2	6.93478297917166e-04
3	8.00624158950178e-04
4	8.76132383656372e-04
5	9.31723534412429e-04
6	9.80484327693741e-04
7	1.01982343039925e-03
8	1.04278153967233e-03
9	1.07404411468539e-03
10	1.08834701155296e-03
11	1.10884181591506e-03
12	1.13348407794117e-03
13	1.14325972205509e-03
14	1.14967256375429e-03
15	1.17251071424691e-03
16	1.17839625791899e-03
17	1.18436961048516e-03
18	1.18996320929596e-03
19	1.18052691341235e-03
20	1.18852138267612e-03
21	1.20667835829394e-03
22	1.23415113353684e-03
23	1.21678616318153e-03
24	1.22935767673830e-03
25	1.23640075784750e-03
26	1.23243096922404e-03
27	1.23405313644306e-03
28	1.23948998420109e-03
29	1.23083081096099e-03
30	1.22933350254055e-03
31	1.24283844863000e-03
32	1.24093424578476e-03
33	1.26076236372171e-03
34	1.24436670588051e-03
35	1.29535839069609e-03
36	1.26814254568782e-03
37	1.21665989162846e-03
38	1.22046033452350e-03
39	1.28941110762448e-03
40	1.22944503433141e-03
41	1.28992348479390e-03
42	1.28849052108376e-03
43	1.27939477634416e-03
44	1.27010064700751e-03
45	1.29132911100296e-03
46	1.24619848325876e-03
47	1.23746764622517e-03
48	1.24752226792186e-03
49	1.24584759999849e-03
50	1.28702397221495e-03
51	1.29016078283138e-03
52	1.20400443032643e-03
53	1.28685771519452e-03
54	1.23689948742694e-03
55	1.26007245708330e-03
56	1.21149813733136e-03
57	1.25156349254012e-03
58	1.30390685194881e-03
59	1.29023278241711e-03
60	1.27582577635800e-03
61	1.24785787542033e-03
62	1.24881589582994e-03
63	1.29624074625619e-03
64	1.23832007414767e-03
65	1.25152215283877e-03
66	1.31829558974337e-03
67	1.30688936461738e-03
68	1.29569881415549e-03
69	1.28195327578133e-03
70	1.32568764601651e-03
71	1.25855207791574e-03
72	1.30760249596149e-03
73	1.21656212211889e-03
74	1.22991790846557e-03
75	1.30095273572959e-03
76	1.25009951449338e-03
77	1.23218598782228e-03
78	1.28949385105192e-03
79	1.25271787279026e-03
80	1.19120070650142e-03
81	1.20954247552177e-03
82	1.28151478615826e-03
83	1.22684181815839e-03
84	1.30768968191676e-03
85	1.26111803640410e-03
86	1.30609616559039e-03
87	1.26263471560757e-03
88	1.27078794384078e-03
89	1.28966861602811e-03
90	1.29302898196081e-03
91	1.29186675500459e-03
92	1.29475168127965e-03
93	1.21388092473096e-03
94	1.20785715715967e-03
95	1.33344951429231e-03
96	1.24529533405481e-03
97	1.18730770019980e-03
98	1.29342359256612e-03
99	1.26020075519646e-03
