1	3.37833011332039e-04
2	3.46630860942915e-04
3	3.47696907117141e-04
4	3.50110291419808e-04
5	3.48034926869380e-04
6	3.49745186325112e-04
7	3.46825870045594e-04
8	3.50381608852667e-04
9	3.47330275817308e-04
10	3.54076546651788e-04
11	3.50053399704923e-04
12	3.58156029799022e-04
13	3.53279221662872e-04
14	3.50433370042535e-04
15	3.54447760798269e-04
16	3.52067088780584e-04
17	3.45486673769203e-04
18	3.58219639776162e-04
19	3.49898515025861e-04
20	3.54718259683740e-04
21	3.48550218199419e-04
22	3.52898113782275e-04
23	3.37015125796857e-04
24	3.53968652375970e-04
25	3.50382043341781e-04
26	3.50436621740520e-04
27	3.41407894690277e-04
28	3.51191639459460e-04
29	3.50369941192235e-04
30	3.56149361247647e-04
31	3.52696508375678e-04
32	3.50483617735861e-04
33	3.45740167805029e-04
34	3.56523849895477e-04
35	3.48285108113894e-04
36	3.55513977923696e-04
37	3.51662061695295e-04
38	3.51730635863595e-04
39	3.58116676141866e-04
40	3.51326816441157e-04
41	3.57348524766369e-04
42	3.63344321504149e-04
43	3.49422759297031e-04
44	3.50276748115862e-04
45	3.47572023026892e-04
46	3.49960445944501e-04
47	3.56594986642025e-04
48	3.60079899578399e-04
49	3.67208812819091e-04
50	3.60968849926503e-04
51	3.55628737842114e-04
52	3.62571490033087e-04
53	3.49425056243190e-04
54	3.49836522597676e-04
55	3.51248141742965e-04
56	3.47899345000257e-04
57	3.59969541919752e-04
58	3.71461000655695e-04
59	3.63065624228997e-04
60	3.60523435119001e-04
61	3.61961966092866e-04
62	3.69414465304314e-04
63	3.64887131804878e-04
64	3.54834029243535e-04
65	3.66483812382644e-04
66	3.58198516991038e-04
67	3.56479052409203e-04
68	3.44562579546649e-04
69	3.33542200998785e-04
70	3.61244316987284e-04
71	3.48827957534983e-04
72	3.69696711141836e-04
73	3.54951079263489e-04
74	3.64355019264872e-04
75	3.64299147938853e-04
76	3.55469900040964e-04
77	3.60018166697776e-04
78	3.67143192797382e-04
79	3.58741537358996e-04
80	3.70724518800033e-04
81	3.62631870461763e-04
82	3.83303279878835e-04
83	3.88606936118629e-04
84	3.79511422452168e-04
85	3.56452607714861e-04
86	3.72736383285295e-04
87	3.69765140939343e-04
88	3.56747431366999e-04
89	3.61875530495403e-04
90	3.69070105586442e-04
91	3.79922979334933e-04
92	3.72475949024755e-04
93	3.73244968156932e-04
94	3.81154745655622e-04
95	3.74071785479511e-04
96	3.62995667311566e-04
97	3.80459699136319e-04
98	3.88591085168183e-04
99	3.60478966291275e-04
