1	1.33064103742467e-04
2	1.57626089891535e-04
3	1.70618669978391e-04
4	1.78756631283528e-04
5	1.83733135102344e-04
6	1.85803146359749e-04
7	1.88858630114594e-04
8	1.92786115827583e-04
9	1.92729491856240e-04
10	1.91734659014217e-04
11	1.95372773234647e-04
12	1.95585626898833e-04
13	1.96372023074935e-04
14	1.94408275436817e-04
15	1.93711467689407e-04
16	1.97949757539364e-04
17	1.96577378494902e-04
18	1.94456136958650e-04
19	1.98170232566648e-04
20	1.92885741666482e-04
21	2.01728671161345e-04
22	1.99523858106535e-04
23	2.00915144438807e-04
24	2.00823855361828e-04
25	2.06723496175508e-04
26	1.99805141905170e-04
27	2.02758394808846e-04
28	2.04558353742775e-04
29	1.97398687677364e-04
30	2.05931089608331e-04
31	2.02564108893876e-04
32	2.01801841959357e-04
33	2.05216298374202e-04
34	2.04699593570499e-04
35	2.01336405693648e-04
36	1.97584146140449e-04
37	2.07389917807508e-04
38	2.06599478264925e-04
39	2.04272269508797e-04
40	2.01130386250621e-04
41	2.11945499443859e-04
42	2.05771333589606e-04
43	2.01467023519912e-04
44	2.12684187514746e-04
45	2.07905277128158e-04
46	2.02910658746040e-04
47	2.08392525680470e-04
48	2.03136455427643e-04
49	2.07327654997595e-04
50	2.12172612148195e-04
51	2.04186882335791e-04
52	2.04428383801357e-04
53	2.06321652947701e-04
54	2.04736592507684e-04
55	2.13625130237661e-04
56	2.01217537236630e-04
57	2.13637560492659e-04
58	1.98251320361269e-04
59	2.07421574705807e-04
60	2.07888991877066e-04
61	1.97337462780542e-04
62	2.04055319891380e-04
63	2.04901817721137e-04
64	2.12117073948430e-04
65	2.11656671555393e-04
66	1.99777689984571e-04
67	2.08113081888002e-04
68	2.06630720176298e-04
69	2.03143378303570e-04
70	2.10084190484741e-04
71	2.02420157837552e-04
72	2.07058098019338e-04
73	2.13889560846193e-04
74	2.09857543254125e-04
75	2.10381009834577e-04
76	2.10161624300482e-04
77	2.07432506337409e-04
78	2.05820022292208e-04
79	2.09358089704653e-04
80	2.09546702546299e-04
81	2.09894431039191e-04
82	2.19743401952829e-04
83	2.04048227781522e-04
84	2.11913061863012e-04
85	2.09603062666297e-04
86	2.05294121022109e-04
87	2.02929728751946e-04
88	2.10968368924643e-04
89	2.16374021076624e-04
90	2.13403146205951e-04
91	2.18626624714148e-04
92	2.07415844569095e-04
93	2.13106957293000e-04
94	2.11924212507165e-04
95	1.97174535363230e-04
96	2.10879006171429e-04
97	2.04445878398025e-04
98	2.14637496339097e-04
99	2.06497430955492e-04
