1	4.43477173033338e-04
2	5.91009679449431e-04
3	6.93914918493766e-04
4	7.71207215214988e-04
5	8.33172982158153e-04
6	8.86039388283601e-04
7	9.25463685349685e-04
8	9.59429653076670e-04
9	9.84385493234147e-04
10	1.01684997418497e-03
11	1.03953578747481e-03
12	1.06190585717137e-03
13	1.07607553180761e-03
14	1.09451830987590e-03
15	1.10042349464963e-03
16	1.11468924458690e-03
17	1.13956498368367e-03
18	1.12643298815502e-03
19	1.15744888951521e-03
20	1.15013164151020e-03
21	1.17039236983538e-03
22	1.17121415762755e-03
23	1.19707879160196e-03
24	1.18495102981955e-03
25	1.20597721960451e-03
26	1.20024542551293e-03
27	1.20813500950398e-03
28	1.20596126533701e-03
29	1.20276204290582e-03
30	1.19551939479776e-03
31	1.20443643678864e-03
32	1.18722110493159e-03
33	1.24225523405389e-03
34	1.23201799324585e-03
35	1.25108859704521e-03
36	1.20601095670764e-03
37	1.20280918162477e-03
38	1.18900794722394e-03
39	1.22591081064222e-03
40	1.23887906431456e-03
41	1.23003114880403e-03
42	1.21470160702581e-03
43	1.26909760909456e-03
44	1.25010814524631e-03
45	1.24496343215332e-03
46	1.23140051476307e-03
47	1.22719678457727e-03
48	1.23254046632243e-03
49	1.26175825593479e-03
50	1.27588146517929e-03
51	1.23977113479023e-03
52	1.25444945224780e-03
53	1.28778116401426e-03
54	1.25981333510933e-03
55	1.28719129246412e-03
56	1.20734805988184e-03
57	1.20503434058905e-03
58	1.24025738275808e-03
59	1.26073621025694e-03
60	1.20203492668305e-03
61	1.27088451249651e-03
62	1.25883597142895e-03
63	1.28695483983237e-03
64	1.21202880075721e-03
65	1.23312275846499e-03
66	1.23603580430510e-03
67	1.29078519114168e-03
68	1.26204443005424e-03
69	1.27591632136194e-03
70	1.27535011341808e-03
71	1.24147638196274e-03
72	1.27165477069936e-03
73	1.23004285355147e-03
74	1.18736004148032e-03
75	1.28311559189782e-03
76	1.24744502450328e-03
77	1.28266658276592e-03
78	1.27349846973774e-03
79	1.25654863601079e-03
80	1.23942498280838e-03
81	1.23679658386755e-03
82	1.24710973226864e-03
83	1.26788078298986e-03
84	1.26164593690363e-03
85	1.23318709972601e-03
86	1.23988967953359e-03
87	1.24362892572876e-03
88	1.25499935932981e-03
89	1.23596140700306e-03
90	1.24414466508363e-03
91	1.26592301307336e-03
92	1.24133818640314e-03
93	1.26896493878469e-03
94	1.19803708040510e-03
95	1.21499352392276e-03
96	1.22032606224948e-03
97	1.30285671179521e-03
98	1.28241999429456e-03
99	1.21918529695745e-03
