1	5.76651496454650e-05
2	7.10040771016658e-05
3	7.89009452077063e-05
4	8.39946445454367e-05
5	8.74648739509164e-05
6	9.02099229269629e-05
7	9.08111580128190e-05
8	9.13562465325746e-05
9	9.48192201892940e-05
10	9.38947002079859e-05
11	9.55867855158544e-05
12	9.73370620963499e-05
13	9.68487159532081e-05
14	9.74339815353087e-05
15	9.64874298622354e-05
16	9.86163371194776e-05
17	9.76266921413349e-05
18	9.98602103618102e-05
19	9.90115709532626e-05
20	9.97764252578039e-05
21	1.00281020985374e-04
22	9.98987429723211e-05
23	1.01595957076132e-04
24	1.00616895953319e-04
25	9.94862281156981e-05
26	1.00305795916493e-04
27	1.03434490727057e-04
28	1.02075322057603e-04
29	1.02646429618845e-04
30	1.01562817132052e-04
31	1.01666555253619e-04
32	1.00710733816753e-04
33	1.02632964896606e-04
34	1.03764773928187e-04
35	1.04607020415695e-04
36	1.05446006045370e-04
37	1.07190505848279e-04
38	1.06438306806518e-04
39	1.02746794820548e-04
40	1.03436572288590e-04
41	1.04395918682059e-04
42	1.03619945378213e-04
43	1.03452115401785e-04
44	1.04499616605353e-04
45	1.06109785190350e-04
46	1.05186851529979e-04
47	1.05392919016535e-04
48	1.05468029305614e-04
49	1.05713778757092e-04
50	1.08747332794986e-04
51	1.06919751851428e-04
52	1.06629227148866e-04
53	1.06007834818009e-04
54	1.12601149778577e-04
55	1.05478914030429e-04
56	1.07410094410132e-04
57	1.08230002622398e-04
58	1.08266667623656e-04
59	1.09470788649791e-04
60	1.09342177235511e-04
61	1.08898545258170e-04
62	1.07882895414609e-04
63	1.09227567050558e-04
64	1.09108653271247e-04
65	1.06628574334009e-04
66	1.07755492993637e-04
67	1.08267550667801e-04
68	1.08132293301470e-04
69	1.09118507724636e-04
70	1.07848432650989e-04
71	1.13452427286197e-04
72	1.06999570140092e-04
73	1.05929289561944e-04
74	1.12809112813409e-04
75	1.07896767999252e-04
76	1.08481522236290e-04
77	1.10066883061356e-04
78	1.08974093687345e-04
79	1.08143453137260e-04
80	1.12742862173453e-04
81	1.14357359186270e-04
82	1.08075914017022e-04
83	1.11827757039137e-04
84	1.10875157174290e-04
85	1.10308442555477e-04
86	1.11303962295342e-04
87	1.12632703683991e-04
88	1.12897907419799e-04
89	1.05354694232894e-04
90	1.06549172106292e-04
91	1.13698232181060e-04
92	1.10309379284847e-04
93	1.05656568622377e-04
94	1.08104322404152e-04
95	1.07964081654433e-04
96	1.09284701562838e-04
97	1.13801866678422e-04
98	1.11510707542793e-04
99	1.08536584253926e-04
