1	1.29057596886933e-04
2	1.62424169003898e-04
3	1.83469399218802e-04
4	1.97579187832943e-04
5	2.08980670567561e-04
6	2.14248200560946e-04
7	2.19256061901142e-04
8	2.24751104824191e-04
9	2.27275299023694e-04
10	2.28304166611377e-04
11	2.30303325989943e-04
12	2.36227489492271e-04
13	2.37081578654238e-04
14	2.36800615623442e-04
15	2.37881527019968e-04
16	2.35667635004742e-04
17	2.41067990049877e-04
18	2.37298765467545e-04
19	2.43763168499626e-04
20	2.41956562789937e-04
21	2.40926167172866e-04
22	2.39417741985475e-04
23	2.49149886808560e-04
24	2.46486788649355e-04
25	2.44910117899798e-04
26	2.46869082521959e-04
27	2.45561007626861e-04
28	2.46032330612520e-04
29	2.44816589022737e-04
30	2.42490461040558e-04
31	2.44373923534094e-04
32	2.49074166195894e-04
33	2.41020038641480e-04
34	2.41856446111630e-04
35	2.44283606793993e-04
36	2.43352374884871e-04
37	2.47354718020343e-04
38	2.50927700301504e-04
39	2.55627306139272e-04
40	2.39064934969218e-04
41	2.40865133099109e-04
42	2.47129848226447e-04
43	2.54052423510742e-04
44	2.44057615267532e-04
45	2.45186306444877e-04
46	2.49829528497192e-04
47	2.49567310037865e-04
48	2.51473603815142e-04
49	2.43829685796291e-04
50	2.43106639333258e-04
51	2.40487489650545e-04
52	2.50168803594898e-04
53	2.48787605073449e-04
54	2.52990825860862e-04
55	2.49737987529731e-04
56	2.42378072382281e-04
57	2.40831036634539e-04
58	2.45743017300654e-04
59	2.44713522658491e-04
60	2.46660826905420e-04
61	2.44305478312508e-04
62	2.42293027188288e-04
63	2.48140861699856e-04
64	2.39203914212815e-04
65	2.48990245946472e-04
66	2.32732221103284e-04
67	2.35748284114804e-04
68	2.41550171912206e-04
69	2.44069035832755e-04
70	2.49181899472135e-04
71	2.47556015955570e-04
72	2.42907111552068e-04
73	2.48126438401375e-04
74	2.45852905921192e-04
75	2.45083180251481e-04
76	2.44171687631575e-04
77	2.41711739557773e-04
78	2.53246469153290e-04
79	2.48932767549821e-04
80	2.23408868617971e-04
81	2.33478587977056e-04
82	2.39424710571872e-04
83	2.34618969072291e-04
84	2.35353361924543e-04
85	2.43622269824371e-04
86	2.39353531941794e-04
87	2.38363595663384e-04
88	2.48221236450562e-04
89	2.35760868715656e-04
90	2.48021396857348e-04
91	2.34386335413950e-04
92	2.38473379557757e-04
93	2.43645716453528e-04
94	2.32672833497875e-04
95	2.41292684455675e-04
96	2.31991674237469e-04
97	2.43834518216695e-04
98	2.31962242734027e-04
99	2.38725023968721e-04
