1	3.12967644352561e-04
2	4.17887372432998e-04
3	4.91696181036388e-04
4	5.48064941054990e-04
5	5.93109824488410e-04
6	6.32138155759636e-04
7	6.59313746893268e-04
8	6.84957519094874e-04
9	7.08834076178350e-04
10	7.29625820288009e-04
11	7.45672881696877e-04
12	7.58200896896712e-04
13	7.75234392471963e-04
14	7.84753692098767e-04
15	7.96268076701787e-04
16	8.08601824719564e-04
17	8.16275455355949e-04
18	8.21274828118140e-04
19	8.25426244811509e-04
20	8.39814798112587e-04
21	8.22227061350069e-04
22	8.38295538488202e-04
23	8.45584570841550e-04
24	8.70158812773743e-04
25	8.56898858761328e-04
26	8.64070266329505e-04
27	8.56629164204803e-04
28	8.45851342008145e-04
29	8.67877397877511e-04
30	8.73234093713724e-04
31	8.61296310862663e-04
32	8.77773886464650e-04
33	8.69253325824034e-04
34	8.88031207693105e-04
35	9.03772386461565e-04
36	8.60035857407663e-04
37	8.89552971360524e-04
38	8.80611001927602e-04
39	8.92558325483474e-04
40	8.93127261671753e-04
41	8.85399495826098e-04
42	8.74124798385773e-04
43	9.11071866857182e-04
44	8.84756885431883e-04
45	8.72962764516407e-04
46	8.90980232973437e-04
47	9.06782272710900e-04
48	8.82784625029929e-04
49	8.98240877177339e-04
50	8.79752771535741e-04
51	8.83184634675420e-04
52	8.55768408992658e-04
53	8.68923081157362e-04
54	8.88410055951203e-04
55	9.06414826483471e-04
56	8.88257496837180e-04
57	8.96834253277109e-04
58	8.87809035735941e-04
59	8.79175130841011e-04
60	9.01618259365309e-04
61	9.03584764122493e-04
62	8.93807279355582e-04
63	9.09032165475027e-04
64	8.84540012772190e-04
65	8.89086584020367e-04
66	8.72539049377591e-04
67	8.48957565576137e-04
68	8.88976670953104e-04
69	8.93644030369533e-04
70	8.86113871756144e-04
71	8.85070621024358e-04
72	8.76842843734158e-04
73	8.89278875360219e-04
74	9.03970381631518e-04
75	8.90447775931163e-04
76	8.97673402552847e-04
77	9.08113350409813e-04
78	9.04059430284534e-04
79	8.95481036355297e-04
80	9.24782673006302e-04
81	8.92917384428603e-04
82	9.39166577700335e-04
83	9.16471344654692e-04
84	8.22173264638789e-04
85	8.97944223019479e-04
86	9.02095397903175e-04
87	8.87929463776098e-04
88	8.75948395133665e-04
89	9.04389612412272e-04
90	8.32413657855801e-04
91	9.07680357615942e-04
92	8.49729327807056e-04
93	8.77077684199905e-04
94	9.30551754436608e-04
95	8.78964247656141e-04
96	8.86558656278928e-04
97	9.09170637080021e-04
98	8.92329875536756e-04
99	8.60272660944277e-04
