1	1.40017151195498e-04
2	1.77114832894838e-04
3	1.99662542371863e-04
4	2.14906986460093e-04
5	2.25846711406075e-04
6	2.34911168337804e-04
7	2.42446539012443e-04
8	2.48086329123307e-04
9	2.50997253892959e-04
10	2.55168764010566e-04
11	2.60916399646620e-04
12	2.59717837734578e-04
13	2.64159616033797e-04
14	2.64974154947397e-04
15	2.63780976310112e-04
16	2.69588747938595e-04
17	2.65118998458118e-04
18	2.63037937631437e-04
19	2.66497701360575e-04
20	2.71774860989658e-04
21	2.72658428188665e-04
22	2.72566620122282e-04
23	2.74851868168370e-04
24	2.72132819128577e-04
25	2.71841027084247e-04
26	2.74747256077980e-04
27	2.75240650869832e-04
28	2.76788917752363e-04
29	2.71496558451573e-04
30	2.78369059678608e-04
31	2.73448174354876e-04
32	2.75529188923444e-04
33	2.78884133114809e-04
34	2.78033184115588e-04
35	2.75541121556224e-04
36	2.67231613372285e-04
37	2.82504960488676e-04
38	2.75701232342054e-04
39	2.70341820651720e-04
40	2.75488973588563e-04
41	2.76659842126817e-04
42	2.76121646003166e-04
43	2.70584038499107e-04
44	2.75126570127790e-04
45	2.81480711461044e-04
46	2.64276588149104e-04
47	2.88965701665555e-04
48	2.82372417260124e-04
49	2.77789394695948e-04
50	2.77421565239253e-04
51	2.73841152046971e-04
52	2.76552189810015e-04
53	2.83845425643931e-04
54	2.73416776410426e-04
55	2.82746599962702e-04
56	2.79457540130194e-04
57	2.75430356728967e-04
58	2.82137499075588e-04
59	2.80602431664191e-04
60	2.85286440459504e-04
61	2.75363356059276e-04
62	2.82609459714920e-04
63	2.78217905629307e-04
64	2.79681627489178e-04
65	2.75402838172236e-04
66	2.86689820022608e-04
67	2.73417294478354e-04
68	2.80091216199200e-04
69	2.78649014999462e-04
70	2.84747351414196e-04
71	2.85764751929911e-04
72	2.78723286460830e-04
73	2.84432112953449e-04
74	2.90586311721542e-04
75	2.73634985828886e-04
76	2.85053071584545e-04
77	2.79238802309989e-04
78	2.82243951109459e-04
79	2.79159442329375e-04
80	2.83863869423782e-04
81	2.86791956213442e-04
82	2.90907909555299e-04
83	2.83207434282375e-04
84	2.92580477434225e-04
85	2.78570189042660e-04
86	2.75163058802837e-04
87	2.82176901095301e-04
88	2.77850517279690e-04
89	2.68637552021386e-04
90	2.76013706446387e-04
91	2.85073657016774e-04
92	2.71933531825448e-04
93	2.86964500994059e-04
94	2.89307402940828e-04
95	2.69585920054267e-04
96	2.82790838061187e-04
97	2.91506772871578e-04
98	2.88102824951249e-04
99	2.93151755857912e-04
