1	6.68060689743046e-05
2	8.22689237341611e-05
3	9.12335121884378e-05
4	9.67703456577175e-05
5	1.00883480169805e-04
6	1.03190973421324e-04
7	1.05349233342958e-04
8	1.07517036455008e-04
9	1.08459562862526e-04
10	1.10471000542076e-04
11	1.11044914897664e-04
12	1.10823388801237e-04
13	1.11108305450879e-04
14	1.11988196602481e-04
15	1.12973310098816e-04
16	1.11774570312274e-04
17	1.13297432124603e-04
18	1.11700671409107e-04
19	1.13168869292882e-04
20	1.14254124407450e-04
21	1.10222395596457e-04
22	1.13129744523722e-04
23	1.11905014489292e-04
24	1.14275281818394e-04
25	1.13155743202544e-04
26	1.13930126579083e-04
27	1.11546498027691e-04
28	1.14136947429383e-04
29	1.14618967631573e-04
30	1.13613903797601e-04
31	1.13571005224544e-04
32	1.12756037355903e-04
33	1.13104040989138e-04
34	1.12871173378246e-04
35	1.13262848853305e-04
36	1.11719027489592e-04
37	1.12009751871612e-04
38	1.14878715617328e-04
39	1.13204279398434e-04
40	1.11260610560459e-04
41	1.16573469121351e-04
42	1.12183235714248e-04
43	1.12541378774204e-04
44	1.16031769804923e-04
45	1.13160805587388e-04
46	1.10411817258748e-04
47	1.17672606828946e-04
48	1.12529886350986e-04
49	1.13363136465346e-04
50	1.15046528450848e-04
51	1.12656269633213e-04
52	1.12228708270756e-04
53	1.12736112415300e-04
54	1.08292134526687e-04
55	1.11505249191890e-04
56	1.08610618288528e-04
57	1.09676006889642e-04
58	1.18613118799642e-04
59	1.10134717929808e-04
60	1.13887713634469e-04
61	1.07115707215239e-04
62	1.13755525512749e-04
63	1.12129405405600e-04
64	1.15516617459780e-04
65	1.12464725722432e-04
66	1.11267389845137e-04
67	1.09547591613050e-04
68	1.11971425221930e-04
69	1.14635025200831e-04
70	1.11242253137223e-04
71	1.10070552032461e-04
72	1.11732642481238e-04
73	1.11162836513085e-04
74	1.13858371809707e-04
75	1.11912866176518e-04
76	1.08155423374385e-04
77	1.08578326388123e-04
78	1.09907835123108e-04
79	1.13596935623876e-04
80	1.12867977108037e-04
81	1.08064400482059e-04
82	1.10831308616809e-04
83	1.13065794317725e-04
84	1.14266199440243e-04
85	1.14018385725421e-04
86	1.10119346955394e-04
87	1.10830487845415e-04
88	1.14472524312989e-04
89	1.09171013188318e-04
90	1.10259133647289e-04
91	1.07463962807564e-04
92	1.09464710051649e-04
93	1.05215712687456e-04
94	1.11265292489842e-04
95	1.11051241545340e-04
96	1.11729606654717e-04
97	1.11423841023736e-04
98	1.06371489190521e-04
99	1.15265495239836e-04
