1	1.81401408198806e-04
2	2.32773242947652e-04
3	2.66556989110024e-04
4	2.88578319898336e-04
5	3.07477601319615e-04
6	3.19312169102514e-04
7	3.28346799255338e-04
8	3.35875645647752e-04
9	3.42601026601094e-04
10	3.49054510656287e-04
11	3.54438184235323e-04
12	3.62548284849216e-04
13	3.60278064999690e-04
14	3.61921302694633e-04
15	3.65333395455336e-04
16	3.67493438565143e-04
17	3.74000849733671e-04
18	3.71386490722246e-04
19	3.72760760435494e-04
20	3.71148239552007e-04
21	3.76717643648733e-04
22	3.80320414075086e-04
23	3.75311320092452e-04
24	3.77912725797169e-04
25	3.87476800166882e-04
26	3.84921043445577e-04
27	3.82939828046342e-04
28	3.87433730447790e-04
29	3.82347223320003e-04
30	3.77078202323469e-04
31	3.94497547601927e-04
32	3.86608319231074e-04
33	3.95796478933754e-04
34	3.91824055673788e-04
35	3.94279726712912e-04
36	3.91437184576448e-04
37	3.78867923788679e-04
38	3.94853525628322e-04
39	3.94785820856487e-04
40	3.87129405835359e-04
41	4.03044001650758e-04
42	3.87355065585631e-04
43	4.05887170144332e-04
44	3.95991141608094e-04
45	4.01948949297082e-04
46	4.01803906229480e-04
47	4.13449733981348e-04
48	3.99846417441275e-04
49	4.11542109314757e-04
50	4.03391423114663e-04
51	4.04066999286558e-04
52	4.09093439520427e-04
53	4.15057689290113e-04
54	4.04511426207996e-04
55	4.07262751556723e-04
56	4.12636245863141e-04
57	4.04167282919638e-04
58	4.05487228913448e-04
59	4.07589414169304e-04
60	4.06214820852390e-04
61	4.13834853130489e-04
62	4.19058531830099e-04
63	4.09340913952442e-04
64	4.10087725358832e-04
65	4.14604193037318e-04
66	4.10722306256712e-04
67	4.30978433829639e-04
68	4.14548772651576e-04
69	4.13187174542466e-04
70	4.00085795528610e-04
71	4.07718081150286e-04
72	4.11960171254819e-04
73	4.11032278260061e-04
74	3.85461598086335e-04
75	4.12790201134956e-04
76	4.08499573493046e-04
77	4.14283162939692e-04
78	3.98857919103080e-04
79	4.13803676939323e-04
80	3.92057644455763e-04
81	4.14563180272624e-04
82	4.01787188454411e-04
83	4.11736306298103e-04
84	3.93958379922655e-04
85	4.09524661890363e-04
86	4.00050661982147e-04
87	4.10533171580019e-04
88	4.11249729598344e-04
89	3.92554803923258e-04
90	4.10827530963421e-04
91	4.00887116332077e-04
92	4.08199747486634e-04
93	4.03222972914944e-04
94	4.19388609257628e-04
95	4.14229030250562e-04
96	4.10778892078623e-04
97	4.00215859072288e-04
98	3.96261421747162e-04
99	4.05747020666867e-04
