1	6.25694001558966e-06
2	7.66953619329559e-06
3	8.50957299198556e-06
4	8.98979237176832e-06
5	9.32845418859316e-06
6	9.59151151166905e-06
7	9.86128621545410e-06
8	9.84308556525628e-06
9	1.00844520344428e-05
10	9.93978448547180e-06
11	1.01297213455193e-05
12	9.99820704619481e-06
13	1.02272417918488e-05
14	1.02095376920635e-05
15	1.00721384796178e-05
16	9.98145595545516e-06
17	1.03737171341848e-05
18	1.02896281382491e-05
19	1.02277552365324e-05
20	1.03140794364443e-05
21	1.02889264407007e-05
22	1.04203444582094e-05
23	1.03295840892396e-05
24	1.02023737181890e-05
25	1.03779907650849e-05
26	1.04198933275385e-05
27	1.04842613295304e-05
28	1.02607787540635e-05
29	1.03695972023080e-05
30	1.01484546264762e-05
31	1.04040663564058e-05
32	1.03187853170493e-05
33	1.04082020573680e-05
34	1.06095569010203e-05
35	1.03890891419210e-05
36	1.05052158820822e-05
37	1.04422346001231e-05
38	1.01657340689203e-05
39	1.05165771328843e-05
40	1.03560059146879e-05
41	1.01865610096951e-05
42	1.03569327159060e-05
43	1.01845600545029e-05
44	1.03708918269104e-05
45	9.99034511421430e-06
46	1.05356799042418e-05
47	1.01726907751465e-05
48	1.05516125720683e-05
49	1.02453432841411e-05
50	1.02098274174107e-05
51	1.03429474504385e-05
52	1.03430754716686e-05
53	1.04854078287854e-05
54	1.03155381098720e-05
55	1.03561158352257e-05
56	1.05844199730756e-05
57	1.01452738525619e-05
58	1.04421498124295e-05
59	1.03592485303977e-05
60	1.01160802858457e-05
61	1.04037659484914e-05
62	9.84382213104222e-06
63	9.82914247967261e-06
64	1.03096671119725e-05
65	1.01992098260667e-05
66	1.06376801240714e-05
67	1.04027697960372e-05
68	1.04991762188207e-05
69	1.07930724830505e-05
70	1.04124939969971e-05
71	1.06530161833274e-05
72	1.04747620744060e-05
73	9.98657203488884e-06
74	1.06566600950968e-05
75	1.01361227741502e-05
76	1.01809574204227e-05
77	1.02078968135050e-05
78	1.10765618566790e-05
79	1.06941904238874e-05
80	1.03114748613233e-05
81	1.03541863146857e-05
82	1.03650813526603e-05
83	1.01667402752649e-05
84	1.01007979674337e-05
85	9.97410944910054e-06
86	9.88338332018667e-06
87	1.07508443716101e-05
88	1.03585622890560e-05
89	1.04399227754912e-05
90	1.00066744524326e-05
91	1.03001485307720e-05
92	1.05543773397873e-05
93	9.39644584197200e-06
94	1.01861352199742e-05
95	1.05477975406144e-05
96	1.07299581152483e-05
97	1.06784058747066e-05
98	1.01149017747620e-05
99	1.03734918896592e-05
