1	1.07693788584955e-03
2	1.42267163590421e-03
3	1.66439922119629e-03
4	1.84786324916448e-03
5	1.99697592162269e-03
6	2.12374678091819e-03
7	2.21702310928785e-03
8	2.32117916758387e-03
9	2.39528661260423e-03
10	2.48217810356775e-03
11	2.53716446066131e-03
12	2.58257116098644e-03
13	2.64472027341312e-03
14	2.69485614465073e-03
15	2.69321602437808e-03
16	2.74222730545818e-03
17	2.74387259928095e-03
18	2.79524533567623e-03
19	2.85385477005545e-03
20	2.82800627577337e-03
21	2.89858059672509e-03
22	2.90147780523744e-03
23	2.89946195206009e-03
24	2.89431415465592e-03
25	2.98456574325366e-03
26	3.01398611900549e-03
27	3.00630160757240e-03
28	3.02101834266716e-03
29	2.99590333418881e-03
30	2.99312354908835e-03
31	3.06413886238293e-03
32	3.02019362420730e-03
33	3.04199731387783e-03
34	3.00691025167355e-03
35	3.08449277859722e-03
36	3.09940351754595e-03
37	3.10843300045453e-03
38	3.08852285959500e-03
39	3.06791046823546e-03
40	3.12307442823994e-03
41	3.09541833805937e-03
42	3.11517397332715e-03
43	3.09307321417930e-03
44	3.17375102351045e-03
45	3.20497401983141e-03
46	3.18561276040964e-03
47	3.14936804528007e-03
48	3.18756778432743e-03
49	3.25431965775267e-03
50	3.21324733689405e-03
51	3.21666199482193e-03
52	3.14912892258275e-03
53	3.21810582046916e-03
54	3.18330947058977e-03
55	3.21132054518649e-03
56	3.22795109418524e-03
57	3.20428072453065e-03
58	3.20745149168038e-03
59	3.23021069051846e-03
60	3.16307637416378e-03
61	3.24366359660177e-03
62	3.30314340281572e-03
63	3.23453974369974e-03
64	3.28943576396750e-03
65	3.30680707879636e-03
66	3.33301821437198e-03
67	3.41881923820862e-03
68	3.16807827790055e-03
69	3.28078239858012e-03
70	3.34534002145988e-03
71	3.22775073612265e-03
72	3.38450863069927e-03
73	3.37837855130743e-03
74	3.40038611063791e-03
75	3.20114682494538e-03
76	3.16456148428815e-03
77	3.29080661935209e-03
78	3.23989201340105e-03
79	3.39439943220667e-03
80	3.32519241934991e-03
81	3.33410089683742e-03
82	3.19455764707169e-03
83	3.20632976138372e-03
84	3.13337907944903e-03
85	3.19790246151613e-03
86	3.26117980443071e-03
87	3.36877431755126e-03
88	3.41022883067802e-03
89	3.27659898139974e-03
90	3.43405885638361e-03
91	3.19254865439139e-03
92	3.38498775179445e-03
93	3.23367663995489e-03
94	3.15631538918746e-03
95	3.25901483028236e-03
96	3.38824863279873e-03
97	3.41673009007247e-03
98	3.50638830086425e-03
99	3.27866326853715e-03
