1	7.29205368748176e-05
2	7.89797597601788e-05
3	8.24137857251112e-05
4	8.35026564734128e-05
5	8.55056737872203e-05
6	8.59952976541045e-05
7	8.62093401140108e-05
8	8.69632208603507e-05
9	8.79191787280353e-05
10	8.79884948265190e-05
11	8.86735169792685e-05
12	8.78913596795471e-05
13	8.78495377949326e-05
14	8.71411578229099e-05
15	9.17525241317968e-05
16	8.89897055011770e-05
17	8.88799434167333e-05
18	8.89784282979416e-05
19	8.92377381157125e-05
20	8.74228154944821e-05
21	9.03823205705168e-05
22	9.05372965967600e-05
23	8.89813741359251e-05
24	8.77926816275829e-05
25	9.01472677100061e-05
26	8.50903739532372e-05
27	9.03536922291326e-05
28	8.64522746304099e-05
29	8.78154593991956e-05
30	8.76677351479185e-05
31	8.64082635525300e-05
32	8.68476259830247e-05
33	8.58116404774111e-05
34	8.74599284452893e-05
35	8.96409383100580e-05
36	8.54865344159333e-05
37	8.64730427107511e-05
38	8.64619085512740e-05
39	8.89246766298731e-05
40	8.75511250553361e-05
41	8.90660545109192e-05
42	8.75671266938348e-05
43	9.09805211590960e-05
44	8.89371309453584e-05
45	8.99287575525469e-05
46	8.60362158800244e-05
47	8.93055618395115e-05
48	8.90999483876523e-05
49	8.94442972605036e-05
50	8.86225521066594e-05
51	8.91592603514001e-05
52	8.68186586884704e-05
53	8.65599543945405e-05
54	8.69641856052835e-05
55	9.16663367335018e-05
56	8.50038564296911e-05
57	8.93581017850375e-05
58	9.09798008951754e-05
59	8.94064989485700e-05
60	8.96313085105962e-05
61	8.96737282013327e-05
62	8.93954798571623e-05
63	8.75759177846583e-05
64	8.96782797900978e-05
65	9.00862986234456e-05
66	9.03620407491254e-05
67	9.13608712101450e-05
68	8.85072715410871e-05
69	8.75179965527096e-05
70	9.05281565017824e-05
71	9.08793694796923e-05
72	9.03984521238489e-05
73	9.22279599970944e-05
74	8.90841525677285e-05
75	9.29695877583267e-05
76	8.81403417260029e-05
77	9.02881713354324e-05
78	8.87738539292417e-05
79	8.66251077438853e-05
80	9.24775877920295e-05
81	8.91016590940859e-05
82	8.71970789722053e-05
83	9.18147155001362e-05
84	9.35635228912797e-05
85	9.18336465070874e-05
86	9.10320514819590e-05
87	8.63471181345796e-05
88	9.06286642135363e-05
89	9.08988897971414e-05
90	9.12399101529527e-05
91	8.99307728334216e-05
92	9.29784748181788e-05
93	8.91480661481252e-05
94	9.23871528517792e-05
95	9.22143089512261e-05
96	9.20112280543215e-05
97	9.30497436531882e-05
98	9.12802150916746e-05
99	8.65628878947530e-05
