1	7.09287871622121e-04
2	9.36542241191261e-04
3	1.09607593711493e-03
4	1.21652129798292e-03
5	1.31039437479778e-03
6	1.38998080910220e-03
7	1.45497220228871e-03
8	1.50791140003891e-03
9	1.56284557967776e-03
10	1.60348420588655e-03
11	1.65621439063211e-03
12	1.67800690442513e-03
13	1.72410528959953e-03
14	1.73690218801883e-03
15	1.74740568903333e-03
16	1.78059027461644e-03
17	1.78575382912992e-03
18	1.82732203210331e-03
19	1.86192232384410e-03
20	1.85899099967726e-03
21	1.88698153122989e-03
22	1.90143941567431e-03
23	1.87381411614746e-03
24	1.87920833737213e-03
25	1.91846657381794e-03
26	1.92452046911783e-03
27	1.92951022543093e-03
28	1.93175705814238e-03
29	1.96983719273349e-03
30	1.96432061910596e-03
31	1.99926610556844e-03
32	2.00329590356522e-03
33	1.99748795895362e-03
34	1.99530368448249e-03
35	2.00257992371810e-03
36	2.01636988561229e-03
37	1.97439675524300e-03
38	2.00899369626881e-03
39	2.04234944737071e-03
40	2.04772608536463e-03
41	1.97600505304823e-03
42	2.00801544067131e-03
43	2.03997984823778e-03
44	1.99701357206128e-03
45	2.03789921746925e-03
46	2.00329793321945e-03
47	2.00353335345619e-03
48	1.98759055967395e-03
49	2.04957694398473e-03
50	2.08732748665286e-03
51	2.07582765562936e-03
52	2.06967219721331e-03
53	2.03354438488074e-03
54	1.97441320962148e-03
55	2.10266911988987e-03
56	1.97843286896393e-03
57	2.07869026451464e-03
58	2.05770288980490e-03
59	2.04051144593495e-03
60	2.03365804833295e-03
61	2.02491856194813e-03
62	2.10792506125674e-03
63	2.07722809349591e-03
64	2.10867835465374e-03
65	2.13041163811010e-03
66	2.01963480628457e-03
67	2.13162595452665e-03
68	2.10013138526486e-03
69	2.11421245445877e-03
70	2.12242523287688e-03
71	2.08215143652176e-03
72	2.18271714556325e-03
73	2.08109442275458e-03
74	2.08551746643859e-03
75	2.06493905562608e-03
76	2.12157471106585e-03
77	2.10434660736324e-03
78	2.11141509444444e-03
79	2.11215729104418e-03
80	2.08285209718362e-03
81	2.04152532783654e-03
82	1.98390789134216e-03
83	2.04973715632802e-03
84	2.14992951599545e-03
85	2.10443384169757e-03
86	2.08443397951040e-03
87	2.07551233176159e-03
88	2.08359280284915e-03
89	2.05594871546122e-03
90	2.11252235309333e-03
91	2.04993331443347e-03
92	2.05800683933424e-03
93	2.12774087006106e-03
94	2.12370124951148e-03
95	2.14948484049217e-03
96	2.00980174069160e-03
97	2.12914664500660e-03
98	2.16859280865426e-03
99	2.17800224377145e-03
