1	7.56696217107389e-05
2	8.27395931697364e-05
3	8.63372163852111e-05
4	8.99539700333966e-05
5	9.14268463674026e-05
6	9.19411451680696e-05
7	9.36495586221726e-05
8	9.39533158022098e-05
9	9.43591442676094e-05
10	9.40197610678665e-05
11	9.48251535732463e-05
12	9.65405171081939e-05
13	9.47947230302817e-05
14	9.48479872814378e-05
15	9.63446485997642e-05
16	9.65181938485654e-05
17	9.57962635786532e-05
18	9.58621720484459e-05
19	9.58030179009037e-05
20	9.66002190015542e-05
21	9.59947970332355e-05
22	9.77566526312808e-05
23	9.74756923061583e-05
24	9.66534195654359e-05
25	9.96911341640024e-05
26	9.87166044728432e-05
27	9.92734675669731e-05
28	9.81868217612962e-05
29	9.66705359344648e-05
30	9.88687419847972e-05
31	9.81104423270153e-05
32	9.64330794321262e-05
33	9.93833741347075e-05
34	9.68410530291199e-05
35	9.80229531387112e-05
36	9.89715339561089e-05
37	9.75648689471764e-05
38	1.00592766107557e-04
39	9.68200006563623e-05
40	1.00123683771095e-04
41	1.00508150833262e-04
42	9.56472197926470e-05
43	9.97608302234465e-05
44	1.00287089388433e-04
45	9.96751952765397e-05
46	1.00338830673599e-04
47	9.72304283402250e-05
48	9.65671494488799e-05
49	9.81605982558081e-05
50	9.82831773521011e-05
51	9.73792702967504e-05
52	1.00218150419270e-04
53	1.01545402331217e-04
54	1.01436120806795e-04
55	1.01363498974752e-04
56	9.90292592652159e-05
57	9.84103196508819e-05
58	9.77493232854050e-05
59	9.96642716695138e-05
60	9.96832494069756e-05
61	1.00517044533775e-04
62	1.02651443821535e-04
63	1.01767613565116e-04
64	9.82570293671195e-05
65	9.81938403864954e-05
66	1.02004072256062e-04
67	9.71306701859999e-05
68	9.87022482648093e-05
69	9.83301040493130e-05
70	1.00585730418030e-04
71	9.93084823242922e-05
72	1.00712133035053e-04
73	9.90295765816156e-05
74	1.00723207817966e-04
75	1.00379201067923e-04
76	1.04359711348661e-04
77	9.96851286808778e-05
78	9.78361435514523e-05
79	1.01462472024337e-04
80	9.92745018938497e-05
81	9.55459070665345e-05
82	1.02471855088087e-04
83	1.02984880198477e-04
84	9.98144512001938e-05
85	9.67723221474577e-05
86	9.50661781596129e-05
87	1.03696021410534e-04
88	9.89190755582921e-05
89	1.07011436791092e-04
90	1.01548217283987e-04
91	1.01308218508110e-04
92	9.75591327525663e-05
93	1.01329366916328e-04
94	9.94443468833559e-05
95	1.03056679237676e-04
96	1.01583219815507e-04
97	1.01400894558568e-04
98	1.00494457619221e-04
99	1.00896848110585e-04
