1	4.52034515514736e-04
2	5.31768170947863e-04
3	5.79174859302607e-04
4	6.14813033422741e-04
5	6.42322373954931e-04
6	6.52718059893417e-04
7	6.67088598111460e-04
8	6.70488015502843e-04
9	6.84088447803721e-04
10	7.00787370723941e-04
11	6.99043214658500e-04
12	6.98029468479437e-04
13	7.12205351430676e-04
14	7.11092004830101e-04
15	7.07513689106235e-04
16	6.99677021393412e-04
17	7.15682027512232e-04
18	7.09423841719031e-04
19	7.27221949112576e-04
20	7.18250578511708e-04
21	7.16724523783409e-04
22	7.16528832013259e-04
23	7.18960436327368e-04
24	7.16408552070567e-04
25	7.18040931156059e-04
26	7.09725503558100e-04
27	7.23532684427638e-04
28	7.07940452220790e-04
29	7.35590771030585e-04
30	7.29190420475361e-04
31	7.09330207551567e-04
32	7.11969593825430e-04
33	7.21534723042281e-04
34	7.20157516233332e-04
35	7.38590466694776e-04
36	6.95472215199364e-04
37	7.04686892923846e-04
38	7.27859901908929e-04
39	7.52324732404027e-04
40	7.21040283108223e-04
41	7.27802582133719e-04
42	7.16679867544467e-04
43	7.37614757010256e-04
44	7.10171070853374e-04
45	7.30400165017282e-04
46	7.39175829411826e-04
47	7.25277389590862e-04
48	7.37898252696144e-04
49	7.33643201046212e-04
50	7.32433572981843e-04
51	7.29290137406947e-04
52	7.29000517659817e-04
53	7.06354518310118e-04
54	7.06506709094758e-04
55	7.39780606520728e-04
56	7.10172857802559e-04
57	7.41588334792008e-04
58	7.28727327170981e-04
59	6.96285702895696e-04
60	7.54237294958632e-04
61	7.27130527409790e-04
62	7.05449849123139e-04
63	7.29045980317329e-04
64	6.74815342590266e-04
65	7.18005127389389e-04
66	7.22703132497307e-04
67	6.80594067066572e-04
68	7.29097222140118e-04
69	7.23714821070536e-04
70	7.35390831117982e-04
71	6.94865162678346e-04
72	7.03792086371826e-04
73	7.18321190515824e-04
74	6.87899215490324e-04
75	7.41186494304301e-04
76	7.07932817713470e-04
77	7.22562032988457e-04
78	7.24275731469496e-04
79	7.42316537588952e-04
80	7.18756647642093e-04
81	7.47453234787255e-04
82	7.47617093608071e-04
83	7.15588822860436e-04
84	7.32685226012263e-04
85	7.17310168554554e-04
86	7.36545671814548e-04
87	7.60609175964220e-04
88	7.17887995719186e-04
89	7.34421824740573e-04
90	7.30125573790557e-04
91	7.52481839158569e-04
92	7.05158140077917e-04
93	7.08405718445998e-04
94	7.34154170464382e-04
95	7.28698933218013e-04
96	7.41243957759198e-04
97	7.15056218130905e-04
98	7.03428941410013e-04
99	6.65415930915094e-04
