1	1.10881904745187e-06
2	1.10506079471786e-06
3	1.10169555845687e-06
4	1.09280314787328e-06
5	1.11170967433097e-06
6	1.10802810030343e-06
7	1.09468220977009e-06
8	1.10491512796279e-06
9	1.10356905895053e-06
10	1.10392336690850e-06
11	1.11404498411989e-06
12	1.12465022950737e-06
13	1.10092528157719e-06
14	1.12819499106022e-06
15	1.13273975230740e-06
16	1.11978787276858e-06
17	1.12876883878676e-06
18	1.13476858490463e-06
19	1.10478781869271e-06
20	1.12658492799968e-06
21	1.11593228655424e-06
22	1.11247181804122e-06
23	1.12051311269712e-06
24	1.12065044781452e-06
25	1.08450080682846e-06
26	1.11061185380863e-06
27	1.15064112754978e-06
28	1.11150795182594e-06
29	1.10837907177918e-06
30	1.14365958623269e-06
31	1.14824159452052e-06
32	1.13597964770606e-06
33	1.14245572665618e-06
34	1.16046418567568e-06
35	1.14494481212437e-06
36	1.15608949500727e-06
37	1.11976146427013e-06
38	1.16753761178561e-06
39	1.14661346901046e-06
40	1.16960984947587e-06
41	1.18072780506129e-06
42	1.19056767189933e-06
43	1.15755163735017e-06
44	1.19818543409764e-06
45	1.18320010521369e-06
46	1.15460258791068e-06
47	1.14088919455318e-06
48	1.16474046223841e-06
49	1.15716965362774e-06
50	1.14792595580165e-06
51	1.14730241508747e-06
52	1.19218053942668e-06
53	1.19344200983648e-06
54	1.19501525161308e-06
55	1.21294648855345e-06
56	1.11254822017033e-06
57	1.16693082723435e-06
58	1.17038040248614e-06
59	1.17996107160724e-06
60	1.15264527890105e-06
61	1.18667197240745e-06
62	1.18728947517820e-06
63	1.18225697516802e-06
64	1.20340447025197e-06
65	1.15212106695548e-06
66	1.17642037467427e-06
67	1.22497761981345e-06
68	1.17192085869740e-06
69	1.10745939354017e-06
70	1.19048184633727e-06
71	1.24097504238979e-06
72	1.14041919900201e-06
73	1.23839386710696e-06
74	1.15864234353336e-06
75	1.20343693066546e-06
76	1.20367381825936e-06
77	1.14521852368960e-06
78	1.11671382599125e-06
79	1.16039847322204e-06
80	1.24776776685628e-06
81	1.20817730957949e-06
82	1.18637787909676e-06
83	1.19777015104286e-06
84	1.18298547493821e-06
85	1.17761537421075e-06
86	1.14844906432907e-06
87	1.15838587286275e-06
88	1.26882669588456e-06
89	1.19437992068106e-06
90	1.21780233615740e-06
91	1.21475524130748e-06
92	1.18742194100748e-06
93	1.23148569660340e-06
94	1.25270063012600e-06
95	1.22992540791030e-06
96	1.23862656330370e-06
97	1.15947819568654e-06
98	1.17321869654768e-06
99	1.15728130756265e-06
