1	2.45655390365900e-04
2	2.82371735893734e-04
3	3.07313852965436e-04
4	3.21420015265502e-04
5	3.34847866768027e-04
6	3.44623195654035e-04
7	3.54549354949515e-04
8	3.53769485649287e-04
9	3.62962265088030e-04
10	3.68391605439371e-04
11	3.70179377482628e-04
12	3.69471562293852e-04
13	3.73398116411813e-04
14	3.81538120048028e-04
15	3.80317442744154e-04
16	3.83655177018540e-04
17	3.88701937757185e-04
18	3.94314565624524e-04
19	3.88069109634118e-04
20	3.90838798824260e-04
21	3.92365282564923e-04
22	3.97053861158808e-04
23	3.87748953639265e-04
24	3.91615835770601e-04
25	3.85579269405823e-04
26	3.96044905144596e-04
27	3.96578838209335e-04
28	4.04621619692088e-04
29	3.91962148159992e-04
30	4.03141617734565e-04
31	3.96013929590233e-04
32	4.02195967043706e-04
33	4.00146474090803e-04
34	3.98247504889366e-04
35	3.97965364307182e-04
36	4.03638906404000e-04
37	4.04550248508427e-04
38	3.99730300066755e-04
39	4.16509287856399e-04
40	4.05707951959044e-04
41	4.08537210884833e-04
42	4.06668833125738e-04
43	3.97816698631722e-04
44	3.97757769629378e-04
45	4.08455316310639e-04
46	3.94667483706624e-04
47	4.14385321522428e-04
48	3.97794447359107e-04
49	4.29085266759613e-04
50	4.05864716366184e-04
51	4.09390095183070e-04
52	4.01712276219182e-04
53	4.20004194906949e-04
54	4.13731295803782e-04
55	4.13475049009309e-04
56	4.06930528967535e-04
57	4.13236171234585e-04
58	4.10159810615970e-04
59	4.15805269913140e-04
60	4.17737084514973e-04
61	4.02328212527015e-04
62	3.86352704545208e-04
63	4.08845564724743e-04
64	4.05668987791869e-04
65	4.19615953969592e-04
66	4.01579792513168e-04
67	3.96108442220434e-04
68	3.99030045596996e-04
69	4.13954411487651e-04
70	3.98527406916967e-04
71	4.16537619605409e-04
72	3.96712894748485e-04
73	4.04305651119890e-04
74	4.00420809157105e-04
75	4.05891809851692e-04
76	4.03507708479348e-04
77	3.93529870365836e-04
78	4.09207792753000e-04
79	4.15306286794533e-04
80	4.09899135477967e-04
81	4.09454489297194e-04
82	3.94915553538146e-04
83	3.82418104623193e-04
84	4.05003804673963e-04
85	4.19593207497326e-04
86	4.07993063134234e-04
87	4.16311280452701e-04
88	4.11101451479406e-04
89	3.83299611855346e-04
90	3.94873542845370e-04
91	4.19955763586995e-04
92	4.08805321866476e-04
93	4.17118855412225e-04
94	3.92597674463728e-04
95	4.07909324164093e-04
96	4.16565899779654e-04
97	3.93418022816014e-04
98	4.28529356283033e-04
99	4.07560548169225e-04
