1	2.15768381512033e-04
2	2.48256167940778e-04
3	2.68045046230209e-04
4	2.80744057713209e-04
5	2.93053442057241e-04
6	2.99115682494177e-04
7	3.02190200571548e-04
8	3.09118126017479e-04
9	3.13308033484930e-04
10	3.18445395167212e-04
11	3.14968081390121e-04
12	3.16118905308862e-04
13	3.25435791332435e-04
14	3.19440918705795e-04
15	3.26692152556940e-04
16	3.29560929746098e-04
17	3.29847341170986e-04
18	3.27560784285283e-04
19	3.32019184137503e-04
20	3.26629620681288e-04
21	3.22437147816204e-04
22	3.26138348055043e-04
23	3.37077060574605e-04
24	3.26439574028609e-04
25	3.25604327839789e-04
26	3.38582790200219e-04
27	3.27668540582982e-04
28	3.24921218661955e-04
29	3.33282802660584e-04
30	3.41134718601962e-04
31	3.35195549902655e-04
32	3.32323365985963e-04
33	3.35849918535162e-04
34	3.36128465307968e-04
35	3.28598854878907e-04
36	3.28391684936824e-04
37	3.34857060605911e-04
38	3.41775219665891e-04
39	3.42562599531993e-04
40	3.32809344013661e-04
41	3.42041587835374e-04
42	3.31658207487167e-04
43	3.32498983623981e-04
44	3.35320512313205e-04
45	3.34489113949618e-04
46	3.41461228641973e-04
47	3.36692383842778e-04
48	3.37715653404863e-04
49	3.36875788867209e-04
50	3.41102095883368e-04
51	3.36557457615334e-04
52	3.35197344106032e-04
53	3.37874124232344e-04
54	3.31036421044463e-04
55	3.24009641563221e-04
56	3.32017474803636e-04
57	3.44026263874494e-04
58	3.32431408799599e-04
59	3.35255003887297e-04
60	3.41047626418392e-04
61	3.27867584588519e-04
62	3.22427090646980e-04
63	3.23969626447513e-04
64	3.50020695416740e-04
65	3.41067207483473e-04
66	3.44004653065676e-04
67	3.34961716391901e-04
68	3.39816551962716e-04
69	3.39465894462311e-04
70	3.22166612297059e-04
71	3.30944465400534e-04
72	3.22328573383886e-04
73	3.32497415826796e-04
74	3.29176847098218e-04
75	3.30964644254764e-04
76	3.42331601314348e-04
77	3.37815444264209e-04
78	3.46182128370156e-04
79	3.25597024278055e-04
80	3.44055604264145e-04
81	3.25155670994133e-04
82	3.32147579567768e-04
83	3.32963414010795e-04
84	3.32332990119207e-04
85	3.26477499599157e-04
86	3.25241657551208e-04
87	3.40247632293434e-04
88	3.33770587656286e-04
89	3.19993144478100e-04
90	3.31766226336037e-04
91	3.32036735752834e-04
92	3.29196646449033e-04
93	3.31164770776805e-04
94	3.29930022866902e-04
95	3.44796262155056e-04
96	3.36754616740664e-04
97	3.33540276863796e-04
98	3.26543824278032e-04
99	3.26245060923487e-04
