1	1.92771815093656e-04
2	2.20709926399382e-04
3	2.35994468666142e-04
4	2.47692335587658e-04
5	2.52337970241504e-04
6	2.57868229666578e-04
7	2.63997708933138e-04
8	2.66136615628602e-04
9	2.71568862038200e-04
10	2.65925517413614e-04
11	2.71060691202066e-04
12	2.73099624736008e-04
13	2.76184729370471e-04
14	2.75869108030832e-04
15	2.72298264168989e-04
16	2.72887667118044e-04
17	2.76372954526154e-04
18	2.78767777618363e-04
19	2.81284766916093e-04
20	2.79060878324136e-04
21	2.78832467552255e-04
22	2.82869432406875e-04
23	2.84193263472964e-04
24	2.82474247763732e-04
25	2.81600073319316e-04
26	2.87515095232473e-04
27	2.84460536141522e-04
28	2.88807052619020e-04
29	2.80162588763645e-04
30	2.77475138406083e-04
31	2.85910949606889e-04
32	2.78333292884217e-04
33	2.85090283594307e-04
34	2.86196487537290e-04
35	2.78116975429011e-04
36	2.80713450168400e-04
37	2.87413283044772e-04
38	2.84979064099536e-04
39	2.81932768933027e-04
40	2.85861336958603e-04
41	2.91302579793405e-04
42	2.95088586555534e-04
43	2.83477857034057e-04
44	2.81859234663628e-04
45	2.83345053793085e-04
46	2.82000887574519e-04
47	2.81163787049362e-04
48	2.77281027298586e-04
49	2.84119752384609e-04
50	2.79470663703389e-04
51	2.76407493186946e-04
52	2.89819353832164e-04
53	2.92410598213996e-04
54	2.93186180759348e-04
55	2.82468811968977e-04
56	2.94209669979337e-04
57	2.93309834776780e-04
58	2.79335995351450e-04
59	2.88711124573223e-04
60	2.93762818987652e-04
61	2.94424185067361e-04
62	2.94299322258012e-04
63	2.93946986105914e-04
64	2.94106130786146e-04
65	2.83836152846719e-04
66	2.96356166122726e-04
67	2.91587125297495e-04
68	2.98084099207657e-04
69	2.99872582730044e-04
70	3.03733846006058e-04
71	2.96103888509386e-04
72	2.95824835126467e-04
73	2.88010407576046e-04
74	2.93974908820440e-04
75	2.94402972196053e-04
76	2.91129809900252e-04
77	2.95790837719183e-04
78	2.99501358152642e-04
79	2.88723124751114e-04
80	2.94901315948013e-04
81	2.96970699899789e-04
82	2.96173356816642e-04
83	2.96263690133342e-04
84	2.96845516549257e-04
85	2.94693077874782e-04
86	2.97071664077290e-04
87	2.98679283580908e-04
88	2.98387223971488e-04
89	2.89152548222138e-04
90	3.02063227002518e-04
91	3.05317669840661e-04
92	2.86940635742587e-04
93	2.93220091149093e-04
94	2.99042767114005e-04
95	3.01496346570769e-04
96	2.74979749934547e-04
97	3.05880783457591e-04
98	3.03590035911465e-04
99	3.10442852687492e-04
