1	1.36525937320519e-04
2	1.50747607453788e-04
3	1.57543629789303e-04
4	1.61427953644084e-04
5	1.65300928193402e-04
6	1.68780129435924e-04
7	1.70873978627523e-04
8	1.69657917369306e-04
9	1.69386197598648e-04
10	1.72822240320197e-04
11	1.70206950527619e-04
12	1.72771654718702e-04
13	1.73365061360754e-04
14	1.73824450902326e-04
15	1.76996111356407e-04
16	1.74934266953420e-04
17	1.77875671063439e-04
18	1.73415568361029e-04
19	1.75371371822048e-04
20	1.72836794006292e-04
21	1.74840419269231e-04
22	1.73663667860661e-04
23	1.76483009944661e-04
24	1.74644450145052e-04
25	1.75430657788970e-04
26	1.75256829983501e-04
27	1.75249062001913e-04
28	1.69544457082533e-04
29	1.71193443281475e-04
30	1.77257943429121e-04
31	1.74788755126181e-04
32	1.76895298638565e-04
33	1.73362950092044e-04
34	1.76444389299717e-04
35	1.74017857554096e-04
36	1.76072293993836e-04
37	1.73518866393975e-04
38	1.76398723811377e-04
39	1.69926655885450e-04
40	1.76406441603012e-04
41	1.72766654738111e-04
42	1.75379157127335e-04
43	1.74501124179559e-04
44	1.71657608371625e-04
45	1.68725996622705e-04
46	1.76450727361131e-04
47	1.72628325204737e-04
48	1.75276478368620e-04
49	1.75618246688603e-04
50	1.77976041502398e-04
51	1.73134271102329e-04
52	1.72196633526219e-04
53	1.68697433546366e-04
54	1.68543062210427e-04
55	1.75987320658911e-04
56	1.68773116970803e-04
57	1.68462156941599e-04
58	1.70745465604768e-04
59	1.79240153680604e-04
60	1.69181467526873e-04
61	1.68138424981172e-04
62	1.71460378837737e-04
63	1.74429698729942e-04
64	1.73956336214152e-04
65	1.69430193075203e-04
66	1.75019951095896e-04
67	1.76572605065479e-04
68	1.70674634718809e-04
69	1.69204006476507e-04
70	1.70508326326449e-04
71	1.79192780641665e-04
72	1.76395062496438e-04
73	1.77925522906827e-04
74	1.72621336717114e-04
75	1.68639116817568e-04
76	1.78171408412022e-04
77	1.71172475443486e-04
78	1.69618181118626e-04
79	1.80629036005186e-04
80	1.76951103161315e-04
81	1.72821988288163e-04
82	1.84581753470951e-04
83	1.71236839825091e-04
84	1.75202822017167e-04
85	1.76877262146609e-04
86	1.67693627769625e-04
87	1.73311719456150e-04
88	1.72948031790091e-04
89	1.76526381000122e-04
90	1.72970730802630e-04
91	1.73593535930925e-04
92	1.82915581311938e-04
93	1.74604388680377e-04
94	1.82386660666388e-04
95	1.78099695902527e-04
96	1.78793857957357e-04
97	1.71473605954272e-04
98	1.71817543643909e-04
99	1.74320612093791e-04
