1	1.67692794773473e-04
2	1.90104090731575e-04
3	2.06335214564693e-04
4	2.13526909312966e-04
5	2.21452901075363e-04
6	2.29982532143649e-04
7	2.31050493684928e-04
8	2.33724440156581e-04
9	2.38689383525535e-04
10	2.35391483415164e-04
11	2.41230308904844e-04
12	2.41951347774003e-04
13	2.40017274577165e-04
14	2.41879032772777e-04
15	2.40693532041549e-04
16	2.45529254831315e-04
17	2.40077506471754e-04
18	2.50429609675168e-04
19	2.39776631793782e-04
20	2.41480164824707e-04
21	2.43995658422014e-04
22	2.41140806021932e-04
23	2.47137415544009e-04
24	2.47855467403410e-04
25	2.43603996628665e-04
26	2.50265691961282e-04
27	2.44202798029095e-04
28	2.45100637007453e-04
29	2.39118679567083e-04
30	2.45208241426778e-04
31	2.41353250341074e-04
32	2.46356407123956e-04
33	2.41471080949891e-04
34	2.38430131974057e-04
35	2.44615384813281e-04
36	2.47474811098654e-04
37	2.49140766723178e-04
38	2.31930533815584e-04
39	2.43713408934321e-04
40	2.30141797339292e-04
41	2.29722543665290e-04
42	2.38642461468639e-04
43	2.38087803788684e-04
44	2.41298267925209e-04
45	2.31869603421861e-04
46	2.40300487683614e-04
47	2.36980350610329e-04
48	2.40388788692232e-04
49	2.28851946912995e-04
50	2.39111337710959e-04
51	2.31293202844800e-04
52	2.22342827300090e-04
53	2.33987463237682e-04
54	2.39680795998153e-04
55	2.35047283087889e-04
56	2.38674990557145e-04
57	2.28986401286813e-04
58	2.32955912673833e-04
59	2.38064068195297e-04
60	2.23582312564409e-04
61	2.19218073029113e-04
62	2.24365556123942e-04
63	2.27068249849170e-04
64	2.33867591961734e-04
65	2.17738948959894e-04
66	2.34620129717762e-04
67	2.34313388696275e-04
68	2.31207191784314e-04
69	2.17184427589074e-04
70	2.34968796345116e-04
71	2.26563089661040e-04
72	2.23746550681209e-04
73	2.26150049619775e-04
74	2.38509353704230e-04
75	2.36010234842694e-04
76	2.21582997118193e-04
77	2.42341019834811e-04
78	2.28066598092245e-04
79	2.28311775669564e-04
80	2.24499309219660e-04
81	2.26325145046878e-04
82	2.25491871636404e-04
83	2.19803777516556e-04
84	2.31727190134353e-04
85	2.22648144382851e-04
86	2.34758567196870e-04
87	2.18902542671300e-04
88	2.28610058074744e-04
89	2.10216295414385e-04
90	2.17029617194787e-04
91	2.33525149424944e-04
92	2.11432609271296e-04
93	2.26388235668301e-04
94	2.26452620821822e-04
95	2.26094616229438e-04
96	2.31862466560761e-04
97	2.28559291105697e-04
98	2.19538661394622e-04
99	2.42100307952024e-04
