1	4.77874496141581e-05
2	5.03504070862258e-05
3	5.14049348861900e-05
4	5.21245581815784e-05
5	5.22631426353605e-05
6	5.23241984990805e-05
7	5.24622246569679e-05
8	5.22386320468445e-05
9	5.18321582465967e-05
10	5.25121552892762e-05
11	5.25012921418952e-05
12	5.27346435474349e-05
13	5.27319976263010e-05
14	5.17843978590631e-05
15	5.21999532320355e-05
16	5.23955559005350e-05
17	5.20479668999416e-05
18	5.16060400519588e-05
19	5.23928668181998e-05
20	5.35236529197556e-05
21	5.17686290876263e-05
22	5.29888505272288e-05
23	5.38659464850049e-05
24	5.28961503451793e-05
25	5.30616048216596e-05
26	5.27496849213812e-05
27	5.29817924620129e-05
28	5.14011769406093e-05
29	5.26190197844365e-05
30	5.18638729308978e-05
31	5.27325813523623e-05
32	5.24419571407374e-05
33	5.26727582842080e-05
34	5.09388128621320e-05
35	5.22612249268852e-05
36	5.26960799539912e-05
37	5.16204740914661e-05
38	5.30647688921847e-05
39	5.38048132018116e-05
40	5.48734726438831e-05
41	5.29455809665946e-05
42	5.32477047095146e-05
43	5.42659926507860e-05
44	5.28473859864692e-05
45	5.15176715802751e-05
46	5.28866869631786e-05
47	5.27816709966349e-05
48	5.15567559872816e-05
49	5.25672928581032e-05
50	5.25790275739620e-05
51	5.20559069873722e-05
52	5.08571667467329e-05
53	5.04444292321496e-05
54	5.16219909903025e-05
55	5.19592906779742e-05
56	5.06720359430569e-05
57	5.40470102427240e-05
58	5.15256073337460e-05
59	5.24182940135429e-05
60	5.26155318017484e-05
61	5.09371322109909e-05
62	5.23489082671084e-05
63	5.23848570827265e-05
64	5.34000083471156e-05
65	5.25180015465283e-05
66	5.34086991103952e-05
67	5.18775704491470e-05
68	5.22789618598824e-05
69	5.36989222322043e-05
70	5.30734654624555e-05
71	5.19877053073441e-05
72	4.93939044666604e-05
73	5.44644897109987e-05
74	4.88769491157126e-05
75	5.07474366003831e-05
76	5.31191461016367e-05
77	5.54127556731301e-05
78	5.17255639897669e-05
79	5.35504783502097e-05
80	5.42356395164157e-05
81	5.26351242377315e-05
82	5.19255723024968e-05
83	5.30787320248238e-05
84	5.29890968521837e-05
85	5.07752033792359e-05
86	5.13924493324906e-05
87	4.98588848310213e-05
88	5.40069056778217e-05
89	5.21938779551138e-05
90	4.86992359531556e-05
91	5.09430417552041e-05
92	5.18329781056394e-05
93	5.26472999691867e-05
94	5.35191752217229e-05
95	5.21808080682531e-05
96	5.15480937908157e-05
97	5.00334515225287e-05
98	5.13276582538904e-05
99	5.28582296492452e-05
