1	7.40435682271859e-05
2	9.31275276367055e-05
3	1.04370496987951e-04
4	1.12148465745028e-04
5	1.17872144962640e-04
6	1.22398636258497e-04
7	1.25865679235356e-04
8	1.26885013849373e-04
9	1.29155643217573e-04
10	1.30701490297885e-04
11	1.32232670772359e-04
12	1.32064576003932e-04
13	1.34123782831875e-04
14	1.35528632658419e-04
15	1.36523672320861e-04
16	1.36781227591417e-04
17	1.38303404959743e-04
18	1.36218034070806e-04
19	1.37090187260312e-04
20	1.41428110253914e-04
21	1.37787981287017e-04
22	1.40258714331011e-04
23	1.44021221920877e-04
24	1.40263714062957e-04
25	1.39908534383954e-04
26	1.38482125603524e-04
27	1.43753455613373e-04
28	1.43337434717747e-04
29	1.41592085571599e-04
30	1.47757091905057e-04
31	1.40873720418080e-04
32	1.44450582496464e-04
33	1.42378802048248e-04
34	1.43802527772171e-04
35	1.48118525268068e-04
36	1.42902926837133e-04
37	1.46180965107475e-04
38	1.42974096466672e-04
39	1.44293486491655e-04
40	1.42956016255904e-04
41	1.45631521446892e-04
42	1.43763651480320e-04
43	1.45364431582248e-04
44	1.42221005659199e-04
45	1.45250269092772e-04
46	1.46888134904880e-04
47	1.40977248531182e-04
48	1.43643997014743e-04
49	1.47449360850357e-04
50	1.43248024739049e-04
51	1.45038300316143e-04
52	1.50191350026058e-04
53	1.47376978737885e-04
54	1.40698590210205e-04
55	1.39401733025689e-04
56	1.50171150440320e-04
57	1.44922842905428e-04
58	1.46445044315695e-04
59	1.43955390179806e-04
60	1.45912417619707e-04
61	1.48075129768189e-04
62	1.49980422165976e-04
63	1.42088830318911e-04
64	1.47406483040158e-04
65	1.41036743712844e-04
66	1.40777742359282e-04
67	1.48697798127543e-04
68	1.41404485042934e-04
69	1.50625242344108e-04
70	1.40842787123098e-04
71	1.44985774996521e-04
72	1.45099106168613e-04
73	1.37229441382472e-04
74	1.43221412726878e-04
75	1.44799863290891e-04
76	1.50765331677812e-04
77	1.43888761709118e-04
78	1.39340405015605e-04
79	1.55080644891061e-04
80	1.43999151618144e-04
81	1.42767778076519e-04
82	1.48535699499033e-04
83	1.44641748601533e-04
84	1.44507094932769e-04
85	1.38678042165011e-04
86	1.44600371388259e-04
87	1.45076029280041e-04
88	1.43750036305531e-04
89	1.39219306860988e-04
90	1.45703987280032e-04
91	1.42802153416542e-04
92	1.37864616329741e-04
93	1.49667868045730e-04
94	1.41995406579321e-04
95	1.40713245468519e-04
96	1.38121587487467e-04
97	1.44949241975584e-04
98	1.44809040797958e-04
99	1.34865604926977e-04
