1	4.22235842118309e-05
2	4.49999303487280e-05
3	4.64587950432491e-05
4	4.75264880338478e-05
5	4.75371403022430e-05
6	4.80846935660188e-05
7	4.88578800568033e-05
8	4.98698551473443e-05
9	4.91648968565912e-05
10	4.93248499736394e-05
11	4.94723693740115e-05
12	4.93701924997162e-05
13	4.95592215673300e-05
14	5.00270758053274e-05
15	4.99095016877291e-05
16	5.06361794181229e-05
17	5.03908238907118e-05
18	4.98960078226236e-05
19	4.99366607427943e-05
20	5.10981470005796e-05
21	5.02216666494390e-05
22	4.97544087292326e-05
23	5.04873726561444e-05
24	5.03081801251010e-05
25	5.15940692236122e-05
26	5.00123691274604e-05
27	5.12308691999961e-05
28	5.19682647630636e-05
29	5.04412902278190e-05
30	5.06108331691590e-05
31	5.03933643114512e-05
32	5.03661263857885e-05
33	4.99219683851714e-05
34	5.18515444596499e-05
35	5.02082981479709e-05
36	5.15453348133602e-05
37	5.22342929382730e-05
38	5.15358696954827e-05
39	5.11781336506002e-05
40	5.18556880598094e-05
41	5.22143843681321e-05
42	4.98889687155412e-05
43	5.19671188013224e-05
44	5.12703489164382e-05
45	5.25163056498910e-05
46	5.06127119454940e-05
47	5.19013733572128e-05
48	5.15585105477484e-05
49	4.95665015788585e-05
50	5.06493071814690e-05
51	4.90276598240271e-05
52	5.15932524887291e-05
53	5.17364109580462e-05
54	5.14946526377764e-05
55	5.29656198466567e-05
56	5.46881123453427e-05
57	5.16543157851387e-05
58	5.24321344121693e-05
59	5.01667700732797e-05
60	5.07114885099314e-05
61	5.14962759355086e-05
62	5.36381386568825e-05
63	5.26265562278526e-05
64	5.16203877575997e-05
65	5.29992524931660e-05
66	5.06065347650470e-05
67	4.99417130431602e-05
68	5.33440780812691e-05
69	5.14277556620127e-05
70	5.02233147229871e-05
71	5.17420189837318e-05
72	5.16588990123226e-05
73	5.14153217292476e-05
74	5.07701993158593e-05
75	5.11765198317654e-05
76	5.18335133223729e-05
77	5.18985587561032e-05
78	5.29341812298367e-05
79	5.06097460702190e-05
80	5.04563203080984e-05
81	5.26754094500250e-05
82	5.01963953641203e-05
83	5.04847579001977e-05
84	5.02409358446251e-05
85	5.14669367162334e-05
86	5.17233485333929e-05
87	5.19084063295650e-05
88	5.07416309791648e-05
89	4.86952547316293e-05
90	5.26001041513498e-05
91	5.11021835298782e-05
92	4.99547412788889e-05
93	5.12695654038640e-05
94	5.35049082578332e-05
95	4.73581849536920e-05
96	5.08078969440588e-05
97	5.28391654065715e-05
98	5.05688681835688e-05
99	4.74421542554011e-05
