1	3.28411862098939e-04
2	3.77904080865204e-04
3	4.08583060704478e-04
4	4.27225491595635e-04
5	4.45484484843644e-04
6	4.50653168529684e-04
7	4.58246725825330e-04
8	4.65372701109824e-04
9	4.72430630389040e-04
10	4.74348381332541e-04
11	4.72389794104309e-04
12	4.84185918886111e-04
13	4.81157815070143e-04
14	4.80803831881673e-04
15	4.92427507982283e-04
16	4.87536458817679e-04
17	4.82547603728242e-04
18	4.86813943140902e-04
19	4.82468220270960e-04
20	5.03010345167553e-04
21	5.02551852351430e-04
22	5.06524294748547e-04
23	5.08942758310891e-04
24	4.95947918661190e-04
25	5.09124415425131e-04
26	5.03280405112641e-04
27	4.91541915761491e-04
28	5.14123059864642e-04
29	5.15319343415413e-04
30	5.24553583455813e-04
31	5.02730777440825e-04
32	5.12400813185311e-04
33	5.09247739518349e-04
34	5.01087967410280e-04
35	5.21538242927703e-04
36	5.11022520077922e-04
37	5.15361444175466e-04
38	5.11091882931677e-04
39	5.15624863538622e-04
40	5.12952797332487e-04
41	5.10687907834842e-04
42	5.04203936767549e-04
43	5.11337429830020e-04
44	5.10222761262273e-04
45	5.27145644202157e-04
46	5.20997022942310e-04
47	5.11762668991043e-04
48	5.10299235001641e-04
49	5.12275040544660e-04
50	5.27257623523816e-04
51	5.10507910484653e-04
52	5.28629467149931e-04
53	5.06641118067763e-04
54	5.13106163576745e-04
55	5.28025172272508e-04
56	5.08466906523148e-04
57	5.11553056990818e-04
58	5.13360673864203e-04
59	5.18084810341194e-04
60	5.26269793098869e-04
61	5.22749644083352e-04
62	5.18857390372622e-04
63	5.18362960553492e-04
64	5.39770841675231e-04
65	5.00552469757816e-04
66	5.34088015818490e-04
67	5.18063120820870e-04
68	5.09796139229776e-04
69	5.26985525287777e-04
70	5.37323798373580e-04
71	5.30167706730522e-04
72	4.90505209786211e-04
73	5.11360992281871e-04
74	5.07261072906098e-04
75	5.26791259976960e-04
76	5.31262093480726e-04
77	5.33518213806046e-04
78	5.45744895491875e-04
79	5.43848165109164e-04
80	5.28733504690568e-04
81	5.26151811200569e-04
82	5.08566326750712e-04
83	5.09900179971998e-04
84	5.03042532418735e-04
85	5.11826035857698e-04
86	5.20746093886196e-04
87	5.35324392644292e-04
88	5.04355852119346e-04
89	5.24323867820797e-04
90	5.09103667191849e-04
91	5.22006294415253e-04
92	5.16144911413908e-04
93	5.24393511865083e-04
94	5.30610077581205e-04
95	5.28083978706670e-04
96	5.09854235837003e-04
97	5.40017423637231e-04
98	5.27706240349593e-04
99	5.15096774132511e-04
