1	9.52541635616059e-05
2	1.03466345019247e-04
3	1.07734243144937e-04
4	1.10390941219277e-04
5	1.10989545359464e-04
6	1.13279785447088e-04
7	1.13868895543433e-04
8	1.15314631363774e-04
9	1.17238421253410e-04
10	1.15720744718481e-04
11	1.17751643822897e-04
12	1.16611175531603e-04
13	1.17616389501155e-04
14	1.19213588074451e-04
15	1.18398114565962e-04
16	1.17333289449836e-04
17	1.19269598560919e-04
18	1.17684572332722e-04
19	1.20784534356470e-04
20	1.16596059609248e-04
21	1.18687114628408e-04
22	1.20155999816646e-04
23	1.18908528512132e-04
24	1.19048586670758e-04
25	1.20862781266616e-04
26	1.18525151647824e-04
27	1.21055554911366e-04
28	1.20358850892784e-04
29	1.20509736845791e-04
30	1.20067177997691e-04
31	1.21725306024455e-04
32	1.22282949041319e-04
33	1.19615732480292e-04
34	1.22365502948112e-04
35	1.21432702105657e-04
36	1.16992037760948e-04
37	1.23551818161817e-04
38	1.20056095158811e-04
39	1.21580673052294e-04
40	1.20007617394888e-04
41	1.20116660116255e-04
42	1.21047329073264e-04
43	1.19539521351434e-04
44	1.16832681307084e-04
45	1.18087793612478e-04
46	1.19244690154798e-04
47	1.16193737698269e-04
48	1.15219683988851e-04
49	1.16349000586120e-04
50	1.18388287389394e-04
51	1.23023646158244e-04
52	1.18519840055235e-04
53	1.16601595562157e-04
54	1.19720671625987e-04
55	1.12791647586070e-04
56	1.18207268550963e-04
57	1.13564256605445e-04
58	1.17810641838024e-04
59	1.16798374905247e-04
60	1.21199084712039e-04
61	1.17024364045254e-04
62	1.21065770767347e-04
63	1.21212763177437e-04
64	1.16933814955046e-04
65	1.18175885417147e-04
66	1.16328030745778e-04
67	1.17109901950135e-04
68	1.16205973214835e-04
69	1.15435183512676e-04
70	1.18713227837973e-04
71	1.21935007966068e-04
72	1.19873413945287e-04
73	1.21940653499960e-04
74	1.21820348956219e-04
75	1.20148531656426e-04
76	1.22123731136217e-04
77	1.21749197197226e-04
78	1.18471672929772e-04
79	1.17608945492870e-04
80	1.16141786044470e-04
81	1.21626803312744e-04
82	1.19785514196670e-04
83	1.22628270546169e-04
84	1.17588407274776e-04
85	1.18424345976739e-04
86	1.19730186957583e-04
87	1.14306647781784e-04
88	1.13059544715396e-04
89	1.11471319701156e-04
90	1.22813717136969e-04
91	1.21794142157447e-04
92	1.24467774508561e-04
93	1.22713317619763e-04
94	1.14552486879508e-04
95	1.17012396063994e-04
96	1.21753834777007e-04
97	1.17804828655486e-04
98	1.17310518143073e-04
99	1.20387111070524e-04
