1	9.36466596707007e-04
2	1.19967820986343e-03
3	1.37876522361533e-03
4	1.51201647903288e-03
5	1.61316671069367e-03
6	1.69343712771214e-03
7	1.77516993753947e-03
8	1.83425832203627e-03
9	1.86909059048772e-03
10	1.91206079390938e-03
11	1.92935682319753e-03
12	1.99003248603853e-03
13	2.02746309523482e-03
14	2.04331743726860e-03
15	2.02720450091772e-03
16	2.09124000822327e-03
17	2.07253901805460e-03
18	2.12052175101396e-03
19	2.13634747358346e-03
20	2.14067634016349e-03
21	2.14628210805980e-03
22	2.14377693061994e-03
23	2.16990289534263e-03
24	2.19495921747321e-03
25	2.20569024172732e-03
26	2.17774991194189e-03
27	2.17726750908836e-03
28	2.20496830198148e-03
29	2.21336923615675e-03
30	2.21327518560910e-03
31	2.26235261632628e-03
32	2.20773105749137e-03
33	2.19937927665868e-03
34	2.23805148422541e-03
35	2.25979415881776e-03
36	2.32970181167092e-03
37	2.30974833982075e-03
38	2.23951047746809e-03
39	2.31157555901485e-03
40	2.26104590930756e-03
41	2.26864119117906e-03
42	2.27862396296320e-03
43	2.31221639549084e-03
44	2.27118540754983e-03
45	2.36865729854435e-03
46	2.29252052758291e-03
47	2.28809122222537e-03
48	2.34173842901321e-03
49	2.30601976027592e-03
50	2.27826505030187e-03
51	2.39055543511163e-03
52	2.26358390353154e-03
53	2.35428879053355e-03
54	2.29050634675103e-03
55	2.32085950706722e-03
56	2.35976949160380e-03
57	2.31363449074133e-03
58	2.42157022335346e-03
59	2.36451248586526e-03
60	2.32638164877380e-03
61	2.27779467129146e-03
62	2.41353275074802e-03
63	2.28347665291783e-03
64	2.30111191903070e-03
65	2.43090236701831e-03
66	2.26029813214324e-03
67	2.30977391895368e-03
68	2.32405262606691e-03
69	2.39552057814214e-03
70	2.37866293071819e-03
71	2.26982302355391e-03
72	2.39478358181377e-03
73	2.33970133899355e-03
74	2.44974857942556e-03
75	2.37551543848790e-03
76	2.37233626961315e-03
77	2.45746127674021e-03
78	2.37554058139192e-03
79	2.35144390814501e-03
80	2.32912881902621e-03
81	2.39704441165437e-03
82	2.44667430758632e-03
83	2.29097504412167e-03
84	2.42085675463797e-03
85	2.40845461330460e-03
86	2.31879038656976e-03
87	2.37027316390053e-03
88	2.38166859593523e-03
89	2.49182810734471e-03
90	2.39861981556902e-03
91	2.47969484326019e-03
92	2.36747393884062e-03
93	2.38665536365821e-03
94	2.37726322894380e-03
95	2.48911412865412e-03
96	2.34579260115461e-03
97	2.46004619944255e-03
98	2.43958864136637e-03
99	2.46571148455407e-03
