1	1.10522219254919e-03
2	1.44822637988046e-03
3	1.68270560179213e-03
4	1.86124330091148e-03
5	2.01132586558376e-03
6	2.12801826077989e-03
7	2.22477921367039e-03
8	2.31520561282382e-03
9	2.38930788278989e-03
10	2.43296681995615e-03
11	2.50212729396474e-03
12	2.57724193901079e-03
13	2.61707851103273e-03
14	2.65412859473180e-03
15	2.65892038636099e-03
16	2.73493823385963e-03
17	2.73209597346542e-03
18	2.79734709858588e-03
19	2.78568947018449e-03
20	2.80494983312354e-03
21	2.80542955550422e-03
22	2.85538184422139e-03
23	2.89224249248776e-03
24	2.88828611336486e-03
25	2.92665933411813e-03
26	2.90707610204682e-03
27	2.92211767826451e-03
28	2.91046063109282e-03
29	2.84091924374193e-03
30	2.98819394946732e-03
31	2.98815088476026e-03
32	2.95290808800905e-03
33	2.95857158010570e-03
34	2.93980470911423e-03
35	2.96030142427940e-03
36	3.00463928166189e-03
37	2.96266414752889e-03
38	2.94548928239371e-03
39	3.00559098350649e-03
40	3.00180551120566e-03
41	3.01052792027261e-03
42	2.95309142685389e-03
43	3.06327618140731e-03
44	2.97482767516525e-03
45	2.99201156404745e-03
46	2.95786849685215e-03
47	3.03237158316580e-03
48	3.04747202185801e-03
49	3.06201730833066e-03
50	2.99996424517648e-03
51	3.06490425259330e-03
52	2.97507179147111e-03
53	2.92870102086927e-03
54	3.00809539966674e-03
55	2.95151559967026e-03
56	3.04001160368989e-03
57	3.04867967881360e-03
58	2.90106036156454e-03
59	3.07111968634129e-03
60	2.95798027862566e-03
61	3.07286960085405e-03
62	3.01623600318806e-03
63	2.98749721713589e-03
64	3.10504760689395e-03
65	3.10972555797271e-03
66	3.01722241535527e-03
67	3.16796712902983e-03
68	3.01717748677180e-03
69	2.95850823718344e-03
70	2.99894010298731e-03
71	3.14094636178333e-03
72	3.03940257116264e-03
73	2.93437698665608e-03
74	3.11990527064881e-03
75	2.88509789935722e-03
76	3.06597450277370e-03
77	2.99723823349323e-03
78	2.90096917246911e-03
79	2.98593042434939e-03
80	3.15599543636955e-03
81	3.04750008099283e-03
82	2.95129006864482e-03
83	2.99386311666183e-03
84	2.99661291419317e-03
85	3.01951719958340e-03
86	3.12124963057470e-03
87	2.94223561090990e-03
88	2.93962566508768e-03
89	2.89154220079537e-03
90	2.99939309335710e-03
91	2.90410670429385e-03
92	3.00415511275758e-03
93	2.99086126025172e-03
94	2.97677359813947e-03
95	3.01884154151681e-03
96	3.05936958511840e-03
97	2.97897794951766e-03
98	3.02477826277201e-03
99	2.89601297264956e-03
