1	3.83768325338206e-04
2	4.58511091229011e-04
3	5.06576925960469e-04
4	5.37677659787216e-04
5	5.62479347147898e-04
6	5.80777776832356e-04
7	5.95394243808930e-04
8	6.13433519202413e-04
9	6.27061594979950e-04
10	6.24315778500205e-04
11	6.45068798409007e-04
12	6.49699490229524e-04
13	6.51218866598526e-04
14	6.50130942316568e-04
15	6.56467471109795e-04
16	6.73578921020115e-04
17	6.62661721333774e-04
18	6.73725244744270e-04
19	6.69542242194180e-04
20	6.75107219447044e-04
21	6.77740344117798e-04
22	6.92961886649734e-04
23	6.76702640768198e-04
24	7.01572291097248e-04
25	6.72798370899879e-04
26	6.88411378528679e-04
27	6.84357422301501e-04
28	7.03878715051224e-04
29	7.05515272123420e-04
30	6.90012333782743e-04
31	6.85725926367118e-04
32	6.86914109531553e-04
33	7.07710869993253e-04
34	7.10323944668190e-04
35	7.00794190945604e-04
36	6.99189315940886e-04
37	6.78346980580832e-04
38	6.77883117666814e-04
39	7.30628452303285e-04
40	7.08135611042374e-04
41	7.00908441820629e-04
42	7.02282891808320e-04
43	6.94656765427706e-04
44	6.94874542812623e-04
45	7.07024519104427e-04
46	7.30833710027070e-04
47	7.02696437840811e-04
48	7.31537900075822e-04
49	7.08632355588435e-04
50	6.91076824503558e-04
51	7.17244620539128e-04
52	7.11684868570838e-04
53	7.12138213001220e-04
54	7.07299118782896e-04
55	7.08436677919371e-04
56	7.32034839386191e-04
57	7.49328469956432e-04
58	7.24605642914426e-04
59	7.04365940283772e-04
60	7.21479824756350e-04
61	7.13605768929210e-04
62	7.07809368399123e-04
63	7.16536237787441e-04
64	7.00808867242852e-04
65	7.29153220778459e-04
66	7.29805990101357e-04
67	7.18197619944585e-04
68	7.30609437532110e-04
69	7.29224205401761e-04
70	7.31896390873075e-04
71	7.12274914875319e-04
72	7.15370990652822e-04
73	7.30435405932962e-04
74	6.98555092556164e-04
75	7.20768501126587e-04
76	7.28096014640562e-04
77	7.04089621772346e-04
78	7.32354152524648e-04
79	7.07279556585827e-04
80	7.48772175376114e-04
81	7.29271679607047e-04
82	7.34272096611118e-04
83	7.23980298744784e-04
84	7.39770027612297e-04
85	7.42259403798388e-04
86	7.11670244831469e-04
87	7.44697272027254e-04
88	7.20402195745247e-04
89	6.97072391859841e-04
90	7.24121798796460e-04
91	7.16867273451723e-04
92	7.44714013028514e-04
93	7.21213570502901e-04
94	7.28376907655404e-04
95	7.11816037483628e-04
96	7.61169681995824e-04
97	7.54543205099985e-04
98	7.11847227897353e-04
99	7.24098971412184e-04
