1	6.00117038231708e-05
2	7.63666114616805e-05
3	8.67397877132291e-05
4	9.36632845885735e-05
5	9.82989201349411e-05
6	1.02458711506281e-04
7	1.05481922629645e-04
8	1.07387008213215e-04
9	1.08809902050396e-04
10	1.09134114171060e-04
11	1.11449627158144e-04
12	1.12707990681239e-04
13	1.12929148575632e-04
14	1.15227910227153e-04
15	1.14744572994604e-04
16	1.15753324374845e-04
17	1.15689209026212e-04
18	1.14935576716433e-04
19	1.15010816635021e-04
20	1.14662006628031e-04
21	1.19034976837246e-04
22	1.16625331282897e-04
23	1.19242775423963e-04
24	1.20110320934805e-04
25	1.18795182058377e-04
26	1.17265460354618e-04
27	1.18185663700911e-04
28	1.20713891477336e-04
29	1.17817246113618e-04
30	1.21214526591428e-04
31	1.22137460699005e-04
32	1.21660948858626e-04
33	1.19738962297474e-04
34	1.21937081961302e-04
35	1.21013793185094e-04
36	1.18782154609086e-04
37	1.17574688745192e-04
38	1.19728974323581e-04
39	1.22498608934140e-04
40	1.18751819986726e-04
41	1.26247044902522e-04
42	1.24761209355056e-04
43	1.21730167672402e-04
44	1.25094885201188e-04
45	1.21929069459597e-04
46	1.22408671092879e-04
47	1.19906487595481e-04
48	1.20764019149573e-04
49	1.19072390985266e-04
50	1.23415750277927e-04
51	1.17936492346692e-04
52	1.23309674578093e-04
53	1.19418292794514e-04
54	1.22028726176055e-04
55	1.19327612971688e-04
56	1.21480221536745e-04
57	1.20295228162725e-04
58	1.20951685107003e-04
59	1.25699004177278e-04
60	1.22269212826681e-04
61	1.22573943335316e-04
62	1.19895445902588e-04
63	1.26656512562447e-04
64	1.22245910411664e-04
65	1.22495676820718e-04
66	1.20423036052733e-04
67	1.22971361001444e-04
68	1.23543442256499e-04
69	1.25501669296794e-04
70	1.21522527241571e-04
71	1.20718767057083e-04
72	1.26928896524071e-04
73	1.19394045873169e-04
74	1.21646998485913e-04
75	1.17784018266797e-04
76	1.23962796250634e-04
77	1.20390358876153e-04
78	1.19627772987648e-04
79	1.18863897442998e-04
80	1.22187083784428e-04
81	1.22754485788004e-04
82	1.27629261784158e-04
83	1.24055585628618e-04
84	1.19405099993587e-04
85	1.22648878790094e-04
86	1.19365050985713e-04
87	1.19010758459220e-04
88	1.19692405178927e-04
89	1.28701408168139e-04
90	1.24210599408843e-04
91	1.24342159519913e-04
92	1.24031717928258e-04
93	1.24732286279017e-04
94	1.30550412731372e-04
95	1.18397065481840e-04
96	1.26650840632419e-04
97	1.17867878862053e-04
98	1.21125389466087e-04
99	1.30917499500413e-04
