1	5.83918915196936e-05
2	7.37105093551846e-05
3	8.30095539217982e-05
4	8.95561074086482e-05
5	9.45816904592625e-05
6	9.75660992351487e-05
7	9.96380661184798e-05
8	1.02136267566482e-04
9	1.03561158996704e-04
10	1.05118618439239e-04
11	1.06499739095749e-04
12	1.06295464251954e-04
13	1.06374986795042e-04
14	1.07839408298873e-04
15	1.08520788219308e-04
16	1.07820300070804e-04
17	1.10901530467062e-04
18	1.10403507285968e-04
19	1.09856862320262e-04
20	1.10546223285676e-04
21	1.10381220415366e-04
22	1.12260000655472e-04
23	1.11081845325399e-04
24	1.10494223919212e-04
25	1.09676699704964e-04
26	1.10557642870857e-04
27	1.09348698987659e-04
28	1.12042598922217e-04
29	1.12621564880736e-04
30	1.10253884438562e-04
31	1.11108181546466e-04
32	1.11537442222055e-04
33	1.10221170084687e-04
34	1.15406513762163e-04
35	1.10769936608547e-04
36	1.10919133365833e-04
37	1.11752468916562e-04
38	1.12415065900042e-04
39	1.11062050726262e-04
40	1.12516918597867e-04
41	1.12546989276974e-04
42	1.10254531050467e-04
43	1.12080434150882e-04
44	1.15564683961011e-04
45	1.12836712754303e-04
46	1.10633417845587e-04
47	1.11800722497289e-04
48	1.09744263757097e-04
49	1.11175875921591e-04
50	1.14485805704469e-04
51	1.16422481975972e-04
52	1.10684905513364e-04
53	1.09301811169737e-04
54	1.14298942887900e-04
55	1.08531356541656e-04
56	1.09925811831686e-04
57	1.14475928590426e-04
58	1.12807727812621e-04
59	1.11474951334811e-04
60	1.10561547509877e-04
61	1.15781264601123e-04
62	1.10183995134674e-04
63	1.10478835520494e-04
64	1.10338993885494e-04
65	1.11021894411290e-04
66	1.12438197156008e-04
67	1.12101080895970e-04
68	1.12967470151837e-04
69	1.11390965840816e-04
70	1.08504587764636e-04
71	1.15224106687338e-04
72	1.10319383406977e-04
73	1.14797700470742e-04
74	1.05981466559752e-04
75	1.10050490679390e-04
76	1.13719317062590e-04
77	1.11424901271358e-04
78	1.11536394610268e-04
79	1.06512506562859e-04
80	1.10926725068703e-04
81	1.13117343991524e-04
82	1.13435742694090e-04
83	1.11242561907205e-04
84	1.08370924871320e-04
85	1.10052767943269e-04
86	1.07332813689663e-04
87	1.17547454986351e-04
88	1.12718375733916e-04
89	1.14146475523700e-04
90	1.08508048890492e-04
91	1.06828765588385e-04
92	1.06055815211445e-04
93	1.11674958984848e-04
94	1.13544367169114e-04
95	1.07623447113233e-04
96	1.07330224864996e-04
97	1.11789252020826e-04
98	1.05111382620535e-04
99	1.10435456427547e-04
