1	1.06635644425286e-05
2	1.10046223579024e-05
3	1.10692577713900e-05
4	1.11107009895930e-05
5	1.13025542732593e-05
6	1.12459267822517e-05
7	1.13043348487201e-05
8	1.13767417549998e-05
9	1.13844547207900e-05
10	1.14303550338610e-05
11	1.12794352124180e-05
12	1.15020462365206e-05
13	1.16331742071357e-05
14	1.14723652343402e-05
15	1.15303692633018e-05
16	1.15659546047869e-05
17	1.15444317132308e-05
18	1.16256594947661e-05
19	1.16984895097622e-05
20	1.15719113546558e-05
21	1.18228101652429e-05
22	1.14223869039201e-05
23	1.17891854592589e-05
24	1.15091137298460e-05
25	1.14221808556793e-05
26	1.14587611390973e-05
27	1.15137126725334e-05
28	1.12791573777511e-05
29	1.13737494654074e-05
30	1.16181476036217e-05
31	1.15470044955139e-05
32	1.15204345334662e-05
33	1.13635478309833e-05
34	1.13048742258265e-05
35	1.19303912173406e-05
36	1.18581303801742e-05
37	1.13800642999576e-05
38	1.13570250491585e-05
39	1.17409390394659e-05
40	1.12819153870216e-05
41	1.18403314828133e-05
42	1.13763480660751e-05
43	1.15385460243925e-05
44	1.12089149329706e-05
45	1.15842503874675e-05
46	1.16782885344044e-05
47	1.13884870618887e-05
48	1.13588401188105e-05
49	1.17282861338844e-05
50	1.16554013658836e-05
51	1.14370359381650e-05
52	1.15798564017891e-05
53	1.08949267284894e-05
54	1.12112083880428e-05
55	1.15538756617498e-05
56	1.09596210429673e-05
57	1.16041401212508e-05
58	1.13629337629791e-05
59	1.11017848324866e-05
60	1.13390275396308e-05
61	1.18247017401150e-05
62	1.13585652018885e-05
63	1.17675426639681e-05
64	1.12502336630767e-05
65	1.15389378848690e-05
66	1.16522784411290e-05
67	1.14978720472698e-05
68	1.10380920097177e-05
69	1.10407201644068e-05
70	1.13476173756878e-05
71	1.14212060680876e-05
72	1.12114872521545e-05
73	1.11978237710151e-05
74	1.13909906101122e-05
75	1.10287410017520e-05
76	1.14556963685965e-05
77	1.13177612980792e-05
78	1.18679419135683e-05
79	1.13794648361864e-05
80	1.14353587438237e-05
81	1.09997610006540e-05
82	1.19730038856347e-05
83	1.14857549171666e-05
84	1.13913848209712e-05
85	1.12957388987375e-05
86	1.11294913752095e-05
87	1.10419751581631e-05
88	1.09631632788789e-05
89	1.12572610514474e-05
90	1.18551392293983e-05
91	1.13666627393497e-05
92	1.16963168147286e-05
93	1.17203215771526e-05
94	1.16737427052792e-05
95	1.15609656303522e-05
96	1.10466562210311e-05
97	1.15362361179511e-05
98	1.11624531951305e-05
99	1.13230550071976e-05
