1	1.46024188425657e-04
2	1.91074771976280e-04
3	2.21019053009154e-04
4	2.41970989473648e-04
5	2.59209269466256e-04
6	2.71873676391217e-04
7	2.81264207302308e-04
8	2.92647618595607e-04
9	2.97172006755334e-04
10	3.02656764224877e-04
11	3.07433677734962e-04
12	3.15532448887108e-04
13	3.16774229839947e-04
14	3.20754016782962e-04
15	3.20647721496636e-04
16	3.24771063769083e-04
17	3.28735541179757e-04
18	3.24975792299519e-04
19	3.23653433871763e-04
20	3.30589014089965e-04
21	3.33840860954851e-04
22	3.36063200723342e-04
23	3.38497628409208e-04
24	3.38562832123427e-04
25	3.37093060875612e-04
26	3.42802762808102e-04
27	3.44599755019699e-04
28	3.47052912573795e-04
29	3.46183756132864e-04
30	3.39333920538261e-04
31	3.41060479683046e-04
32	3.49078670284488e-04
33	3.46384954539606e-04
34	3.57130550212846e-04
35	3.43802655259822e-04
36	3.47971144670868e-04
37	3.45346075229665e-04
38	3.51207808263318e-04
39	3.52782807187517e-04
40	3.55578437472456e-04
41	3.53272861736258e-04
42	3.58550035258008e-04
43	3.60180370968692e-04
44	3.53812209424970e-04
45	3.52180105551912e-04
46	3.59370166059853e-04
47	3.58808731814316e-04
48	3.58099620282504e-04
49	3.59351075148196e-04
50	3.59468302705738e-04
51	3.66682223067663e-04
52	3.66104544029481e-04
53	3.63458631727444e-04
54	3.60004038571406e-04
55	3.67274038513338e-04
56	3.73677557293294e-04
57	3.68696052255155e-04
58	3.73215877087307e-04
59	3.66643386015536e-04
60	3.71687517360780e-04
61	3.62966953832073e-04
62	3.73106797395519e-04
63	3.73626653445868e-04
64	3.62158398270863e-04
65	3.69298837833241e-04
66	3.73605516577019e-04
67	3.68599375113833e-04
68	3.83094329395121e-04
69	3.66344202071227e-04
70	3.79448710618591e-04
71	3.88756700967378e-04
72	3.76708256472696e-04
73	3.84030933873998e-04
74	3.71095497261807e-04
75	3.69957443023222e-04
76	3.68003448833854e-04
77	3.78000499358808e-04
78	3.73594409977601e-04
79	3.87176844920601e-04
80	3.93448459091267e-04
81	3.99963565020611e-04
82	3.89428821045076e-04
83	3.88526846048317e-04
84	3.93703417950601e-04
85	3.78304413360684e-04
86	3.83287475149883e-04
87	3.83569380066023e-04
88	3.72187502993134e-04
89	3.86563080640271e-04
90	3.74163834266544e-04
91	3.79239917702583e-04
92	3.93098362605161e-04
93	3.85434698366060e-04
94	3.89801008998070e-04
95	3.81201798459360e-04
96	3.85592062201338e-04
97	3.83799641145066e-04
98	4.04253330464664e-04
99	3.94320248844386e-04
