1	1.17191247337831e-05
2	1.45354098247378e-05
3	1.61911431209735e-05
4	1.74342724646933e-05
5	1.81746709080770e-05
6	1.86552057872446e-05
7	1.90625655328137e-05
8	1.95129121319793e-05
9	1.96490593306970e-05
10	1.98914317139465e-05
11	2.00203164218429e-05
12	2.02948787921098e-05
13	2.02440927371221e-05
14	2.04077946579751e-05
15	2.06179259767460e-05
16	2.04292070793593e-05
17	2.07151713034392e-05
18	2.05958975880961e-05
19	2.05341366627178e-05
20	2.06532280982692e-05
21	2.06741448581060e-05
22	2.09789565780985e-05
23	2.11630375609404e-05
24	2.10107653953930e-05
25	2.11097683717882e-05
26	2.13657944410271e-05
27	2.15088116447483e-05
28	2.16305515877333e-05
29	2.15458756790939e-05
30	2.12406203976590e-05
31	2.15215163648069e-05
32	2.11163414182047e-05
33	2.13298973497946e-05
34	2.18673856886064e-05
35	2.20356978069529e-05
36	2.16723552066550e-05
37	2.16486564353336e-05
38	2.17927818633527e-05
39	2.19371369269500e-05
40	2.10332676744566e-05
41	2.18113103529246e-05
42	2.16745761784820e-05
43	2.08441614908053e-05
44	2.10704170396237e-05
45	2.16248526733129e-05
46	2.21270505247149e-05
47	2.07422172138634e-05
48	2.16694764257441e-05
49	2.12437118286425e-05
50	2.19413860418857e-05
51	2.18150926345925e-05
52	2.12440474132140e-05
53	2.13063715326231e-05
54	2.17776271929302e-05
55	2.18939679661974e-05
56	2.18272702879717e-05
57	2.11546855668640e-05
58	2.18532754644574e-05
59	2.18858050938285e-05
60	2.11337740012821e-05
61	2.14932905108018e-05
62	2.12386116243187e-05
63	2.11142230800273e-05
64	2.09003391575737e-05
65	2.12723064942440e-05
66	2.11572485850407e-05
67	2.14288086358568e-05
68	2.05322212214866e-05
69	2.21721920415346e-05
70	2.20482186531246e-05
71	2.14954382810756e-05
72	2.10389659497918e-05
73	2.17083355143109e-05
74	2.18600720819178e-05
75	2.15556415933557e-05
76	2.08530872220017e-05
77	2.18311052299995e-05
78	2.13995661374152e-05
79	2.10699944951950e-05
80	2.03813139808394e-05
81	2.16596504319608e-05
82	2.12986271236450e-05
83	2.18883067928063e-05
84	2.16505511320040e-05
85	2.08948397586280e-05
86	2.06770291952460e-05
87	2.14983064129357e-05
88	2.14826990240738e-05
89	2.17702171465486e-05
90	2.13977439781957e-05
91	2.14144791275247e-05
92	2.17154580981650e-05
93	2.03130091959366e-05
94	2.02175520952380e-05
95	2.09926071059187e-05
96	2.21825753023425e-05
97	2.03265353853738e-05
98	2.04017725617727e-05
99	2.09955856141990e-05
