1	1.36287801415958e-04
2	1.52883078951175e-04
3	1.62541856056193e-04
4	1.68542975407414e-04
5	1.72823825249812e-04
6	1.76628430144405e-04
7	1.78188012181145e-04
8	1.81107936790089e-04
9	1.84374634647584e-04
10	1.86370197316913e-04
11	1.88151303284618e-04
12	1.90207646029304e-04
13	1.89646279316609e-04
14	1.89878056174052e-04
15	1.89629339617744e-04
16	1.91701005048808e-04
17	1.90323183990564e-04
18	1.92790215836165e-04
19	1.93594502322816e-04
20	1.93914529873084e-04
21	1.98563801961504e-04
22	1.92824617445614e-04
23	1.94412752621124e-04
24	2.01649488053740e-04
25	1.99748014182540e-04
26	2.00784817865111e-04
27	2.03129358208834e-04
28	2.00941096561036e-04
29	2.00384976282524e-04
30	1.99541818709880e-04
31	2.01491066394729e-04
32	1.97704677672126e-04
33	2.04196664360471e-04
34	2.01865531954831e-04
35	2.01682202826216e-04
36	2.07474664198349e-04
37	2.05667630267947e-04
38	2.03541787774691e-04
39	2.07217131988290e-04
40	1.99102698353894e-04
41	2.06101839030609e-04
42	2.12284269343291e-04
43	2.01132848686786e-04
44	2.02739505583159e-04
45	2.08725231074690e-04
46	2.00548445474749e-04
47	2.04120542640158e-04
48	2.11990535907646e-04
49	2.09645637401752e-04
50	2.07391236530740e-04
51	2.04740087748634e-04
52	2.01059430578324e-04
53	2.03150046732755e-04
54	1.97850750453646e-04
55	2.05662397887513e-04
56	2.04346202169960e-04
57	2.03550570311522e-04
58	2.00960128925277e-04
59	2.07037970043481e-04
60	2.00310007329308e-04
61	2.06941108911133e-04
62	2.09976850835272e-04
63	1.98951731709812e-04
64	2.04685923762628e-04
65	2.10502950543257e-04
66	2.04245773872554e-04
67	2.08241992122792e-04
68	2.10662141220410e-04
69	2.02690214111315e-04
70	2.03826968743469e-04
71	2.02622222636358e-04
72	2.11024360380837e-04
73	2.13355900764808e-04
74	2.10866511301218e-04
75	2.06878954355243e-04
76	2.05670604539338e-04
77	2.03888541054553e-04
78	2.05394556877416e-04
79	2.07985044213341e-04
80	2.03329289905846e-04
81	1.99138592910131e-04
82	2.17110931788170e-04
83	1.93905209215745e-04
84	2.10445461609798e-04
85	2.06152643163221e-04
86	1.98159800496848e-04
87	2.07287494746705e-04
88	1.96908351081162e-04
89	2.18549305978013e-04
90	2.08098925607503e-04
91	2.11673411411700e-04
92	2.04395062981772e-04
93	1.99153857478886e-04
94	2.12324030714182e-04
95	2.00857350762852e-04
96	1.97432437826448e-04
97	1.96488050129628e-04
98	2.10398193422411e-04
99	2.08733224878591e-04
