0	9.99999999996448e-01
1	4.81191234459013e-01
2	2.44180559254520e-01
3	1.23608851423387e-01
4	5.97372529079260e-02
5	2.88455194913295e-02
6	1.14961588547454e-02
7	9.42701615201356e-03
8	3.11132047318074e-03
9	-9.68828553763156e-03
10	-2.35423658547374e-02
11	-2.37975293409519e-02
12	-1.80852124926338e-02
13	-1.68066625910327e-02
14	-9.93831495735776e-03
15	-6.82723558671583e-03
16	-3.24021310869612e-03
17	-5.15961122385228e-03
18	-2.86208302127277e-03
19	-7.13929268066724e-03
20	-9.33196173967411e-03
21	-1.42804237612936e-02
22	-1.30007277904574e-02
23	-7.52490229834911e-03
24	-9.84879350703592e-03
25	-9.45415507666766e-03
26	-8.48632201157176e-03
27	-1.01779588697402e-02
28	-1.18688536971509e-02
29	-1.42324337998591e-02
30	-2.23411793999916e-02
31	-2.57195611223928e-02
32	-2.92376057802542e-02
33	-2.29031217010034e-02
34	-2.42933125697498e-02
35	-2.98647669192658e-02
36	-2.75302368714177e-02
37	-1.86303818719859e-02
38	-1.94573203124358e-02
39	-2.24064802728053e-02
40	-3.38750109339870e-02
41	-2.93305715458489e-02
42	-3.97733820980324e-02
43	-3.74997933339495e-02
44	-3.77216441538211e-02
45	-2.59972822399108e-02
46	-1.55084529065700e-02
47	-1.37544935473458e-02
48	-1.56856879833132e-02
49	-1.88084263271274e-02
