0	9.99999999992700e-01
1	4.51145217202076e-01
2	2.14944319615267e-01
3	1.00979001489382e-01
4	4.96827978285876e-02
5	3.29392390993855e-02
6	2.18213649210345e-02
7	2.61493495127739e-02
8	1.90596120199752e-02
9	1.50435011900330e-02
10	1.33601774329251e-02
11	7.28276905469670e-03
12	6.04249468498837e-04
13	-4.89524685700327e-03
14	-2.32427220020885e-03
15	-8.83585858340149e-04
16	9.56338744654976e-03
17	3.99638058814837e-03
18	3.73564700731586e-03
19	7.16425818753795e-04
20	-8.55326067930362e-04
21	-3.18848087491309e-03
22	-5.59340970333850e-03
23	7.65439891784936e-03
24	1.38813692061669e-02
25	1.26514037990933e-02
26	8.41893132659153e-03
27	7.07957889001453e-03
28	8.02103195333722e-03
29	7.52455955294583e-03
30	1.02863766382801e-02
31	-1.15987586791600e-03
32	-3.48742644492254e-03
33	4.03042460428769e-03
34	6.08038414578840e-03
35	4.27875826762547e-03
36	2.71448490086299e-03
37	-5.15480697411912e-03
38	3.06817513282646e-03
39	6.34370340812786e-03
40	1.89187681082711e-02
41	3.18907885164099e-02
42	3.99580935210718e-02
43	3.38697431965435e-02
44	4.67300276852073e-02
45	4.62178724995332e-02
46	4.04055973240744e-02
47	3.95185730635442e-02
48	3.02656978441301e-02
49	3.08126710585790e-02
