0	9.99999999999565e-01
1	6.45150163432284e-01
2	4.27401403770583e-01
3	2.83112688591465e-01
4	1.93683752132228e-01
5	1.47171600641444e-01
6	1.08399650591951e-01
7	8.05404291184091e-02
8	5.22351809751263e-02
9	3.54700739535947e-02
10	2.74216259934037e-02
11	2.37016967161812e-02
12	2.19426199407174e-02
13	2.41450124042181e-02
14	1.84020030700622e-02
15	1.55393562766384e-02
16	1.50232754725972e-02
17	1.02142212667708e-02
18	2.89608861816007e-03
19	4.65656322339555e-03
20	1.68777381973633e-03
21	3.80874013526945e-03
22	1.05549832896275e-02
23	1.72089489850585e-02
24	1.86517329793150e-02
25	2.05563082101373e-02
26	1.81169471691580e-02
27	1.85218369869856e-02
28	1.44427662634574e-02
29	1.40017944013880e-02
30	8.63054065389712e-03
31	4.11208755297176e-03
32	2.47039233177194e-03
33	1.81405488302603e-04
34	2.88456335902381e-03
35	6.45426455187913e-03
36	1.09083274020138e-02
37	1.58845616856172e-02
38	1.91192923623252e-02
39	1.84551385520192e-02
40	2.02078912350613e-02
41	2.21807701387153e-02
42	1.61610872187074e-02
43	1.26979326148248e-02
44	1.19443621349467e-02
45	3.68545887060487e-03
46	1.46638262154450e-03
47	6.45041965291704e-03
48	6.22257109131552e-03
49	6.53353324879803e-03
