0	1.00000000022578e+00
1	5.88192421408245e-01
2	3.52430991439071e-01
3	2.10816115462433e-01
4	1.32800963332247e-01
5	7.67230895612406e-02
6	4.91860401768086e-02
7	2.61707337797235e-02
8	1.35158120460824e-02
9	-3.29531512150309e-03
10	-2.03068840083416e-02
11	-2.58902608914773e-02
12	-3.29919039673651e-02
13	-4.28308259163930e-02
14	-4.81913198544836e-02
15	-4.87087420908634e-02
16	-5.37096950890378e-02
17	-5.97856236711846e-02
18	-6.29193735004650e-02
19	-6.61144126766159e-02
20	-6.55551490214906e-02
21	-6.44079074050801e-02
22	-6.44701128873139e-02
23	-6.14013132806443e-02
24	-5.83767282213660e-02
25	-5.94342724182201e-02
26	-5.13472581365392e-02
27	-5.75276566115852e-02
28	-4.62114593170824e-02
29	-4.42738728961762e-02
30	-4.40429025742598e-02
31	-3.92175213130007e-02
32	-5.05196218721298e-02
33	-6.05146707983281e-02
34	-5.52691200751652e-02
35	-5.10099387229723e-02
36	-4.91764027100886e-02
37	-4.72075825149757e-02
38	-5.13493582514117e-02
39	-5.56552795550519e-02
40	-5.16841293259144e-02
41	-5.23764722516517e-02
42	-5.85791383400586e-02
43	-5.88066922061923e-02
44	-5.72864054900079e-02
45	-5.63968086688081e-02
46	-5.53101782373503e-02
47	-7.04515871021523e-02
48	-8.03913670615807e-02
49	-8.46175463635969e-02
