0	9.99999999985772e-01
1	5.20595080524652e-01
2	2.76632598827220e-01
3	1.39369687212170e-01
4	6.92779260243275e-02
5	3.84630028429711e-02
6	1.22398419743460e-02
7	-5.66782982155269e-05
8	5.40077206686306e-03
9	1.02946729860828e-02
10	3.78175920430268e-03
11	-6.39707931540476e-03
12	-9.54320677739225e-03
13	-1.55393735839725e-02
14	-2.46694220438012e-02
15	-2.29231286921119e-02
16	-2.22462831423210e-02
17	-5.66156573755478e-03
18	7.93477134258952e-03
19	9.67066603828016e-03
20	6.56984118577372e-03
21	7.56041788840462e-04
22	-7.50032805710059e-03
23	-7.85741487197286e-03
24	-1.51832974963875e-02
25	-1.58801020376779e-02
26	-9.59797919538633e-03
27	-1.58166682408113e-03
28	2.83300024844790e-03
29	2.46806501035035e-04
30	1.29479920544989e-03
31	-5.88504598869108e-03
32	-4.97581637871350e-04
33	2.41101073318830e-03
34	-5.69160511175657e-03
35	-1.21573930617186e-03
36	-6.70243050728606e-04
37	-1.03828972555142e-03
38	-1.58714270505636e-03
39	-2.49718898672165e-03
40	-1.58886169765557e-02
41	-2.13177111654256e-02
42	-2.07732256193028e-02
43	-2.02063244393098e-02
44	-2.03340178715039e-02
45	-2.16061053458700e-02
46	-1.52726576870411e-02
47	-9.97057328214691e-03
48	-9.74250954655044e-03
49	-8.76338476439828e-03
