0	1.00000000000785e+00
1	5.74967456115022e-01
2	3.30123813994097e-01
3	1.92091886080724e-01
4	1.11697413117021e-01
5	6.85080921678311e-02
6	3.58341332499304e-02
7	2.48729716845581e-02
8	1.45444840038722e-02
9	7.90605238203312e-03
10	1.50519166516867e-02
11	1.02086654407090e-02
12	1.04656775702165e-02
13	1.33355200501757e-02
14	1.96921066412630e-02
15	2.04265249830769e-02
16	1.22654217597419e-02
17	1.10516227282374e-03
18	2.29951891337449e-03
19	3.55809748148790e-03
20	5.89976492896196e-03
21	3.88466721745407e-03
22	-3.48602346429789e-04
23	-4.03466622006855e-04
24	-3.92233066211082e-03
25	-6.92699550433124e-06
26	9.11061508295584e-03
27	1.40182126153068e-02
28	1.08121694433236e-02
29	1.51725828521932e-02
30	8.09154550543625e-03
31	5.91283209642648e-04
32	9.80075667139857e-03
33	1.78631191063964e-02
34	1.40268006111113e-02
35	8.13048598030072e-03
36	7.19177932718164e-03
37	2.17356968673595e-03
38	-2.26010478922178e-04
39	-1.80505139652520e-03
40	-4.42428184280360e-03
41	-1.01501281150948e-02
42	-1.28955539492570e-02
43	-1.58294273768588e-02
44	-1.49059389540629e-02
45	-3.06871714655994e-03
46	6.48013369062052e-03
47	1.42023524159189e-02
48	1.37412129508518e-02
49	1.18736956883183e-02
