0	9.99999999956333e-01
1	3.61655838469259e-01
2	1.25194221927524e-01
3	3.58789588829558e-02
4	1.66209846290953e-02
5	1.40929775901148e-02
6	8.65093742327887e-03
7	3.46485093104961e-03
8	-3.70235845627331e-03
9	-1.33756219824886e-03
10	-9.06183822002850e-04
11	2.05974434255803e-03
12	3.05396795765968e-03
13	1.54424398626390e-02
14	5.24768148306789e-03
15	2.75141245323353e-03
16	1.51146517823480e-02
17	2.34648307919477e-02
18	7.22475097984135e-03
19	1.45036270861402e-02
20	9.56926407642215e-03
21	9.53234219366079e-03
22	1.30839760841037e-02
23	1.47796587368501e-02
24	1.20104973583184e-02
25	-1.60652506234822e-04
26	-6.97393713302716e-03
27	1.30322775956994e-02
28	1.01430345664649e-02
29	1.12950737218751e-02
30	4.45008059445957e-03
31	1.31336621012793e-03
32	-1.36970607465739e-03
33	-5.95388723127242e-03
34	-1.04923837379150e-03
35	1.50695242000018e-03
36	3.07947721637162e-03
37	4.57228216577330e-03
38	-3.65182122715414e-03
39	-4.62460430534940e-03
40	-1.15802773708257e-02
41	-1.93283816236109e-02
42	-1.59068949621202e-02
43	-1.32758857523242e-02
44	-7.03128910850318e-03
45	-1.02227529032980e-02
46	-1.60873897288801e-02
47	-6.65354308381315e-03
48	6.11152413724081e-03
49	5.14107751698118e-03
