0	9.99999999997797e-01
1	1.15212227615663e-01
2	1.61414253055242e-02
3	-1.90280834674965e-02
4	-2.03250497905297e-03
5	-1.21594811574576e-02
6	-3.58400220571910e-03
7	1.15599588090580e-02
8	-6.00039572662145e-03
9	5.04170833313399e-03
10	1.40701393793528e-03
11	3.33212470585783e-04
12	-3.82670755368349e-03
13	7.68778973452896e-04
14	-1.33629760518235e-02
15	-6.89522612291190e-03
16	1.40990637075824e-02
17	5.05894939337976e-03
18	1.45428469407282e-02
19	2.06517989034985e-02
20	1.19130830137089e-02
21	8.62092112859769e-04
22	-6.76872819348676e-03
23	8.31031268063574e-03
24	2.77333219850800e-03
25	1.05245592505818e-02
26	-8.16076763850075e-04
27	1.02918972334071e-02
28	5.33333849693348e-04
29	-4.60918599869026e-03
30	7.14762479296382e-03
31	-3.91991370037478e-03
32	-8.15447335363492e-04
33	2.63131689643706e-03
34	-2.92443694459996e-03
35	-1.59342641653871e-02
36	-5.51419961437347e-03
37	-1.35441748283026e-02
38	-7.23245816077740e-03
39	-4.78115654967295e-03
40	-7.27017110579205e-03
41	-1.91304237711665e-03
42	5.37918044760840e-03
43	1.08172918450351e-02
44	-2.08135948875030e-03
45	9.25147074635440e-03
46	3.94925249955145e-03
47	-2.39262418324531e-02
48	-7.75959803910445e-03
49	-6.24430562443728e-03
