0	1.00000000000014e+00
1	2.21121907179292e-01
2	4.69290972501261e-02
3	2.06550895536783e-03
4	-8.03866729643937e-03
5	-9.14379746900105e-03
6	-7.72714493217958e-03
7	-7.05435633381924e-03
8	-3.03706443994874e-03
9	-1.21360817800292e-02
10	2.18645403688517e-03
11	-6.22917759107758e-03
12	-1.02302574472968e-02
13	-2.00147814236580e-02
14	-1.56619905706930e-02
15	-2.25261043838655e-02
16	-1.98436445705191e-02
17	-1.77039709059981e-02
18	-7.53606389519231e-03
19	1.48433876907211e-03
20	-3.73221420874820e-03
21	-5.63404848392232e-03
22	-3.53945265038979e-03
23	-3.82011186526185e-03
24	-4.29898356642960e-04
25	4.90272473201403e-05
26	-6.66585262863889e-03
27	-4.78750956928992e-03
28	6.36676552036423e-03
29	1.68026642458041e-02
30	1.16564611786517e-02
31	5.34591773872758e-03
32	1.45812303627400e-02
33	8.27737865898065e-03
34	1.21821943488410e-02
35	8.66173089392946e-03
36	6.75502359241854e-03
37	9.99948252653966e-04
38	-9.67707949159813e-04
39	2.23697186267075e-03
40	-7.52192812180227e-03
41	9.73116325300388e-03
42	4.69804479534544e-03
43	5.45313084169767e-03
44	1.73081711757393e-02
45	1.70735869548624e-02
46	7.95411936194103e-03
47	6.87359797732305e-03
48	5.34521486432241e-03
49	1.51310242376445e-02
50	-3.65819089135109e-03
51	-1.45924330666578e-02
52	-1.87153441786840e-02
53	-9.41119870372457e-04
54	1.08234561299474e-02
55	1.63078159207449e-02
56	2.09528729186134e-02
57	1.64736620812368e-02
58	1.61585345166825e-02
59	1.62862671274707e-02
60	5.63505320176713e-03
61	-4.16573511562343e-03
62	1.18574175316869e-03
63	6.41573010194766e-03
64	1.19809852709387e-02
65	3.72736096637329e-03
66	-1.88786337332830e-03
67	-5.96299916360053e-03
68	1.13801569202514e-02
69	7.89349765726301e-03
70	-1.22759661656136e-02
71	-7.40150651836194e-03
72	1.80994169706815e-03
73	3.57269247132882e-03
74	-5.92524573438317e-03
75	4.56376548000258e-03
76	8.31673711267442e-03
77	6.07208138618267e-03
78	1.61539624066083e-03
79	2.79006646844562e-03
80	3.29708624281718e-03
81	8.47296262090232e-03
82	1.50649548818317e-02
83	1.89863932542207e-02
84	2.85619022706013e-02
85	1.88029074877838e-02
86	1.21619447941350e-02
87	9.00374681318101e-03
88	1.62576377302028e-02
89	1.30128710478480e-02
90	8.66632642796289e-03
91	1.31218638885921e-02
92	8.01877255892760e-03
93	-1.09110930856634e-03
94	-3.37571264527659e-03
95	1.08814321500621e-02
96	1.10831329673897e-02
97	5.37893942115356e-03
98	1.07407609668890e-03
99	1.42810044537975e-03
100	-1.06825175341626e-03
101	4.53619528965991e-04
102	1.14165910342570e-03
103	1.28284880704951e-02
104	1.06670146406052e-02
105	5.91290765313544e-03
106	5.68874818222081e-03
107	6.61165927309102e-03
108	2.44965004716523e-03
109	1.02520959206077e-02
110	7.07148599711636e-03
111	2.00297593194708e-03
112	-4.32264187671374e-03
113	3.45544120105090e-04
114	-4.37546105916293e-03
115	-8.59627522696546e-03
116	-7.24348387955727e-03
117	-2.02845926475626e-03
118	-1.02386151348491e-02
119	-5.89829875410801e-03
120	7.62441828210791e-03
121	1.05754039018769e-02
122	6.16970959609979e-03
123	9.06381744219486e-04
124	2.31501066439999e-03
125	1.10929648458931e-03
126	-4.76158114723807e-03
127	3.31612471038696e-03
128	-7.04835954698136e-03
129	-1.66319469504396e-02
130	-1.00615295989404e-02
131	-3.88193819690159e-03
132	-6.74140910716376e-03
133	4.32597258348935e-03
134	-9.83007460931893e-03
135	-9.28534614865835e-03
136	-7.22011445648252e-03
137	5.06218874033286e-03
138	-2.50198044375346e-03
139	-8.64029764126843e-03
140	5.32286174982963e-03
141	5.42316108173361e-06
142	9.93208888129777e-03
143	1.36012547030473e-03
144	-4.84902198936071e-03
145	5.72833059220147e-03
146	1.14678646070304e-03
147	-1.78964731771802e-03
148	3.69141564916512e-03
149	-3.02879075817630e-03
150	-7.26515580502424e-03
151	5.31469591411667e-03
152	3.18084781575809e-03
153	-4.66473937259538e-03
154	-9.44057897997312e-03
155	-1.16217802257478e-02
156	-4.58126113013889e-03
157	1.73383165792091e-03
158	1.02330877817137e-03
159	-6.85556592585253e-03
160	-3.08458240961331e-03
161	-2.30520179619792e-05
162	6.12022454099928e-03
163	6.75870217740861e-03
164	1.61056643498379e-03
165	9.20884376261791e-03
166	6.30099471588990e-03
167	-3.89436802261766e-03
168	-1.15532565625018e-04
169	1.38541097397264e-02
170	1.55508607119566e-02
171	1.40124767558289e-02
172	4.35230462861704e-03
173	-3.80805252964082e-04
174	1.34816564919145e-02
175	1.97174328609944e-02
176	1.54774429365916e-02
177	1.12655076739431e-02
178	2.36813765959526e-02
179	2.04021284817940e-02
180	6.69857402765919e-03
181	7.62933802107132e-03
182	1.05101239770100e-02
183	4.93187955311591e-03
184	9.98278166208762e-03
185	1.29336582237617e-02
186	1.40617380656289e-02
187	1.50828290416366e-02
188	1.42742081755938e-02
189	1.17556980417171e-02
190	2.30227683545342e-02
191	2.71500784366216e-02
192	1.40605082306212e-02
193	2.04775464226141e-02
194	1.05958276423325e-02
195	1.87877429078043e-02
196	2.27169230707687e-02
197	6.66031458959948e-03
198	1.50972428275666e-02
199	1.11132557606174e-02
