0	9.99999999987306e-01
1	4.47500025196271e-01
2	2.09414344844388e-01
3	1.00761386766672e-01
4	4.54701105567554e-02
5	2.53782958965101e-02
6	1.20936489731662e-02
7	1.00546571243531e-02
8	1.08264390882729e-02
9	4.59511637513959e-03
10	2.35948316614175e-02
11	5.95234104205420e-03
12	-1.54790413876208e-03
13	-2.71733509931105e-03
14	8.06942807970395e-03
15	6.03914932274622e-03
16	1.01052761702017e-02
17	2.29234326511774e-03
18	1.21074202400644e-02
19	1.47682477986742e-02
20	1.59682969177362e-02
21	1.15662523997573e-02
22	1.79584500598109e-02
23	2.54780373135606e-02
24	2.85366817488104e-02
25	2.14443314684075e-02
26	1.38846308298821e-02
27	4.90874179742384e-03
28	9.53387260793760e-04
29	4.10530494856238e-03
30	-4.87183201262245e-03
31	-5.72691839781009e-03
32	-8.80286488411010e-04
33	-7.97498411034877e-03
34	9.32777623891667e-04
35	-2.06094538355719e-03
36	-5.83030373800255e-03
37	-2.55992506404924e-04
38	-1.27656242095533e-03
39	6.72566076328453e-03
40	3.03225695099746e-03
41	-4.42372161921901e-03
42	-5.43879955956431e-03
43	-1.63143357111997e-03
44	4.85603400839840e-03
45	2.15218460450414e-03
46	-8.17519607305897e-03
47	2.33526916289084e-03
48	8.01230252262759e-03
49	3.51694066832953e-03
