0	9.99999999999831e-01
1	3.25574580200311e-01
2	1.04939931853401e-01
3	4.01618761426082e-02
4	5.70250371349101e-03
5	4.08171743315064e-03
6	3.51171953341640e-03
7	-1.43042336132000e-02
8	1.06559222136353e-03
9	8.74248045612069e-03
10	-6.29556379071207e-03
11	-6.04905402576090e-03
12	-3.37034229944677e-03
13	-5.88734093487231e-03
14	-1.03090291491187e-02
15	-5.21770226415087e-03
16	1.27873989731890e-02
17	-2.34985410313843e-03
18	-8.50403340078056e-06
19	1.71864932132550e-04
20	6.88020473169889e-03
21	-4.36986685544508e-03
22	8.46892015580081e-03
23	1.09458006455506e-02
24	7.00470544525648e-03
25	4.28289812722515e-03
26	2.00858623447947e-03
27	1.26504034535371e-03
28	-8.40503007147368e-03
29	-5.32404634395638e-03
30	6.06292906618967e-03
31	1.58686897875572e-02
32	1.41620214157099e-02
33	8.22479353241446e-04
34	3.93585558541669e-03
35	4.17595611689492e-03
36	3.06792702229791e-03
37	-2.08275048629139e-03
38	-1.91528614664332e-03
39	-6.60543022620246e-03
40	-6.19789873303382e-03
41	-7.25360888214768e-04
42	-8.16061920215004e-03
43	-2.86410349313017e-03
44	-2.91784506743552e-03
45	4.76260250434076e-03
46	-8.24772749942639e-03
47	-3.55881024456120e-03
48	-3.39408360530929e-03
49	-9.20118919872104e-03
50	-1.78864319044903e-03
51	6.04690901876800e-03
52	3.70112049572182e-03
53	-4.16817810141514e-03
54	-1.45907570773075e-02
55	-1.25650098562028e-02
56	5.85448408016056e-03
57	7.31912535406268e-03
58	1.43413180149751e-02
59	1.44163337949523e-02
60	4.17181587419078e-03
61	8.31392403799650e-03
62	5.88726325542963e-04
63	5.16146538989833e-03
64	9.22404809728117e-03
65	5.51669681982033e-03
66	2.32530843542519e-03
67	2.69103934201310e-05
68	1.25269407189074e-02
69	2.06593879067272e-03
70	-1.17976036907415e-02
71	-9.08823367119260e-03
72	-1.51199899571190e-02
73	-1.33300381880850e-02
74	-2.15275009610086e-03
75	1.75811884325116e-03
76	-1.69190284845773e-03
77	3.04325805973726e-03
78	2.93279869372153e-03
79	3.64458029852255e-03
80	1.65347938970162e-03
81	-7.19840204922037e-03
82	-2.00061457212287e-03
83	1.10377619864057e-03
84	1.63198386749793e-02
85	6.94442596474147e-03
86	-5.26568104165170e-03
87	-8.87005191125573e-03
88	-4.42739941524085e-03
89	-8.38451407982477e-03
90	-8.46451860073351e-03
91	-1.56686730378468e-02
92	-5.85601118532682e-03
93	5.60556881738064e-03
94	8.67029974726614e-03
95	1.11414841689693e-02
96	6.07110079463951e-03
97	7.04860186912874e-03
98	8.83193216880524e-03
99	8.39725565000538e-03
