0	9.99999999999958e-01
1	6.08011972708137e-01
2	3.71324808457290e-01
3	2.25934181393250e-01
4	1.39554405945896e-01
5	9.00561763450879e-02
6	6.43205101438510e-02
7	4.19510245273962e-02
8	2.54536236674300e-02
9	2.36867920214664e-02
10	2.01625896521753e-02
11	2.35274223236572e-02
12	3.05216573551809e-02
13	2.91598972980753e-02
14	2.52138953897961e-02
15	1.77276406018602e-02
16	1.65817456836055e-02
17	1.29244701040708e-02
18	7.10674331059316e-03
19	5.15459276988769e-03
20	6.59088415596356e-03
21	4.27279039400442e-03
22	9.76053072523490e-03
23	1.68445035190596e-02
24	1.69543790566015e-02
25	1.75926153487269e-02
26	2.45379320329396e-02
27	1.87472301257791e-02
28	1.90059515315328e-02
29	1.99462904173116e-02
30	2.11780009280257e-02
31	1.90467505583048e-02
32	1.23832131365650e-02
33	2.91125774071364e-03
34	5.39833860962701e-03
35	8.39536456852243e-03
36	1.15860608405757e-02
37	1.91801988912621e-02
38	1.49114428339649e-02
39	8.13284228644457e-03
40	1.37292371202548e-02
41	1.21332049702078e-02
42	4.78506338149730e-03
43	-1.49593287577668e-03
44	3.62929807592414e-04
45	1.69312063860975e-03
46	-6.39657050545627e-04
47	-1.51613969216802e-03
48	-1.48526277581447e-03
49	-2.20006283295718e-03
50	-3.50337306087819e-03
51	2.69967700351527e-03
52	1.05242050984589e-02
53	1.47045663404993e-02
54	1.59290481828715e-02
55	1.24563383240532e-02
56	5.93028034605307e-03
57	9.04913105927329e-04
58	-3.25752105474018e-03
59	4.63808119659048e-03
60	6.55301362148145e-03
61	9.22309157850179e-03
62	7.68507316088137e-03
63	1.28675924846874e-02
64	8.68379307641753e-03
65	-1.10459434714757e-03
66	-5.72295260975608e-03
67	-7.60745613963433e-03
68	-6.91640878223593e-03
69	-9.78186360816905e-04
70	-2.43516424952985e-03
71	-9.21825673974973e-03
72	-6.45113756298371e-03
73	-1.41333655264963e-02
74	-5.76165015281443e-03
75	2.31871270213186e-03
76	1.29397622707298e-02
77	1.55328798510682e-02
78	1.64334442964766e-02
79	1.36353649539226e-02
80	3.17138276343388e-03
81	4.69390715188781e-04
82	6.97360132392359e-04
83	5.27278687966563e-03
84	9.71257555134386e-03
85	8.44293158798005e-03
86	2.34143784587327e-03
87	-3.07370641293093e-03
88	2.01312171110439e-03
89	-2.99472091432073e-03
90	-1.07020158719079e-02
91	-3.71432647172383e-03
92	-6.38448476915035e-03
93	-5.74491232179944e-03
94	-1.53641263534959e-02
95	-2.58377086906088e-02
96	-2.62152819231607e-02
97	-2.20012505233983e-02
98	-1.02678758224866e-02
99	-8.95978127928745e-03
