1	4.99002699944763e-04
2	6.92398881785546e-04
3	8.36085898795412e-04
4	9.54360537638891e-04
5	1.05240060621095e-03
6	1.14285323514704e-03
7	1.21880026399625e-03
8	1.29242247876195e-03
9	1.35542759146337e-03
10	1.41000629839743e-03
11	1.46781990998510e-03
12	1.52018047312858e-03
13	1.56559712333279e-03
14	1.60663937275896e-03
15	1.64362106138030e-03
16	1.69169522527422e-03
17	1.71964241759116e-03
18	1.74778555444181e-03
19	1.78638708383556e-03
20	1.81865897314975e-03
21	1.86545981689177e-03
22	1.90064609962556e-03
23	1.91024695747042e-03
24	1.95400322772173e-03
25	1.98477285646817e-03
26	1.97463979900958e-03
27	2.02875717043969e-03
28	2.04342824517965e-03
29	2.03910814465053e-03
30	2.10718026066142e-03
31	2.09535643250400e-03
32	2.12066288350851e-03
33	2.12785609629364e-03
34	2.16715792352106e-03
35	2.14554499445050e-03
36	2.14854360428686e-03
37	2.22218943265264e-03
38	2.21698599859525e-03
39	2.24043595120228e-03
40	2.23223129116204e-03
41	2.24871869159411e-03
42	2.25404213665214e-03
43	2.25340769404995e-03
44	2.26384779857298e-03
45	2.28768162673973e-03
46	2.31433666940585e-03
47	2.30604653479191e-03
48	2.31810316519752e-03
49	2.32500437437157e-03
50	2.42546414287534e-03
51	2.37419389466214e-03
52	2.35718070638215e-03
53	2.40455571766362e-03
54	2.43488793931232e-03
55	2.37323940109638e-03
56	2.41122969237019e-03
57	2.42044913661674e-03
58	2.47264650641918e-03
59	2.42278751978345e-03
60	2.51473222808689e-03
61	2.47707877692970e-03
62	2.46227353200803e-03
63	2.52247123187943e-03
64	2.47370303905267e-03
65	2.57380619358501e-03
66	2.54966285521599e-03
67	2.53725163023997e-03
68	2.56706391140200e-03
69	2.57292055986045e-03
70	2.57481174930373e-03
71	2.47167802827826e-03
72	2.49813213624184e-03
73	2.61384644947606e-03
74	2.57713303048975e-03
75	2.54638899942104e-03
76	2.59800763252560e-03
77	2.61221602262115e-03
78	2.54122379087761e-03
79	2.59163279925558e-03
80	2.54459639221869e-03
81	2.51336439967417e-03
82	2.52188763936528e-03
83	2.60344017211353e-03
84	2.63816025144914e-03
85	2.55950979800207e-03
86	2.55824944351146e-03
87	2.65154555328147e-03
88	2.64559508398899e-03
89	2.60639759065799e-03
90	2.63530037361111e-03
91	2.68901645206809e-03
92	2.66056530659448e-03
93	2.66746033800690e-03
94	2.68563448104448e-03
95	2.68469685874790e-03
96	2.64224253934495e-03
97	2.63479188819449e-03
98	2.67028247585687e-03
99	2.84870491531189e-03
