1	1.79904935725395e-04
2	2.39145142155772e-04
3	2.80066885473773e-04
4	3.09625300691801e-04
5	3.33361063022645e-04
6	3.50903377392696e-04
7	3.65527591966764e-04
8	3.79775998247049e-04
9	3.91769495500734e-04
10	4.00140980975454e-04
11	4.07067553810737e-04
12	4.17187194336289e-04
13	4.22442608259050e-04
14	4.21423175237764e-04
15	4.30412202484434e-04
16	4.35417361276175e-04
17	4.32366700654777e-04
18	4.42426445298730e-04
19	4.35169375924206e-04
20	4.46243626428462e-04
21	4.48089274654991e-04
22	4.47161688178998e-04
23	4.57087961760780e-04
24	4.64559327372359e-04
25	4.60837551905587e-04
26	4.53632826481399e-04
27	4.49564443054597e-04
28	4.59978212744371e-04
29	4.53862190076659e-04
30	4.57127226067459e-04
31	4.67876802270204e-04
32	4.57254985356265e-04
33	4.50658407262934e-04
34	4.59527550190549e-04
35	4.57732070228028e-04
36	4.61990407641277e-04
37	4.57405451279947e-04
38	4.72755596740939e-04
39	4.68868217141626e-04
40	4.88113912341462e-04
41	4.55714281423634e-04
42	4.43724598935714e-04
43	4.52516712800516e-04
44	4.69710118721144e-04
45	4.83028382057947e-04
46	4.72160243635515e-04
47	4.50661202914886e-04
48	4.59819408785993e-04
49	4.44124029613894e-04
50	4.59034953887660e-04
51	4.87397543287454e-04
52	4.69589189516708e-04
53	4.62971484423148e-04
54	4.74899623698839e-04
55	4.78896052913616e-04
56	4.65514623538160e-04
57	4.65782596596206e-04
58	4.72889682201669e-04
59	4.81044305894397e-04
60	4.62189278504154e-04
61	4.66534563808728e-04
62	4.64204892017885e-04
63	4.79511794131388e-04
64	4.90402646520143e-04
65	4.69183964959417e-04
66	4.68093163876191e-04
67	4.59734682124631e-04
68	4.82703573614778e-04
69	4.58626325493110e-04
70	4.59142903368843e-04
71	4.88159673576109e-04
72	4.53663120827384e-04
73	4.82104567532390e-04
74	4.44179079624207e-04
75	4.96729475206828e-04
76	4.75294559660177e-04
77	4.71338025833185e-04
78	4.73917371980320e-04
79	5.01482933679014e-04
80	4.94692399449696e-04
81	4.95288887008816e-04
82	4.70127977028301e-04
83	5.10270481448413e-04
84	4.86241835112347e-04
85	4.93810151395336e-04
86	4.77362663475809e-04
87	4.84902771432149e-04
88	4.87170547891010e-04
89	4.80261549479893e-04
90	5.07067021085009e-04
91	4.84579026435170e-04
92	4.86131930899298e-04
93	4.88811774172683e-04
94	4.95214259939581e-04
95	4.97447680659018e-04
96	4.72090406608624e-04
97	4.95026937631108e-04
98	4.59343769524576e-04
99	4.85773218647607e-04
