1	2.04868567563786e-04
2	2.78909769643687e-04
3	3.32552647499484e-04
4	3.72857393884849e-04
5	4.08618718941912e-04
6	4.37816436011551e-04
7	4.60124106038291e-04
8	4.83438579175496e-04
9	4.99342369970809e-04
10	5.17590012055690e-04
11	5.32805366666576e-04
12	5.51978532760903e-04
13	5.54984123904210e-04
14	5.71152354661017e-04
15	5.77959853745418e-04
16	5.86744280686991e-04
17	5.98650305087871e-04
18	6.02471546822354e-04
19	6.09994871513716e-04
20	6.26041826329722e-04
21	6.33812106072242e-04
22	6.29922371042341e-04
23	6.41861822705636e-04
24	6.45540078509529e-04
25	6.41794815430377e-04
26	6.36371140201368e-04
27	6.40654860749269e-04
28	6.69712970064675e-04
29	6.68100078666987e-04
30	6.55752975981207e-04
31	6.75466810194123e-04
32	6.74856332510424e-04
33	6.71626382920103e-04
34	6.70792503638809e-04
35	6.76993100826397e-04
36	6.75250798938402e-04
37	7.00155552361453e-04
38	6.80462979306947e-04
39	6.85606490891793e-04
40	6.83048214155374e-04
41	6.72568641085583e-04
42	6.93221703277217e-04
43	6.68260011080573e-04
44	7.03927432643138e-04
45	7.05955263411446e-04
46	7.02772920282863e-04
47	6.87245852778506e-04
48	7.22278852659131e-04
49	6.96275755761000e-04
50	7.24590915531865e-04
51	7.12529386213484e-04
52	6.89855057713205e-04
53	7.16667923010660e-04
54	7.06930082039728e-04
55	7.18492888624169e-04
56	7.12230801845055e-04
57	7.10760977347775e-04
58	7.15045860610621e-04
59	7.40376220709934e-04
60	7.32988603781480e-04
61	7.41554034285167e-04
62	7.19239910899611e-04
63	7.31042001080154e-04
64	7.13140342003757e-04
65	7.13102482213693e-04
66	6.99635147000949e-04
67	7.32480105346059e-04
68	7.28388909344936e-04
69	7.20297142144907e-04
70	7.52035939043349e-04
71	7.32638939384719e-04
72	7.36287165144556e-04
73	7.60617037923048e-04
74	7.49236377081257e-04
75	7.06098366488148e-04
76	7.54807468889403e-04
77	7.38774446981692e-04
78	7.72991899628010e-04
79	6.96258169158632e-04
80	6.98799597321767e-04
81	7.18664322663640e-04
82	7.22212957774704e-04
83	7.41007616101364e-04
84	7.55170816648370e-04
85	7.60047010433131e-04
86	7.31269341799182e-04
87	7.83690023792310e-04
88	7.52332464546760e-04
89	7.82015631689708e-04
90	7.43472198762282e-04
91	7.57629479722441e-04
92	7.92955107200384e-04
93	7.69968223955190e-04
94	7.38917727601515e-04
95	7.63424534478084e-04
96	7.12905814184382e-04
97	7.67754793333404e-04
98	7.20810652659700e-04
99	7.43850725859494e-04
