1	9.29651407904049e-05
2	1.21560116629918e-04
3	1.40152739100187e-04
4	1.53589264515154e-04
5	1.64272020916755e-04
6	1.71755910199957e-04
7	1.78209186654491e-04
8	1.83400384053953e-04
9	1.87052172420490e-04
10	1.93851352238111e-04
11	1.95626826097189e-04
12	1.96646226995181e-04
13	2.00277657896106e-04
14	2.01057122084267e-04
15	2.05453703039929e-04
16	2.06270768972148e-04
17	2.06625706683354e-04
18	2.05583452813079e-04
19	2.08801223532418e-04
20	2.03584322198027e-04
21	2.09419647816958e-04
22	2.12600544994324e-04
23	2.13418687347656e-04
24	2.07109063273260e-04
25	2.13743651118117e-04
26	2.12532631991921e-04
27	2.09107963781407e-04
28	2.14559379593305e-04
29	2.10357097790190e-04
30	2.14334124885192e-04
31	2.15597490315612e-04
32	2.15398527615827e-04
33	2.13155886323831e-04
34	2.13243610728668e-04
35	2.12833038533858e-04
36	2.17974269460160e-04
37	2.14749778406467e-04
38	2.12094144935832e-04
39	2.17715247434257e-04
40	2.10718827096899e-04
41	2.14475738165276e-04
42	2.11430581118131e-04
43	2.20054108831187e-04
44	2.16498162347423e-04
45	2.10434314964282e-04
46	2.16813812823143e-04
47	2.17516291460127e-04
48	2.12793623637924e-04
49	2.10898785813112e-04
50	2.18589599126622e-04
51	2.11290132437677e-04
52	2.19327872043739e-04
53	2.23173194669829e-04
54	2.17780978140882e-04
55	2.18258263333170e-04
56	2.25699401658596e-04
57	2.21247740167258e-04
58	2.17485078482341e-04
59	2.27655137662822e-04
60	2.15279751505899e-04
61	2.19611971621230e-04
62	2.21001376600919e-04
63	2.17699383048653e-04
64	2.24168581271219e-04
65	2.20470722949090e-04
66	2.29907823190032e-04
67	2.27988600175733e-04
68	2.31395478750394e-04
69	2.29225447419253e-04
70	2.21553702056742e-04
71	2.12492328857261e-04
72	2.23371622143341e-04
73	2.23855819946377e-04
74	2.22543656945199e-04
75	2.10317781583496e-04
76	2.29822945350213e-04
77	2.18362061765121e-04
78	2.35922956814278e-04
79	2.29219378618473e-04
80	2.17447345807186e-04
81	2.20665518411989e-04
82	2.13147937489324e-04
83	2.22435109543543e-04
84	2.24927805576442e-04
85	2.25862954017975e-04
86	2.29086202093927e-04
87	2.21193465947079e-04
88	2.25793867838139e-04
89	2.17890038537045e-04
90	2.23141847858453e-04
91	2.18161204257943e-04
92	2.33335479972371e-04
93	2.18661043116504e-04
94	2.23471689696404e-04
95	2.22081254714073e-04
96	2.30401315410051e-04
97	2.23446116173104e-04
98	2.15271623470220e-04
99	2.16463364257080e-04
