1	3.79981952018570e-04
2	5.19363767427568e-04
3	6.20139676366795e-04
4	7.01365140445480e-04
5	7.66368628849946e-04
6	8.22708160282379e-04
7	8.73732490334087e-04
8	9.19163369406945e-04
9	9.56489365673720e-04
10	9.89021089446075e-04
11	1.02136013290644e-03
12	1.04627691027807e-03
13	1.07735718448914e-03
14	1.10800347951426e-03
15	1.11876948351855e-03
16	1.14450589064565e-03
17	1.17072324084765e-03
18	1.17980651745430e-03
19	1.17572108661050e-03
20	1.21186240487547e-03
21	1.21576420546882e-03
22	1.23700408138116e-03
23	1.25036476973521e-03
24	1.28014530316628e-03
25	1.25539835097892e-03
26	1.30151382284872e-03
27	1.26786608809580e-03
28	1.32488463691671e-03
29	1.30830417807250e-03
30	1.32088129672339e-03
31	1.27816440735110e-03
32	1.29794884522466e-03
33	1.32550260962777e-03
34	1.37229157327928e-03
35	1.33908655632248e-03
36	1.36400528066138e-03
37	1.34486659026345e-03
38	1.37593956676079e-03
39	1.38073282389061e-03
40	1.33784522120595e-03
41	1.40223127786580e-03
42	1.36029031959231e-03
43	1.34637390191760e-03
44	1.35612134395329e-03
45	1.42792469052071e-03
46	1.39525315366691e-03
47	1.37998572387231e-03
48	1.36178953789779e-03
49	1.41476320617617e-03
50	1.42168819397711e-03
51	1.42516664608267e-03
52	1.44664664160864e-03
53	1.42080230344874e-03
54	1.42276908973670e-03
55	1.42840524864178e-03
56	1.42494961078532e-03
57	1.38637308894307e-03
58	1.39513057968157e-03
59	1.39267648855037e-03
60	1.44181080464993e-03
61	1.44782149414424e-03
62	1.40988102679167e-03
63	1.45995496863990e-03
64	1.39885267036006e-03
65	1.49587269879740e-03
66	1.46868237490695e-03
67	1.42560376188742e-03
68	1.49052769948100e-03
69	1.44885775926655e-03
70	1.52040237714709e-03
71	1.46421040885019e-03
72	1.42282552204134e-03
73	1.38169816433477e-03
74	1.44049868484768e-03
75	1.42738649937582e-03
76	1.51622752215979e-03
77	1.52409542856815e-03
78	1.44204568975440e-03
79	1.44759929782316e-03
80	1.46765119882824e-03
81	1.49099818963829e-03
82	1.52367969511442e-03
83	1.52649397321305e-03
84	1.44299880850960e-03
85	1.42021631868459e-03
86	1.43311009269993e-03
87	1.39117282837883e-03
88	1.41739482738571e-03
89	1.55795783748730e-03
90	1.51277370348212e-03
91	1.53827011662066e-03
92	1.50048824452457e-03
93	1.49549077415915e-03
94	1.45694610792817e-03
95	1.44141912311123e-03
96	1.38286687492186e-03
97	1.52162281345358e-03
98	1.49267415845046e-03
99	1.46193362318130e-03
