1	7.14901212198651e-04
2	9.87245453361087e-04
3	1.18975280971174e-03
4	1.35180328029831e-03
5	1.49103028427208e-03
6	1.61020278226987e-03
7	1.71852148993160e-03
8	1.80803058942688e-03
9	1.89536749961500e-03
10	1.97823786782006e-03
11	2.03377176885168e-03
12	2.11177713434361e-03
13	2.16974630750004e-03
14	2.22805330255237e-03
15	2.29574049430423e-03
16	2.32182433910219e-03
17	2.37545221426109e-03
18	2.41633767981434e-03
19	2.42806165494147e-03
20	2.48077046970657e-03
21	2.52964064397661e-03
22	2.55598053855059e-03
23	2.61369574983115e-03
24	2.60300193767489e-03
25	2.65373981157417e-03
26	2.72491164505929e-03
27	2.68431838786956e-03
28	2.70774760516150e-03
29	2.73712765381440e-03
30	2.75795205890913e-03
31	2.80879460310382e-03
32	2.83762653916178e-03
33	2.83245477651637e-03
34	2.87646465320202e-03
35	2.89874740820922e-03
36	2.93101381066388e-03
37	2.86119344738303e-03
38	2.92985370495320e-03
39	2.97864013089681e-03
40	2.92138890522814e-03
41	3.02482415806389e-03
42	2.99334238168285e-03
43	2.99809454079921e-03
44	3.06633491437726e-03
45	2.99311517350261e-03
46	3.10605738865460e-03
47	3.02297198990660e-03
48	3.16210702165671e-03
49	3.06094910476512e-03
50	3.02937288458198e-03
51	3.09746235807071e-03
52	3.12852831173289e-03
53	3.18878870315092e-03
54	3.05682808040702e-03
55	3.15399954733496e-03
56	3.20343733553774e-03
57	3.18826436858962e-03
58	3.19223028862652e-03
59	3.22042153016024e-03
60	3.22258594486742e-03
61	3.14795040140209e-03
62	3.12900022900425e-03
63	3.23374192235993e-03
64	3.21894564437522e-03
65	3.26051680852210e-03
66	3.11574664917731e-03
67	3.20506806844986e-03
68	3.20581016376637e-03
69	3.45786408829946e-03
70	3.22436565435042e-03
71	3.22989915288875e-03
72	3.31739460134898e-03
73	3.22106126580950e-03
74	3.23452109047406e-03
75	3.24664799882897e-03
76	3.35314886328798e-03
77	3.39198572911076e-03
78	3.33302021657283e-03
79	3.27112267969726e-03
80	3.29776637832708e-03
81	3.34712507663619e-03
82	3.41085664929660e-03
83	3.41303111602706e-03
84	3.39654926314926e-03
85	3.31631384227911e-03
86	3.33486860404175e-03
87	3.36802208245371e-03
88	3.28119143469336e-03
89	3.28151053684264e-03
90	3.41897040834417e-03
91	3.40518713609132e-03
92	3.40501075324680e-03
93	3.41019177450473e-03
94	3.41609668479959e-03
95	3.37988549190374e-03
96	3.47126296691261e-03
97	3.36831020608436e-03
98	3.45404719988573e-03
99	3.63961442395325e-03
