1	3.99295487092855e-04
2	5.50393571942453e-04
3	6.60822072999772e-04
4	7.49830661461215e-04
5	8.26178358272478e-04
6	8.90043141001582e-04
7	9.46272410049712e-04
8	9.95677168630962e-04
9	1.04198332437955e-03
10	1.08769023943643e-03
11	1.12321554711941e-03
12	1.15430459273349e-03
13	1.19115696949682e-03
14	1.21641940810822e-03
15	1.23452160387154e-03
16	1.26432978492568e-03
17	1.29197921503088e-03
18	1.31896779060957e-03
19	1.32431669043995e-03
20	1.35230679311845e-03
21	1.38449813062124e-03
22	1.40507356468582e-03
23	1.40405826632026e-03
24	1.43417245560991e-03
25	1.41406332870556e-03
26	1.44558400368541e-03
27	1.45413403684815e-03
28	1.49716267021253e-03
29	1.49723605471685e-03
30	1.48045163518857e-03
31	1.47694417967369e-03
32	1.53166470040143e-03
33	1.53778469889354e-03
34	1.54891068451431e-03
35	1.54594121486213e-03
36	1.56483464636713e-03
37	1.55879382788315e-03
38	1.60000824782031e-03
39	1.59603619559305e-03
40	1.57737996761928e-03
41	1.59043862534299e-03
42	1.65252391740967e-03
43	1.63804485480527e-03
44	1.63331276126652e-03
45	1.62366212489144e-03
46	1.62899117484794e-03
47	1.68203064564699e-03
48	1.67639925235589e-03
49	1.66923137164554e-03
50	1.65872406963230e-03
51	1.64340007194259e-03
52	1.68368316047881e-03
53	1.64119851497960e-03
54	1.71074030916870e-03
55	1.68479710913908e-03
56	1.67677346520951e-03
57	1.64270098452517e-03
58	1.67632709039398e-03
59	1.70150619482629e-03
60	1.75801718646769e-03
61	1.76604766654539e-03
62	1.67109523695397e-03
63	1.73518832374548e-03
64	1.69794713242555e-03
65	1.71700025175643e-03
66	1.75575794121560e-03
67	1.77844770810741e-03
68	1.78135804922267e-03
69	1.75600491736470e-03
70	1.75798561085967e-03
71	1.79059887691747e-03
72	1.70829582813205e-03
73	1.74083901195237e-03
74	1.80876596527888e-03
75	1.85076116704156e-03
76	1.82767047862832e-03
77	1.79131946460900e-03
78	1.70828374218210e-03
79	1.76156881803793e-03
80	1.81591764430535e-03
81	1.76171253894189e-03
82	1.84031572056704e-03
83	1.80058221185680e-03
84	1.89541773921521e-03
85	1.83923916687847e-03
86	1.89483507107847e-03
87	1.84614236021415e-03
88	1.75968415706971e-03
89	1.93239567174927e-03
90	1.84633509173232e-03
91	1.85522015683413e-03
92	1.82302194704969e-03
93	1.81869403876695e-03
94	1.87599881657794e-03
95	1.80142156430158e-03
96	1.83672695890519e-03
97	1.84256221773039e-03
98	1.83734280208024e-03
99	1.87122397760031e-03
