1	3.20645586430469e-04
2	4.45168073484104e-04
3	5.38113572541039e-04
4	6.12848717005817e-04
5	6.77886137136871e-04
6	7.35375238225837e-04
7	7.86010664786720e-04
8	8.31269998254004e-04
9	8.75202442253484e-04
10	9.09964469308670e-04
11	9.47161791939673e-04
12	9.80604459735433e-04
13	1.01294430489742e-03
14	1.04284008195239e-03
15	1.06823809209393e-03
16	1.09697820387502e-03
17	1.11174016455274e-03
18	1.14022073023762e-03
19	1.16311008934822e-03
20	1.18218579884800e-03
21	1.19557790473430e-03
22	1.22834319248233e-03
23	1.22807357828524e-03
24	1.25963813779159e-03
25	1.27518362479408e-03
26	1.29047792716253e-03
27	1.29441427567112e-03
28	1.31553254605882e-03
29	1.33682142718619e-03
30	1.33057505377662e-03
31	1.35025824034817e-03
32	1.35443332068549e-03
33	1.39107363428357e-03
34	1.39475340244638e-03
35	1.41213657459033e-03
36	1.43584832897852e-03
37	1.42547295594676e-03
38	1.45430521347948e-03
39	1.45471184960378e-03
40	1.46706183764540e-03
41	1.45450117712991e-03
42	1.46732260698034e-03
43	1.44792202179765e-03
44	1.48940315413919e-03
45	1.49768296548044e-03
46	1.45483670320391e-03
47	1.53481222445599e-03
48	1.50103032791736e-03
49	1.52696661585801e-03
50	1.47543822924866e-03
51	1.50509651923294e-03
52	1.56749045675920e-03
53	1.52025211299701e-03
54	1.48876490229608e-03
55	1.54881302442421e-03
56	1.55832524693103e-03
57	1.50206141899634e-03
58	1.60825789148234e-03
59	1.52672455176088e-03
60	1.56820050926617e-03
61	1.55314423259608e-03
62	1.64438370171522e-03
63	1.57208674554478e-03
64	1.51036336980298e-03
65	1.53367494128527e-03
66	1.62834332174478e-03
67	1.60400163803150e-03
68	1.59294085618015e-03
69	1.59188420489533e-03
70	1.62576095650807e-03
71	1.50491350672016e-03
72	1.61513693392591e-03
73	1.63729751707988e-03
74	1.59061828518610e-03
75	1.57645340869375e-03
76	1.66801211274711e-03
77	1.65956833063411e-03
78	1.63266500299582e-03
79	1.61697678267491e-03
80	1.65346556551015e-03
81	1.54345048255876e-03
82	1.55999047535405e-03
83	1.66033416806416e-03
84	1.61975694516046e-03
85	1.68335320088953e-03
86	1.67189777944577e-03
87	1.66894267963483e-03
88	1.60347246359055e-03
89	1.64461864862181e-03
90	1.71248073960083e-03
91	1.59798650907745e-03
92	1.62646503539475e-03
93	1.62274850367495e-03
94	1.64758680918809e-03
95	1.69918176434965e-03
96	1.66298957505438e-03
97	1.63621935746631e-03
98	1.71922520485450e-03
99	1.59681461378616e-03
