1	6.87107146396991e-05
2	8.94149953327281e-05
3	1.02996037889099e-04
4	1.12473923930517e-04
5	1.19769032105265e-04
6	1.24891589133972e-04
7	1.30115175693705e-04
8	1.31397189925016e-04
9	1.35278913260751e-04
10	1.38508964692556e-04
11	1.41064936573231e-04
12	1.43685725063856e-04
13	1.44421006044182e-04
14	1.42262627029712e-04
15	1.41472959935954e-04
16	1.47206830797959e-04
17	1.43581891891421e-04
18	1.45313552022170e-04
19	1.49084082722519e-04
20	1.52838438259285e-04
21	1.51859943718987e-04
22	1.51475771194358e-04
23	1.48184656862412e-04
24	1.52115994033731e-04
25	1.50290389784515e-04
26	1.49217971312765e-04
27	1.51755358824128e-04
28	1.49999476519386e-04
29	1.55080665317106e-04
30	1.52954947284135e-04
31	1.54674823232457e-04
32	1.50388338860979e-04
33	1.55634154912224e-04
34	1.53644560769977e-04
35	1.50785249024595e-04
36	1.56427875176147e-04
37	1.57224790990445e-04
38	1.56262899539725e-04
39	1.56588512514758e-04
40	1.56857791741950e-04
41	1.61214040860329e-04
42	1.50044093062625e-04
43	1.48426093125122e-04
44	1.57276942653141e-04
45	1.49373375782864e-04
46	1.60470416243348e-04
47	1.50554516783351e-04
48	1.56644556933242e-04
49	1.53339160932427e-04
50	1.50258942203246e-04
51	1.58443810322114e-04
52	1.47393181233232e-04
53	1.55150360358600e-04
54	1.49447000824780e-04
55	1.57080668474273e-04
56	1.62187110410342e-04
57	1.58606896647057e-04
58	1.51977145709927e-04
59	1.58177870503930e-04
60	1.53699758985461e-04
61	1.55794679055738e-04
62	1.53661845937712e-04
63	1.59039806379300e-04
64	1.54716029664525e-04
65	1.51706177046289e-04
66	1.50711654529667e-04
67	1.54960648940760e-04
68	1.56199034742167e-04
69	1.54478948068739e-04
70	1.47892746040738e-04
71	1.48580462932364e-04
72	1.46120849708079e-04
73	1.49453961718453e-04
74	1.56820707733524e-04
75	1.53425818706583e-04
76	1.55500177748106e-04
77	1.46439981578964e-04
78	1.42441675002703e-04
79	1.41899210512690e-04
80	1.54260105255805e-04
81	1.49734856335267e-04
82	1.45563529169821e-04
83	1.55421818129674e-04
84	1.34508950491297e-04
85	1.53551493239912e-04
86	1.45739563794779e-04
87	1.45181968970581e-04
88	1.53475317965738e-04
89	1.46947479192930e-04
90	1.49330238345530e-04
91	1.45957177756215e-04
92	1.47942564571876e-04
93	1.40620383448126e-04
94	1.41289141513800e-04
95	1.48728418292247e-04
96	1.49614282945679e-04
97	1.52726677517463e-04
98	1.41337637356779e-04
99	1.50128904475082e-04
