1	9.49709968179484e-05
2	1.25910188047495e-04
3	1.46934474811679e-04
4	1.62770133952874e-04
5	1.74823961574643e-04
6	1.83962755056954e-04
7	1.93387203973939e-04
8	1.99524514701946e-04
9	2.04972975620884e-04
10	2.07207853403099e-04
11	2.13421012768124e-04
12	2.17685024747835e-04
13	2.16405361752238e-04
14	2.20279473559398e-04
15	2.24222832462705e-04
16	2.29491288183685e-04
17	2.27279973646050e-04
18	2.31210506770341e-04
19	2.30506140927537e-04
20	2.31351014655327e-04
21	2.32684073890715e-04
22	2.31617500502067e-04
23	2.38752469004749e-04
24	2.31398848521427e-04
25	2.32518753793747e-04
26	2.31621595011283e-04
27	2.36564278549286e-04
28	2.40716286741098e-04
29	2.41283911967481e-04
30	2.31177592716113e-04
31	2.44630835075524e-04
32	2.42129523701403e-04
33	2.36893720784140e-04
34	2.35571980508990e-04
35	2.39194996291823e-04
36	2.39556026116439e-04
37	2.45334389474386e-04
38	2.45786266852147e-04
39	2.36661703744683e-04
40	2.38741472166503e-04
41	2.45444883100888e-04
42	2.47117393771016e-04
43	2.44237793964171e-04
44	2.43583467748432e-04
45	2.38814325239584e-04
46	2.47383729584546e-04
47	2.47504240308041e-04
48	2.44983741178624e-04
49	2.33134692484188e-04
50	2.46490550371477e-04
51	2.44788859217593e-04
52	2.49006973371487e-04
53	2.46153906209824e-04
54	2.48505366802003e-04
55	2.31865392530517e-04
56	2.35642113978230e-04
57	2.46759103601045e-04
58	2.41301440367923e-04
59	2.40346487825464e-04
60	2.46413776377219e-04
61	2.46424516697080e-04
62	2.44238483717551e-04
63	2.44046990777490e-04
64	2.52473666276391e-04
65	2.50165710380738e-04
66	2.33229740543245e-04
67	2.41798152969854e-04
68	2.47958974854730e-04
69	2.51858878579437e-04
70	2.44253794959712e-04
71	2.48770031954006e-04
72	2.47737100558584e-04
73	2.41822067041567e-04
74	2.49929673118371e-04
75	2.34362064589366e-04
76	2.51975022700838e-04
77	2.51462470835566e-04
78	2.38338786118112e-04
79	2.38152353270617e-04
80	2.48096545968171e-04
81	2.49179191078686e-04
82	2.53900626575634e-04
83	2.55793709949781e-04
84	2.50995550118903e-04
85	2.43919250358669e-04
86	2.42629691661196e-04
87	2.63918548218519e-04
88	2.44859405538882e-04
89	2.50354773686704e-04
90	2.37637044935423e-04
91	2.43053822416074e-04
92	2.38979870710292e-04
93	2.67009593604056e-04
94	2.52877625028675e-04
95	2.44832879621050e-04
96	2.45285336474432e-04
97	2.41938651540081e-04
98	2.47092094167648e-04
99	2.40774173271998e-04
