1	1.48883936414238e-03
2	1.49028549014465e-03
3	1.49050858285998e-03
4	1.49074064134618e-03
5	1.50412605281734e-03
6	1.47968617521259e-03
7	1.50107865452078e-03
8	1.51050756121342e-03
9	1.48979851013989e-03
10	1.49898768562962e-03
11	1.49961503294588e-03
12	1.49146944828931e-03
13	1.50465387290657e-03
14	1.51509486458969e-03
15	1.49881280848448e-03
16	1.51102850598603e-03
17	1.50301357026208e-03
18	1.49175237573136e-03
19	1.52268302666086e-03
20	1.48988678285704e-03
21	1.51727953942486e-03
22	1.50759430720203e-03
23	1.53407408128421e-03
24	1.47427778298488e-03
25	1.51942594969085e-03
26	1.55874500410026e-03
27	1.53277048797652e-03
28	1.56086638056442e-03
29	1.51386571302618e-03
30	1.46825700914871e-03
31	1.52091788684403e-03
32	1.52193416904992e-03
33	1.52736701382882e-03
34	1.52607561696800e-03
35	1.50847811747050e-03
36	1.50480808358806e-03
37	1.54787609937960e-03
38	1.50686207443720e-03
39	1.53594078601547e-03
40	1.50294177263490e-03
41	1.50220840101145e-03
42	1.55465411791567e-03
43	1.52252719461623e-03
44	1.49181859542984e-03
45	1.46646361036047e-03
46	1.49510907887405e-03
47	1.52372513767302e-03
48	1.48321065076339e-03
49	1.51005760741608e-03
50	1.53909816445508e-03
51	1.56736444097160e-03
52	1.50898950371322e-03
53	1.50676293633237e-03
54	1.60904025773736e-03
55	1.52091474265301e-03
56	1.53877163175426e-03
57	1.52386548161721e-03
58	1.51307510765246e-03
59	1.53091569552330e-03
60	1.45537928805521e-03
61	1.49367879379525e-03
62	1.51991738527743e-03
63	1.51401507052237e-03
64	1.48138280181490e-03
65	1.49238755795860e-03
66	1.50235844673188e-03
67	1.50189970078929e-03
68	1.52645155572567e-03
69	1.47435381330605e-03
70	1.51601221117978e-03
71	1.42648964428238e-03
72	1.47517269941574e-03
73	1.49692197188394e-03
74	1.53572219545682e-03
75	1.45935325778715e-03
76	1.48046024422526e-03
77	1.52536225153140e-03
78	1.45404959743267e-03
79	1.51795743678667e-03
80	1.52301527062133e-03
81	1.53547764644564e-03
82	1.46351962967785e-03
83	1.55746674969243e-03
84	1.49831140965745e-03
85	1.44723494579180e-03
86	1.47362340095526e-03
87	1.39830691780591e-03
88	1.48832490137361e-03
89	1.43309884757029e-03
90	1.44918936149238e-03
91	1.42129642909633e-03
92	1.45478748739274e-03
93	1.47938436491396e-03
94	1.43266985174583e-03
95	1.44787657397270e-03
96	1.42829975133933e-03
97	1.43677153068811e-03
98	1.48512027296912e-03
99	1.47777196982317e-03
