1	2.00453834349559e-04
2	2.41079039758500e-04
3	2.66585811989200e-04
4	2.81487319113590e-04
5	2.97409747196024e-04
6	3.12868243089011e-04
7	3.19567673612839e-04
8	3.24443053930144e-04
9	3.28684907578864e-04
10	3.37079808138092e-04
11	3.39194650742285e-04
12	3.44205614972722e-04
13	3.48559912606531e-04
14	3.50492573815152e-04
15	3.49234214191909e-04
16	3.52989785811192e-04
17	3.50818817745757e-04
18	3.51463898860740e-04
19	3.51814776449518e-04
20	3.52419671001487e-04
21	3.63162787941560e-04
22	3.69780722564980e-04
23	3.64865993714915e-04
24	3.65079295517627e-04
25	3.52162060188203e-04
26	3.65697166160570e-04
27	3.54613550738352e-04
28	3.68241462578777e-04
29	3.74849698147368e-04
30	3.68938053563960e-04
31	3.69554992153300e-04
32	3.82102726195764e-04
33	3.68931425660264e-04
34	3.78050981445786e-04
35	3.76075409160449e-04
36	3.71952112068691e-04
37	3.64491200575207e-04
38	3.68983280413636e-04
39	3.90539955125952e-04
40	3.51016589091731e-04
41	3.60902144699787e-04
42	3.80062362469510e-04
43	3.70956937993630e-04
44	3.74563607054393e-04
45	3.55238198852307e-04
46	3.61530090244548e-04
47	3.54000657226549e-04
48	3.71872183495723e-04
49	3.78078680750136e-04
50	3.78238423844006e-04
51	3.75758285266210e-04
52	3.60157111721729e-04
53	3.60294759699225e-04
54	3.80045454406261e-04
55	3.64633860245578e-04
56	3.67287005447153e-04
57	3.62687849910540e-04
58	3.69557079340563e-04
59	3.50596615188895e-04
60	3.81577136751992e-04
61	3.41099228290244e-04
62	3.54572790802833e-04
63	3.51062448268961e-04
64	3.65093012783600e-04
65	3.63166113401757e-04
66	3.91575507765050e-04
67	3.62407222944480e-04
68	3.72765004224192e-04
69	3.87406812732127e-04
70	3.66184316088207e-04
71	3.94862622757350e-04
72	3.57929819811274e-04
73	3.64517508880336e-04
74	3.49433472867382e-04
75	3.50510985949949e-04
76	3.61194395262860e-04
77	3.88557169047873e-04
78	3.57007946915537e-04
79	3.67262310420436e-04
80	3.64947479557222e-04
81	3.68754835811160e-04
82	3.67289916853534e-04
83	3.55388605241607e-04
84	3.79988633385969e-04
85	3.66892321493607e-04
86	3.50218294907843e-04
87	3.57154139006214e-04
88	3.71419873270271e-04
89	3.61595511848190e-04
90	3.52776513972619e-04
91	3.71428037045484e-04
92	3.87017532166870e-04
93	3.63451676741043e-04
94	3.65385957518514e-04
95	3.61533022701903e-04
96	3.94955363164279e-04
97	3.67001174348463e-04
98	3.68327063341026e-04
99	3.64218058306559e-04
