1	1.94395952069103e-05
2	1.94763063647639e-05
3	1.95432238050540e-05
4	1.96188916396214e-05
5	1.95230228758947e-05
6	1.95924162475375e-05
7	1.95444491662225e-05
8	1.96779326374134e-05
9	1.97039460264534e-05
10	1.97298993684901e-05
11	1.93834351106196e-05
12	1.97879138843948e-05
13	1.94733403092500e-05
14	1.95400210838873e-05
15	1.94535500085020e-05
16	1.99383405294708e-05
17	1.99089055664400e-05
18	2.00270332064969e-05
19	1.99247195870163e-05
20	1.98379558813095e-05
21	2.00671009414124e-05
22	1.93085247202412e-05
23	1.98625022378383e-05
24	2.03536878611105e-05
25	1.96930629032240e-05
26	1.94812650522438e-05
27	1.98956975040365e-05
28	1.98305594222840e-05
29	1.99729949188154e-05
30	1.99389344915511e-05
31	1.95703767232767e-05
32	2.01343598538142e-05
33	1.94237256790222e-05
34	1.98556762901745e-05
35	2.05083013848064e-05
36	2.03085583382171e-05
37	2.00149882540252e-05
38	1.98123573570212e-05
39	1.93323836230598e-05
40	2.01394326789910e-05
41	1.93948057169241e-05
42	1.96853358357839e-05
43	1.93523666389287e-05
44	1.99644546549715e-05
45	2.03241807729997e-05
46	1.96175781518542e-05
47	1.93843657094920e-05
48	1.99725991068391e-05
49	1.93086786074031e-05
50	2.02431980510675e-05
51	1.95698557345001e-05
52	1.97343716788998e-05
53	1.92816133191859e-05
54	1.97185481400078e-05
55	1.92269139626711e-05
56	1.99511805285305e-05
57	1.95786395566942e-05
58	2.02364879643991e-05
59	2.00910150036571e-05
60	1.95199950576964e-05
61	1.89014956676322e-05
62	1.98106850991547e-05
63	2.00994653376780e-05
64	2.03189286045137e-05
65	1.96518700822424e-05
66	1.97178182231002e-05
67	1.95954640238088e-05
68	1.88910975788682e-05
69	1.96590084272596e-05
70	2.06113120297629e-05
71	1.94932255391937e-05
72	1.93637495142605e-05
73	1.99693800887135e-05
74	2.02838129112158e-05
75	1.93931118718406e-05
76	1.99073093255651e-05
77	1.91396905312291e-05
78	1.93596619573027e-05
79	1.97116869698752e-05
80	1.92410787936600e-05
81	2.02727463341063e-05
82	1.97122553732774e-05
83	1.86683128382772e-05
84	1.85315973033730e-05
85	1.85224144962238e-05
86	1.94085274932500e-05
87	1.98374724391224e-05
88	1.96265840537477e-05
89	2.02331302819034e-05
90	1.97080537175208e-05
91	1.92801961361905e-05
92	1.99858775904832e-05
93	2.00608689600513e-05
94	1.99697089671959e-05
95	1.86367050116480e-05
96	1.90760512805256e-05
97	1.87266235252287e-05
98	1.86650639287512e-05
99	1.93762204358276e-05
