1	1.20503186123800e-04
2	1.64129850128954e-04
3	1.95323834295795e-04
4	2.20157385408319e-04
5	2.40920968815469e-04
6	2.57039666516143e-04
7	2.72618913231581e-04
8	2.84743535186078e-04
9	2.95141743268221e-04
10	3.05049713500354e-04
11	3.18460922473672e-04
12	3.27025990479494e-04
13	3.31258766748052e-04
14	3.38068263119419e-04
15	3.45033938203527e-04
16	3.51479609385916e-04
17	3.56215404717981e-04
18	3.57632475881317e-04
19	3.65974900059725e-04
20	3.70536666415350e-04
21	3.70397528086792e-04
22	3.79965462364771e-04
23	3.88293342408280e-04
24	3.78115465711227e-04
25	3.78442715091466e-04
26	3.88905727935594e-04
27	3.92143942365305e-04
28	3.90544972308909e-04
29	3.89729421284480e-04
30	3.96894009994228e-04
31	4.00244140552931e-04
32	3.97500059281600e-04
33	3.90246708456713e-04
34	3.98825680747117e-04
35	4.04473073903537e-04
36	4.11953983721077e-04
37	4.06226666832052e-04
38	4.01557443489796e-04
39	4.18328571885860e-04
40	4.17153350806449e-04
41	4.12793910256281e-04
42	4.03236445224604e-04
43	4.05009280392170e-04
44	4.04732099286400e-04
45	4.16626562779805e-04
46	4.18952722753255e-04
47	4.21543475500896e-04
48	4.15333628301399e-04
49	4.11346237977173e-04
50	4.09048229951786e-04
51	4.11407124216762e-04
52	4.28021581048772e-04
53	4.07789751954906e-04
54	4.16513109752903e-04
55	4.25896080021412e-04
56	4.19226641419742e-04
57	4.06331487625802e-04
58	4.28484402020214e-04
59	4.19785040127488e-04
60	4.13809232438694e-04
61	4.24076821508536e-04
62	4.04072967199245e-04
63	4.12270363598832e-04
64	4.23431873952647e-04
65	4.24392738352266e-04
66	4.28920562450943e-04
67	4.46053815447171e-04
68	4.23366327621735e-04
69	4.22688140552312e-04
70	4.44779983401583e-04
71	4.22688611728936e-04
72	4.00503159114394e-04
73	4.04390130162172e-04
74	4.29148675163278e-04
75	4.23745321097395e-04
76	4.01585266019347e-04
77	4.34116792657313e-04
78	4.21051026279296e-04
79	4.23724103148800e-04
80	4.27817805561755e-04
81	4.11909140344683e-04
82	4.14172133477511e-04
83	4.08998666327850e-04
84	3.88969461425454e-04
85	4.17806279218447e-04
86	4.22870598026401e-04
87	4.10459066954521e-04
88	3.93750974927443e-04
89	3.93893706381600e-04
90	4.05693944675925e-04
91	4.29822458023002e-04
92	4.05678073904609e-04
93	4.19639978364749e-04
94	4.39751467434787e-04
95	4.31385846511814e-04
96	4.11114217104474e-04
97	4.20672833034459e-04
98	3.93996839827167e-04
99	3.83838802600213e-04
