1	2.20974728554225e-04
2	3.00799630757443e-04
3	3.58146967410811e-04
4	4.02110705440082e-04
5	4.41691021703896e-04
6	4.72491019208734e-04
7	4.99736718998287e-04
8	5.22888690431636e-04
9	5.41991473352337e-04
10	5.59452247023621e-04
11	5.80455398810912e-04
12	5.97044297970275e-04
13	6.06880766860803e-04
14	6.22833774864740e-04
15	6.23536179704367e-04
16	6.38272696772067e-04
17	6.52217706598380e-04
18	6.53777638902404e-04
19	6.64663464386805e-04
20	6.79060689797581e-04
21	6.86336319550178e-04
22	6.79208999720546e-04
23	6.92493048383094e-04
24	7.01252787259492e-04
25	6.96841307628650e-04
26	6.96610848552437e-04
27	6.98112139816801e-04
28	7.25137030939770e-04
29	7.17056715136480e-04
30	7.15347344568369e-04
31	7.41155939255628e-04
32	7.35099540162861e-04
33	7.28867045475696e-04
34	7.23179757149001e-04
35	7.42533801087474e-04
36	7.40446847408266e-04
37	7.48204546482033e-04
38	7.47225061262798e-04
39	7.47998200195530e-04
40	7.49388606451949e-04
41	7.22665768210778e-04
42	7.57709122261013e-04
43	7.27713163312023e-04
44	7.75358396447002e-04
45	7.72944557773557e-04
46	7.64273448741515e-04
47	7.46638815071071e-04
48	7.79162187439942e-04
49	7.69733967261315e-04
50	7.81220879602665e-04
51	7.80008947706998e-04
52	7.53678319757720e-04
53	7.95976878326948e-04
54	7.59079338988405e-04
55	7.81777900911546e-04
56	7.66763454463449e-04
57	7.67189591300959e-04
58	7.74834437036781e-04
59	8.01921197848526e-04
60	7.87003184159965e-04
61	7.89772897977604e-04
62	8.01409689942007e-04
63	7.99707021202722e-04
64	7.65991980386690e-04
65	7.66598041388843e-04
66	7.68028254431512e-04
67	7.94265216020960e-04
68	7.84514125674017e-04
69	7.88640114817197e-04
70	8.24817402406836e-04
71	8.06459474362423e-04
72	8.01910753970988e-04
73	8.23819400412402e-04
74	8.10611767748600e-04
75	7.78463369388204e-04
76	8.06924303731418e-04
77	8.00477401575303e-04
78	8.22916129553134e-04
79	7.70176837554999e-04
80	7.69393788498435e-04
81	7.78290290456613e-04
82	7.68935482592370e-04
83	8.05688584294115e-04
84	8.25781437933112e-04
85	8.44773829598666e-04
86	8.02748579237723e-04
87	8.50271218443242e-04
88	8.03082063258484e-04
89	8.43648508358629e-04
90	8.19729245209442e-04
91	8.24326929767814e-04
92	8.57908629212141e-04
93	8.28602914556782e-04
94	8.09802379706240e-04
95	8.28697493775603e-04
96	7.70783589192731e-04
97	8.61252144527537e-04
98	7.90897810086766e-04
99	8.08095798160549e-04
