1	1.01886597704584e-04
2	1.34737744825142e-04
3	1.57443930214094e-04
4	1.74159856610792e-04
5	1.87829441147529e-04
6	1.96823895623672e-04
7	2.05182247063496e-04
8	2.12409838672653e-04
9	2.18599376338069e-04
10	2.24748530874475e-04
11	2.28622207040094e-04
12	2.32855693238410e-04
13	2.35655667752905e-04
14	2.36515535670621e-04
15	2.43685374716938e-04
16	2.45451735392058e-04
17	2.45667972135755e-04
18	2.51705390852586e-04
19	2.53660137901186e-04
20	2.53255786527122e-04
21	2.53402806969690e-04
22	2.63160460848294e-04
23	2.61094638912620e-04
24	2.59441743318014e-04
25	2.57056994255860e-04
26	2.52560479661649e-04
27	2.62349954329279e-04
28	2.58640388238289e-04
29	2.57401044520212e-04
30	2.61788677681703e-04
31	2.67573546803466e-04
32	2.53724314558240e-04
33	2.62999180568821e-04
34	2.60971861895066e-04
35	2.50760579100169e-04
36	2.74593357650500e-04
37	2.65936659593363e-04
38	2.63981648765309e-04
39	2.52549128886574e-04
40	2.47508801597386e-04
41	2.75607569186282e-04
42	2.49582348246848e-04
43	2.57902022906654e-04
44	2.66253771726631e-04
45	2.49751607809196e-04
46	2.62860224410151e-04
47	2.58932152476022e-04
48	2.63689855972057e-04
49	2.63930669213895e-04
50	2.65025251220948e-04
51	2.52404267176131e-04
52	2.61815125860186e-04
53	2.70214441290825e-04
54	2.59853567752810e-04
55	2.57416246535587e-04
56	2.53889923567880e-04
57	2.70024258146438e-04
58	2.53183230624085e-04
59	2.57914823497965e-04
60	2.46110937010304e-04
61	2.49993095139306e-04
62	2.78546725311652e-04
63	2.67484556434427e-04
64	2.56971389271149e-04
65	2.70771578519809e-04
66	2.59679953483251e-04
67	2.42587291203184e-04
68	2.63985340731215e-04
69	2.72793375852581e-04
70	2.54035952395314e-04
71	2.37902484561516e-04
72	2.66554147511262e-04
73	2.66826528852987e-04
74	2.55411092873828e-04
75	2.50455840574347e-04
76	2.60914127928788e-04
77	2.65350081865988e-04
78	2.52597857847291e-04
79	2.40629432513041e-04
80	2.64973744931209e-04
81	2.56039937346513e-04
82	2.72850968931200e-04
83	2.61648078239383e-04
84	2.46870183699197e-04
85	2.66038654237492e-04
86	2.56930179364841e-04
87	2.52214223236039e-04
88	2.57088032222122e-04
89	2.72433939384925e-04
90	2.38497327689957e-04
91	2.48581064542567e-04
92	2.69151387987695e-04
93	2.65351274112635e-04
94	2.57791192735179e-04
95	2.64162785095830e-04
96	2.46615762359299e-04
97	2.45875087983196e-04
98	2.62477224079251e-04
99	2.63346243182439e-04
