1	3.95199854174464e-04
2	4.73363885396364e-04
3	5.25071905932586e-04
4	5.62548528667679e-04
5	5.89632826944975e-04
6	6.07921176430291e-04
7	6.25470572896136e-04
8	6.28234467427720e-04
9	6.49689045197579e-04
10	6.47396095281069e-04
11	6.61073344204786e-04
12	6.77423959755608e-04
13	6.86914660041937e-04
14	6.86185157908841e-04
15	6.95463113546473e-04
16	6.67358839398606e-04
17	6.87010714119689e-04
18	7.03602251164368e-04
19	6.97151908369668e-04
20	7.01359395005856e-04
21	6.87499033069584e-04
22	6.90097643505339e-04
23	6.84904328961386e-04
24	7.05565738163209e-04
25	7.01252183355238e-04
26	7.13874477380181e-04
27	7.00669010827969e-04
28	7.03961405540501e-04
29	7.10220270374727e-04
30	7.00333378909567e-04
31	7.14661927006817e-04
32	7.02385053573953e-04
33	7.35902826279674e-04
34	7.06980004799029e-04
35	7.23110555230267e-04
36	7.14460535411181e-04
37	7.37420170679397e-04
38	7.31478573000391e-04
39	7.18206293277759e-04
40	7.16709689974776e-04
41	6.81164717586537e-04
42	7.12901608046801e-04
43	7.19624008810902e-04
44	6.96120797917307e-04
45	7.08625246945129e-04
46	7.18911022904056e-04
47	7.41440651930247e-04
48	6.99006784691958e-04
49	7.30626591217399e-04
50	7.39618087926210e-04
51	7.02215083249079e-04
52	7.34290831994145e-04
53	7.27011409659027e-04
54	7.27905776306385e-04
55	6.92963363496390e-04
56	7.21527204928812e-04
57	6.86240869303984e-04
58	7.41056144411335e-04
59	6.89689966756073e-04
60	7.08421190441887e-04
61	7.13195620630754e-04
62	7.27090794291926e-04
63	7.20856204618869e-04
64	7.23511489794997e-04
65	7.24622845332724e-04
66	7.26532306540969e-04
67	6.89669780868262e-04
68	7.60852803008385e-04
69	6.65969826565713e-04
70	6.78122371910565e-04
71	7.25582929686232e-04
72	7.22681747935847e-04
73	6.66057848924265e-04
74	7.55982470724190e-04
75	7.25214168468716e-04
76	6.90732865675832e-04
77	7.47114916475369e-04
78	6.90236808963329e-04
79	7.15529305077467e-04
80	6.93618222381627e-04
81	7.23592762832437e-04
82	6.76941523352900e-04
83	6.82101398946722e-04
84	6.81927090925843e-04
85	7.59509046536354e-04
86	7.44480881921206e-04
87	6.85569841487637e-04
88	7.08447217386285e-04
89	7.30825651103180e-04
90	6.94553478290020e-04
91	7.07158787868436e-04
92	7.47758872869628e-04
93	7.34007383904544e-04
94	6.53847967323180e-04
95	7.14719699267125e-04
96	7.16958090975241e-04
97	6.96207880494268e-04
98	7.32193661261507e-04
99	7.63617797792256e-04
