1	1.74184364946645e-03
2	2.40656609447436e-03
3	2.90161488048959e-03
4	3.30792766133827e-03
5	3.66063342334821e-03
6	3.96957303424251e-03
7	4.25189143214235e-03
8	4.49686577293492e-03
9	4.74280408642888e-03
10	4.95433527853806e-03
11	5.17344126040988e-03
12	5.36606012670795e-03
13	5.55464257173866e-03
14	5.70960685113033e-03
15	5.88150540988648e-03
16	5.99831160821838e-03
17	6.15032065340420e-03
18	6.33882753310124e-03
19	6.44279204083574e-03
20	6.56447933070359e-03
21	6.75836417113142e-03
22	6.81838936191540e-03
23	6.98436251038660e-03
24	7.10148425775307e-03
25	7.13987964516681e-03
26	7.18320427572311e-03
27	7.42126422616057e-03
28	7.49009534015497e-03
29	7.59124791265159e-03
30	7.63830915419223e-03
31	7.85263640115800e-03
32	7.80322578110982e-03
33	7.97589764960012e-03
34	7.99546782266566e-03
35	8.00865396614220e-03
36	8.23962678284002e-03
37	8.23555340976249e-03
38	8.32167646004974e-03
39	8.32183061866015e-03
40	8.36324838919474e-03
41	8.44755700652525e-03
42	8.54102128277905e-03
43	8.69401421691242e-03
44	8.72014995378597e-03
45	8.73713985992104e-03
46	8.78496050459470e-03
47	8.83857577291590e-03
48	8.96363404615926e-03
49	9.05109660189691e-03
50	8.90741476368054e-03
51	9.22954624705074e-03
52	9.23455206008408e-03
53	9.28672204639414e-03
54	9.19657196225981e-03
55	9.37431504464609e-03
56	9.42310965029487e-03
57	9.32692983847951e-03
58	9.45363249032882e-03
59	9.47964609825174e-03
60	9.39520290845045e-03
61	9.56334609665993e-03
62	9.69007635482293e-03
63	9.49959067640143e-03
64	9.65995889086727e-03
65	9.65553114860085e-03
66	9.94247685548437e-03
67	9.78267912151430e-03
68	9.79113218298459e-03
69	1.00129952877972e-02
70	9.93892320740321e-03
71	1.00562651158314e-02
72	1.00061740127437e-02
73	1.01029239585004e-02
74	9.83783086766419e-03
75	1.00957535741688e-02
76	1.00465845882825e-02
77	1.01059662309938e-02
78	1.00320330170677e-02
79	1.04041606519087e-02
80	1.02674406528325e-02
81	1.00780432823225e-02
82	1.02475410725108e-02
83	1.06432763445732e-02
84	1.00641050404344e-02
85	1.04594272065038e-02
86	1.06221024064043e-02
87	1.09920720471664e-02
88	1.04017006710243e-02
89	1.04278181961585e-02
90	1.06158395169480e-02
91	1.06129932906903e-02
92	1.01233953404709e-02
93	1.03731741848966e-02
94	1.06917038060164e-02
95	1.04652281859662e-02
96	1.07160731700559e-02
97	1.10522782253164e-02
98	1.09638648944887e-02
99	1.08229665926657e-02
