1	1.62277782126212e-04
2	1.62618914092265e-04
3	1.61278468855250e-04
4	1.61531136260228e-04
5	1.60442472200596e-04
6	1.59679120598138e-04
7	1.59295394632755e-04
8	1.59686106053055e-04
9	1.56436067618126e-04
10	1.58170875520395e-04
11	1.54798234634462e-04
12	1.57702209743173e-04
13	1.57905797984739e-04
14	1.58619202800504e-04
15	1.57467457622874e-04
16	1.57068345433587e-04
17	1.58993095916225e-04
18	1.56623443614804e-04
19	1.54575663070811e-04
20	1.56353603689834e-04
21	1.55237382091359e-04
22	1.53008798338309e-04
23	1.56634038501342e-04
24	1.54682019405648e-04
25	1.54038858782629e-04
26	1.56664034890109e-04
27	1.59393677664474e-04
28	1.48755907858321e-04
29	1.49324614769567e-04
30	1.47369011067855e-04
31	1.50604409360607e-04
32	1.52582338379205e-04
33	1.50176126127685e-04
34	1.57729337861884e-04
35	1.53938017326639e-04
36	1.52444460326036e-04
37	1.57081722811836e-04
38	1.53711241189020e-04
39	1.50467429373880e-04
40	1.57903638528298e-04
41	1.47495990051858e-04
42	1.49417124140746e-04
43	1.56936883206120e-04
44	1.52065994332568e-04
45	1.53396355169468e-04
46	1.50358646367276e-04
47	1.43234575596416e-04
48	1.58614455184447e-04
49	1.49888444158768e-04
50	1.48079651739802e-04
51	1.53025336027023e-04
52	1.46831688526376e-04
53	1.53152038570707e-04
54	1.55805238876432e-04
55	1.45160275817789e-04
56	1.44676772523291e-04
57	1.52798728274162e-04
58	1.47413181864916e-04
59	1.47083747143550e-04
60	1.43057372380763e-04
61	1.49229116623533e-04
62	1.48303921318142e-04
63	1.33653421184913e-04
64	1.50184818476732e-04
65	1.50296156323785e-04
66	1.51141215155198e-04
67	1.44419539779032e-04
68	1.42882855244260e-04
69	1.53703423586847e-04
70	1.34739810069375e-04
71	1.52734750796617e-04
72	1.46239189722365e-04
73	1.42803817397960e-04
74	1.48483706627204e-04
75	1.39298034912466e-04
76	1.39982359033117e-04
77	1.43236521124259e-04
78	1.38274622638071e-04
79	1.46400176328283e-04
80	1.51610002441584e-04
81	1.47076472683882e-04
82	1.37453658307827e-04
83	1.39116424551125e-04
84	1.44148166564332e-04
85	1.48810600046729e-04
86	1.49177556785271e-04
87	1.36020063878141e-04
88	1.52113821192614e-04
89	1.37634806804291e-04
90	1.43300578212599e-04
91	1.42628443953282e-04
92	1.44844354549625e-04
93	1.36624401744237e-04
94	1.41383037610133e-04
95	1.40376225409464e-04
96	1.35857091484463e-04
97	1.47361946249473e-04
98	1.41332560857550e-04
99	1.42822996849478e-04
