1	1.48298862188421e-03
2	1.47995829640657e-03
3	1.48376515709873e-03
4	1.47789041867222e-03
5	1.47495161555613e-03
6	1.46634266174402e-03
7	1.46382993776246e-03
8	1.50443195532365e-03
9	1.48025001481734e-03
10	1.48381829509872e-03
11	1.47192149245378e-03
12	1.49520092409348e-03
13	1.46930997859768e-03
14	1.46034248958017e-03
15	1.48582364207520e-03
16	1.50469949024936e-03
17	1.48336600333172e-03
18	1.45628958714621e-03
19	1.49535435470491e-03
20	1.48628213901803e-03
21	1.41697378433604e-03
22	1.50247704339456e-03
23	1.50354165350700e-03
24	1.50236738585303e-03
25	1.46545052330963e-03
26	1.46819042805490e-03
27	1.45570063825085e-03
28	1.45746632639326e-03
29	1.48531183641581e-03
30	1.45028952461763e-03
31	1.49685315679271e-03
32	1.48817703033479e-03
33	1.46521430719179e-03
34	1.44091376204190e-03
35	1.41256574064524e-03
36	1.50264982580102e-03
37	1.41843376478788e-03
38	1.46619506071245e-03
39	1.49213536179497e-03
40	1.50030354510390e-03
41	1.44754498461439e-03
42	1.44395970725612e-03
43	1.50060151719941e-03
44	1.43356672440866e-03
45	1.49283515657530e-03
46	1.48228088400266e-03
47	1.38368313450790e-03
48	1.45198762625018e-03
49	1.48094314368353e-03
50	1.43213300044682e-03
51	1.47565961934087e-03
52	1.47729804590982e-03
53	1.44062989740085e-03
54	1.44784971541650e-03
55	1.52927542649981e-03
56	1.45374934032827e-03
57	1.40601195580693e-03
58	1.45984515961858e-03
59	1.49330021202565e-03
60	1.51107200149340e-03
61	1.46380073090059e-03
62	1.49313791201961e-03
63	1.44901214005448e-03
64	1.42229683472363e-03
65	1.45516723761388e-03
66	1.52296450667272e-03
67	1.52523419307139e-03
68	1.47949985263920e-03
69	1.46081759652161e-03
70	1.49012070014369e-03
71	1.48175936994409e-03
72	1.45963055523875e-03
73	1.48450367516575e-03
74	1.43709005393542e-03
75	1.46370847407086e-03
76	1.52089359638872e-03
77	1.52657662708593e-03
78	1.42854229370791e-03
79	1.45320809130382e-03
80	1.48585411010741e-03
81	1.53377128334475e-03
82	1.50263194564502e-03
83	1.45654270350851e-03
84	1.45486953826700e-03
85	1.49435745144499e-03
86	1.51259953113438e-03
87	1.47329429162567e-03
88	1.53274351072151e-03
89	1.46468420215292e-03
90	1.43735604387306e-03
91	1.46059073471720e-03
92	1.54144540488989e-03
93	1.45119876264987e-03
94	1.46483063042583e-03
95	1.50312023879387e-03
96	1.45941088029539e-03
97	1.39867486084554e-03
98	1.49886782328583e-03
99	1.49573689829996e-03
