0	1.00000000010918e+00
1	8.40848597870882e-01
2	7.21989235620101e-01
3	6.19808720645282e-01
4	5.31221750528967e-01
5	4.66500997807771e-01
6	4.08015253711361e-01
7	3.56609393626649e-01
8	3.20005116319142e-01
9	2.90923947786668e-01
10	2.55328705307779e-01
11	2.28826521464456e-01
12	2.05627691322738e-01
13	1.75210430765863e-01
14	1.44533815557222e-01
15	1.18776648367854e-01
16	1.02259683984374e-01
17	8.71918799095169e-02
18	6.82538545387791e-02
19	5.44833793918156e-02
20	4.70083142441152e-02
21	4.72593750351975e-02
22	4.60825109662037e-02
23	4.10473611452102e-02
24	3.54633303616441e-02
25	2.47146326368337e-02
26	2.31724215532720e-02
27	1.92924372838934e-02
28	2.99458854582873e-02
29	3.78957614368766e-02
30	4.26954963831133e-02
31	3.64651663797047e-02
32	2.53588808562984e-02
33	1.36671722650710e-02
34	-2.81346720475357e-03
35	-2.06739030379841e-02
36	-2.65754902550416e-02
37	-3.00229347552317e-02
38	-3.09482537420291e-02
39	-2.88967930256297e-02
40	-3.59884629072248e-02
41	-5.48356617518825e-02
42	-7.99265617382323e-02
43	-9.39511250185087e-02
44	-1.03800296537379e-01
45	-1.04776935786285e-01
46	-1.06991754518129e-01
47	-1.10770878059265e-01
48	-1.13105047460368e-01
49	-1.10013322920143e-01
50	-1.07343329302336e-01
51	-1.07894171877961e-01
52	-1.05292709291109e-01
53	-1.03970581797590e-01
54	-9.45012213944591e-02
55	-1.01537274128682e-01
56	-1.09587074481939e-01
57	-1.24184959913505e-01
58	-1.26004318063255e-01
59	-1.26213725708535e-01
60	-1.34091601924551e-01
61	-1.31099980010079e-01
62	-1.31531024221285e-01
63	-1.22074658721592e-01
64	-1.24060187872340e-01
65	-1.36407311141678e-01
66	-1.51624454978803e-01
67	-1.69953644667542e-01
68	-1.83752045201733e-01
69	-1.96392475408518e-01
70	-2.07653045540992e-01
71	-2.22353236965843e-01
72	-2.37433150588400e-01
73	-2.51374235194390e-01
74	-2.61196888262883e-01
75	-2.66684401980859e-01
76	-2.68038989448183e-01
77	-2.71083358612259e-01
78	-2.82565978430061e-01
79	-2.85096483370712e-01
80	-2.87879709752777e-01
81	-3.02007678492931e-01
82	-3.20915843744011e-01
83	-3.36356177341312e-01
84	-3.43447753398044e-01
85	-3.44422248255248e-01
86	-3.44843344775837e-01
87	-3.48428907932175e-01
88	-3.61433405806411e-01
89	-3.69705624228273e-01
90	-3.85581805476186e-01
91	-3.99160609484430e-01
92	-4.09572275308774e-01
93	-4.19071541051664e-01
94	-4.36217008697558e-01
95	-4.47918903453935e-01
96	-4.59088448540873e-01
97	-4.70268565564999e-01
98	-4.88447170088003e-01
99	-4.97727049903444e-01
100	-5.02730303666489e-01
101	-5.17483683790349e-01
102	-5.34610350561137e-01
103	-5.48265118419157e-01
104	-5.54877821522063e-01
105	-5.57172606208770e-01
106	-5.55163229771421e-01
107	-5.58352817565158e-01
108	-5.51871917905804e-01
109	-5.38506870408586e-01
110	-5.28616358407046e-01
111	-5.24873030030831e-01
112	-5.18033894366801e-01
113	-5.10796833821481e-01
114	-4.97038624412678e-01
115	-4.86091333720730e-01
116	-4.86589485306424e-01
117	-4.92542079736807e-01
118	-5.01412047760826e-01
119	-5.16497690065283e-01
120	-5.23946340219160e-01
121	-5.25278626865038e-01
122	-5.27559320171146e-01
123	-5.30423277653798e-01
124	-5.25065656785870e-01
125	-5.22212765397539e-01
126	-5.15629210970430e-01
127	-5.17899573598356e-01
128	-5.10683264389887e-01
129	-5.06476965682277e-01
130	-4.93957959735068e-01
131	-4.95135693706314e-01
132	-4.95604424832693e-01
133	-4.80909275872802e-01
134	-4.65389096673675e-01
135	-4.51771819248806e-01
136	-4.37730597028199e-01
137	-4.36150890281577e-01
138	-4.29049110819064e-01
139	-4.20464253965645e-01
140	-4.16474527821942e-01
141	-4.15443807457178e-01
142	-4.12919262350065e-01
143	-4.17204421196116e-01
144	-4.20747761550728e-01
145	-4.14799411513054e-01
146	-4.19512509409639e-01
147	-4.12241177104045e-01
148	-3.96407012720371e-01
149	-3.89290513081413e-01
150	-3.88671451067849e-01
151	-3.97108333167826e-01
152	-4.07781287908350e-01
153	-4.05550935083567e-01
154	-3.93125482757062e-01
155	-3.87122370089103e-01
156	-3.87448957654245e-01
157	-3.80873933479584e-01
158	-3.81095239313619e-01
159	-3.78076811738585e-01
160	-3.72570886610595e-01
161	-3.65161735369063e-01
162	-3.59859709729626e-01
163	-3.56219095666532e-01
164	-3.46043905460757e-01
165	-3.23528002302009e-01
166	-3.16777485085076e-01
167	-3.19333063172753e-01
168	-3.26120182222271e-01
169	-3.36665331343224e-01
170	-3.45065209228141e-01
171	-3.50925569249344e-01
172	-3.51148098824643e-01
173	-3.48120497693442e-01
174	-3.45069875458254e-01
175	-3.30389750008259e-01
176	-3.21890042717720e-01
177	-3.10692315958217e-01
178	-3.02824801849001e-01
179	-2.98862603498119e-01
180	-2.91725839665581e-01
181	-2.97060162603174e-01
182	-2.95643099203100e-01
183	-2.86993287399797e-01
184	-2.88210291134069e-01
185	-2.86542889843281e-01
186	-2.82558133980171e-01
187	-2.81468988967150e-01
188	-2.85946884818375e-01
189	-2.90738059034903e-01
190	-3.04689442647189e-01
191	-3.11630382616966e-01
192	-3.26906691212700e-01
193	-3.44580408918441e-01
194	-3.48906150997062e-01
195	-3.51482884974946e-01
196	-3.50010407327030e-01
197	-3.39908182806726e-01
198	-3.28996309523959e-01
199	-3.26149989151499e-01
