0	9.99999999944732e-01
1	5.94048546326229e-01
2	3.52472840687173e-01
3	2.07790133229475e-01
4	1.17633637479481e-01
5	6.15931945227904e-02
6	3.08015410067565e-02
7	1.77570169806706e-02
8	8.86172212191255e-03
9	-7.17567810224608e-03
10	-1.39828937924910e-02
11	-2.05959383530553e-02
12	-3.71102615986114e-02
13	-5.13564039127448e-02
14	-4.94728992375623e-02
15	-5.51200196879955e-02
16	-5.47839838439515e-02
17	-5.63879987832142e-02
18	-5.25731135387158e-02
19	-3.56404686464802e-02
20	-3.66680189558186e-02
21	-3.85374299736631e-02
22	-3.99130789936867e-02
23	-3.99923056424294e-02
24	-4.32241538674379e-02
25	-4.55893584308102e-02
26	-4.24253925028850e-02
27	-3.23013808951265e-02
28	-3.13222077067479e-02
29	-3.54457926009883e-02
30	-3.91244271052385e-02
31	-3.63466244218089e-02
32	-3.46867966399376e-02
33	-2.82272246969307e-02
34	-3.25500653512044e-02
35	-3.61151820373504e-02
36	-3.72097608776994e-02
37	-4.08529181362739e-02
38	-3.66844773491107e-02
39	-3.98200544737780e-02
40	-4.03365286165943e-02
41	-3.67446627333054e-02
42	-3.97449120466379e-02
43	-5.03121964153508e-02
44	-4.62985135531148e-02
45	-3.57553273040844e-02
46	-3.22750856967748e-02
47	-3.02398193301721e-02
48	-3.27883207896806e-02
49	-3.32777581579096e-02
50	-2.82658783739238e-02
51	-3.11214743980688e-02
52	-3.22480243052451e-02
53	-4.35195404255722e-02
54	-3.94348338204023e-02
55	-2.89538654189381e-02
56	-2.42246930846812e-02
57	-2.58615983728914e-02
58	-3.37662791529794e-02
59	-4.30144525862208e-02
60	-5.52560853208529e-02
61	-6.49243168846238e-02
62	-7.66514578873724e-02
63	-8.65870589808481e-02
64	-9.10794500670240e-02
65	-1.00151906311772e-01
66	-9.75114629826770e-02
67	-1.02523534069435e-01
68	-1.06510767815362e-01
69	-1.12515918060301e-01
70	-1.15632745239328e-01
71	-1.19320004340489e-01
72	-1.18699104594650e-01
73	-1.27502762450276e-01
74	-1.21908423975830e-01
75	-1.15985716290009e-01
76	-1.09801779748406e-01
77	-1.02338021269632e-01
78	-1.00740490803927e-01
79	-9.94125243422176e-02
80	-9.19601619015108e-02
81	-9.10023531323136e-02
82	-8.91315883217669e-02
83	-8.51506393133406e-02
84	-8.83539958485252e-02
85	-8.87495633663242e-02
86	-9.06625932841062e-02
87	-9.05507796873191e-02
88	-9.03413954462585e-02
89	-9.55189633879186e-02
90	-9.69576761747957e-02
91	-8.94629975490867e-02
92	-8.32392585392654e-02
93	-8.24026090418078e-02
94	-8.60877355757669e-02
95	-9.80911028928871e-02
96	-1.01232023784829e-01
97	-1.03062089955632e-01
98	-1.04422562791084e-01
99	-1.03553944145824e-01
100	-1.03108737843962e-01
101	-1.07367618364239e-01
102	-1.10092402509414e-01
103	-1.11582773495679e-01
104	-1.13865895755380e-01
105	-1.17155056109786e-01
106	-1.21441245719159e-01
107	-1.23251807059042e-01
108	-1.23961174257257e-01
109	-1.23735314597854e-01
110	-1.20835374257831e-01
111	-1.21755034245622e-01
112	-1.21089677291802e-01
113	-1.15381099020540e-01
114	-1.10784184243297e-01
115	-1.08475888403093e-01
116	-1.12494497100573e-01
117	-1.13857963221168e-01
118	-1.15202015413398e-01
119	-1.12344508070298e-01
120	-1.15238234962855e-01
121	-1.10601366421947e-01
122	-1.13087518630612e-01
123	-1.15790597548396e-01
124	-1.14183804030954e-01
125	-1.09298377563755e-01
126	-1.07753235587219e-01
127	-1.10580437238452e-01
128	-1.17458643511043e-01
129	-1.22821762826185e-01
130	-1.28439446777821e-01
131	-1.40351457578083e-01
132	-1.44206532026074e-01
133	-1.42381703573521e-01
134	-1.44950590850470e-01
135	-1.41884597174495e-01
136	-1.40526977779779e-01
137	-1.37190477545128e-01
138	-1.33190333821618e-01
139	-1.31201334028135e-01
140	-1.18161297302111e-01
141	-1.14384469274649e-01
142	-1.06121723366071e-01
143	-1.02481280216750e-01
144	-9.27349866666907e-02
145	-9.60304414590286e-02
146	-1.01667464140335e-01
147	-1.11064101433497e-01
148	-1.07215953305075e-01
149	-1.07867965443484e-01
150	-1.12531350697566e-01
151	-1.16859452337245e-01
152	-1.11791058332824e-01
153	-1.09514487754580e-01
154	-1.10270720565843e-01
155	-9.98884153253822e-02
156	-9.52201243271539e-02
157	-1.05391220575564e-01
158	-1.11850821191670e-01
159	-1.09235575470905e-01
160	-1.06069864625671e-01
161	-1.09393177797780e-01
162	-1.17833907889360e-01
163	-1.21197633216221e-01
164	-1.18896133164038e-01
165	-1.12733271776503e-01
166	-1.12981152598798e-01
167	-1.08257022054098e-01
168	-1.09320341595416e-01
169	-1.17832041184124e-01
170	-1.18670890461740e-01
171	-1.14395748487719e-01
172	-1.02952569442822e-01
173	-9.99694209132912e-02
174	-9.58870405516409e-02
175	-1.03286494493547e-01
176	-1.11282229292702e-01
177	-1.19269675245728e-01
178	-1.15016282869429e-01
179	-1.13873509844904e-01
180	-1.17950851953081e-01
181	-1.22826634070941e-01
182	-1.20349092450321e-01
183	-1.16061467591580e-01
184	-1.20677500944964e-01
185	-1.19467548437619e-01
186	-1.21360766326674e-01
187	-1.26208548166735e-01
188	-1.21946313502979e-01
189	-1.25553344204359e-01
190	-1.39036009110521e-01
191	-1.46577847997493e-01
192	-1.57773030755869e-01
193	-1.57453073748535e-01
194	-1.50967160056997e-01
195	-1.43645534418434e-01
196	-1.36671580093635e-01
197	-1.32704477720572e-01
198	-1.34257282435238e-01
199	-1.33937068953243e-01
