0	9.99999999697581e-01
1	8.02159324016392e-01
2	6.40965354157255e-01
3	5.40668010713001e-01
4	4.45812247265353e-01
5	4.00823666139864e-01
6	3.74499975652019e-01
7	3.32381204459474e-01
8	2.99995612569532e-01
9	2.75920457925571e-01
10	2.67714245317443e-01
11	2.69150482170206e-01
12	2.73332674192993e-01
13	2.67517394237160e-01
14	2.52709255848985e-01
15	2.39914824346913e-01
16	2.10755935479785e-01
17	2.06967113449409e-01
18	2.00752996214119e-01
19	1.96494990000199e-01
20	2.03699186993145e-01
21	1.97434652659340e-01
22	1.91564965340193e-01
23	1.79380072140408e-01
24	1.61825653597441e-01
25	1.41207701412941e-01
26	1.29827503386178e-01
27	1.04262649649232e-01
28	9.22649329940626e-02
29	8.77369512632143e-02
30	8.27290225954356e-02
31	8.04228930560220e-02
32	9.98483523146228e-02
33	1.18662619040443e-01
34	1.40240148426825e-01
35	1.60683852431917e-01
36	1.69413686263175e-01
37	1.56102079921720e-01
38	1.59344850128560e-01
39	1.73488488240679e-01
40	1.89754408552291e-01
41	2.06079184257428e-01
42	2.35951835500929e-01
43	2.66400376042579e-01
44	2.95825631333083e-01
45	3.07388287108368e-01
46	3.14220979921144e-01
47	3.28493634723966e-01
48	3.51292749129971e-01
49	3.72080078687395e-01
50	3.84464649764463e-01
51	3.81339528490638e-01
52	3.69337821173044e-01
53	3.68626882481742e-01
54	3.93049977938803e-01
55	4.13551105454021e-01
56	4.24142096013897e-01
57	4.19386026817765e-01
58	4.06828248330948e-01
59	3.84006277699553e-01
60	3.80462379485943e-01
61	3.79386238057342e-01
62	3.82578428120715e-01
63	3.71279524057186e-01
64	3.64109402148858e-01
65	3.64848818487388e-01
66	3.79078239010702e-01
67	4.00879919751118e-01
68	4.11099542116737e-01
69	4.09875626547421e-01
70	4.01859601547467e-01
71	4.08830954398246e-01
72	4.05464523338852e-01
73	4.04913847536938e-01
74	4.08562297426634e-01
75	4.01734734246269e-01
76	3.86148991925635e-01
77	3.84331779590123e-01
78	3.78212632091493e-01
79	3.56004359053314e-01
80	3.44471072243886e-01
81	3.52977685012599e-01
82	3.65650580953262e-01
83	3.92565851803554e-01
84	4.14498314352162e-01
85	4.33711995548519e-01
86	4.62205074801255e-01
87	4.53882049430197e-01
88	4.55198897516185e-01
89	4.49639036782705e-01
90	4.41543896211345e-01
91	4.33777228693462e-01
92	4.35647895169219e-01
93	4.20535399403344e-01
94	3.86542463166834e-01
95	3.63602407644786e-01
96	3.42215831858634e-01
97	3.17615883505309e-01
98	3.12853688351511e-01
99	3.03637282143212e-01
100	3.11195297310975e-01
101	3.11427370967734e-01
102	3.14635635562796e-01
103	3.37033058540219e-01
104	3.33771890480186e-01
105	3.31041618687041e-01
106	3.32291270986135e-01
107	3.41603920384231e-01
108	3.25041094650105e-01
109	3.06036338074378e-01
110	2.96549433494566e-01
111	3.11061352835795e-01
112	3.20968635509470e-01
113	3.31056867875995e-01
114	3.41690657121765e-01
115	3.64932879493719e-01
116	3.88232871722181e-01
117	4.06962466144439e-01
118	4.28503316983827e-01
119	4.41499898766092e-01
120	4.43222533567020e-01
121	4.46439470012360e-01
122	4.51193017515007e-01
123	4.46985638956085e-01
124	4.42825661929435e-01
125	4.39959680334542e-01
126	4.51451192309067e-01
127	4.60666979995678e-01
128	4.54605575096637e-01
129	4.59330978505365e-01
130	4.65509406104048e-01
131	4.86862066126300e-01
132	5.02616512842202e-01
133	5.17237201285848e-01
134	5.33386130971042e-01
135	5.54648610899063e-01
136	5.49094496757184e-01
137	5.45639294282829e-01
138	5.49861894040139e-01
139	5.48940127440668e-01
140	5.35460747198913e-01
141	5.50548276892161e-01
142	5.63357093196656e-01
143	5.73218209578119e-01
144	5.97293474618111e-01
145	6.38125836707097e-01
146	6.82596399565061e-01
147	7.04118786857245e-01
148	7.09269819066286e-01
149	7.10645669500936e-01
150	7.03294028586508e-01
151	6.88080525432678e-01
152	6.71651641311952e-01
153	6.60196279754304e-01
154	6.52170538126427e-01
155	6.47926809643642e-01
156	6.39744470860035e-01
157	6.17868288210740e-01
158	6.18223820530497e-01
159	6.14056148099437e-01
160	5.98940932337166e-01
161	5.92392897847875e-01
162	5.94082775889221e-01
163	6.00924344694488e-01
164	6.05123813723223e-01
165	6.07139690307539e-01
166	6.01187292861950e-01
167	6.00738661217131e-01
168	5.95408829972251e-01
169	5.77785427141560e-01
170	5.70800797350249e-01
171	5.56999751754892e-01
172	5.53206060766150e-01
173	5.47386335130387e-01
174	5.49294802053249e-01
175	5.42720863247340e-01
176	5.30607315946398e-01
177	5.22812189949431e-01
178	5.16006562137697e-01
179	5.08120878640557e-01
180	5.06599549694815e-01
181	5.10647943062554e-01
182	5.12378945625777e-01
183	5.16902021473262e-01
184	4.90587482393949e-01
185	4.76767647665514e-01
186	4.52786033191493e-01
187	4.33382937388796e-01
188	4.24361659166476e-01
189	4.20522525775990e-01
190	4.14244342442182e-01
191	4.03003981496477e-01
192	3.86395006349604e-01
193	3.53404688738851e-01
194	3.24374374614278e-01
195	2.92504425419060e-01
196	2.80931338586248e-01
197	2.60375086220319e-01
198	2.64581649412602e-01
199	2.60823134248586e-01
