0	1.00000000003595e+00
1	3.56724637782771e-01
2	1.24893691464405e-01
3	4.27958354834005e-02
4	2.24180415903961e-02
5	1.24184426539419e-02
6	1.25348409027901e-02
7	7.43934112396871e-03
8	1.04776388130810e-02
9	1.53576671725545e-02
10	1.83231124604910e-02
11	1.60754890774833e-02
12	1.08356242440817e-02
13	-1.10794805446565e-02
14	7.07201169964960e-03
15	1.42919181077597e-02
16	1.65345637538163e-02
17	2.36017207094427e-02
18	3.46903080914144e-02
19	4.30736219671688e-02
20	3.69564988412908e-02
21	2.09175145582126e-02
22	1.32513037344190e-02
23	2.34854195472892e-02
24	2.07368274964523e-02
25	1.99724329828025e-02
26	3.18085994877668e-02
27	3.57717475287523e-02
28	4.57124616242518e-02
29	3.20989155790993e-02
30	4.02339830944087e-02
31	5.71783221610952e-02
32	5.89512063311172e-02
33	4.78876504351183e-02
34	4.64640736683367e-02
35	4.60709660156960e-02
36	4.43885600479601e-02
37	4.51433437012878e-02
38	3.80704936872144e-02
39	3.19886274137397e-02
40	4.09743394461206e-02
41	3.70442822885837e-02
42	2.71649412762026e-02
43	1.88074696858441e-02
44	2.16315194453900e-02
45	2.76344941009846e-02
46	3.96686830398236e-02
47	3.71083877661176e-02
48	3.64296623189571e-02
49	3.74260356357165e-02
50	4.04323962716692e-02
51	3.07839397744742e-02
52	3.99963029415131e-02
53	5.07821083533959e-02
54	4.93167153463843e-02
55	3.61752064482564e-02
56	4.34592603588095e-02
57	4.62142239997522e-02
58	5.75221403146866e-02
59	5.28314389303667e-02
60	5.00765060771912e-02
61	3.56898561877954e-02
62	4.13299325086288e-02
63	4.14653093041559e-02
64	6.17490006790438e-02
65	6.58579562510939e-02
66	5.87622773264270e-02
67	6.25316987003670e-02
68	6.56369093917721e-02
69	6.86841605720668e-02
70	5.42424583101465e-02
71	6.20293366996599e-02
72	6.73910430588521e-02
73	7.00106357138063e-02
74	6.44437554924901e-02
75	6.30923328580610e-02
76	6.96637885445472e-02
77	6.35975353282148e-02
78	6.22058361100041e-02
79	6.63081312467089e-02
80	7.31406028855114e-02
81	7.10053657400655e-02
82	5.89113317419318e-02
83	7.30193455600409e-02
84	7.93109710437030e-02
85	7.96518500118041e-02
86	8.29716858724164e-02
87	8.12675362835957e-02
88	8.43292063342631e-02
89	7.22511096553598e-02
90	6.60262391998186e-02
91	7.47194480445646e-02
92	7.84937138742331e-02
93	7.87225185651969e-02
94	7.49760572115629e-02
95	6.80277644164770e-02
96	6.85185845536423e-02
97	5.99615875064802e-02
98	6.30607563990769e-02
99	6.19871773014258e-02
100	6.30129995250559e-02
101	7.57112974197117e-02
102	8.82969001570164e-02
103	9.84783597010605e-02
104	9.55011074419316e-02
105	8.00741372569013e-02
106	7.13376054346329e-02
107	6.66245301032708e-02
108	7.70707696481668e-02
109	7.08760948462741e-02
110	7.59460716637189e-02
111	6.90039444779097e-02
112	7.85783834327686e-02
113	8.63054021337564e-02
114	8.43981299806594e-02
115	7.61820859541326e-02
116	8.22611938060729e-02
117	8.35268936956367e-02
118	8.84813341594076e-02
119	8.58724488552122e-02
120	8.12959042345989e-02
121	8.27810254740962e-02
122	8.12454561691019e-02
123	7.04300556549583e-02
124	8.61122200611349e-02
125	7.17673950026559e-02
126	6.70428247360794e-02
127	7.74346812640139e-02
128	8.24551033335521e-02
129	6.87598582051614e-02
130	8.06310904579122e-02
131	9.31426251261252e-02
132	8.42446799513249e-02
133	8.29982291733941e-02
134	8.85470191496546e-02
135	9.58212855918900e-02
136	9.90352023408111e-02
137	8.66814852427083e-02
138	8.60856677104180e-02
139	8.31837750601057e-02
140	7.53609604223551e-02
141	8.92428272439670e-02
142	8.28257173192499e-02
143	8.32122237673178e-02
144	7.96085762841839e-02
145	8.53488638148759e-02
146	9.92130299074654e-02
147	9.35193390974637e-02
148	9.85761967609670e-02
149	9.83747209306042e-02
150	9.73483274049292e-02
151	9.22698712647568e-02
152	1.01422152739640e-01
153	1.13488728858467e-01
154	1.29429974003850e-01
155	1.28812473883588e-01
156	1.23517678215796e-01
157	1.20928983532457e-01
158	1.34034273928234e-01
159	1.33920277217461e-01
160	1.32980493735758e-01
161	1.34506561130579e-01
162	1.46470537549552e-01
163	1.43722147673995e-01
164	1.52632231031169e-01
165	1.56207109634007e-01
166	1.52187752585091e-01
167	1.62043812208775e-01
168	1.58743681908623e-01
169	1.55766320037863e-01
170	1.57721677974908e-01
171	1.56356351221442e-01
172	1.51153814147536e-01
173	1.45929855132790e-01
174	1.60400651417682e-01
175	1.60462947242549e-01
176	1.70206681294698e-01
177	1.61733110946472e-01
178	1.57118700705835e-01
179	1.56159023235470e-01
180	1.74784362234918e-01
181	1.77795278099945e-01
182	1.64825113207382e-01
183	1.52393215654069e-01
184	1.54542543362043e-01
185	1.57077902071995e-01
186	1.48441184330891e-01
187	1.50951831597950e-01
188	1.48473688127357e-01
189	1.39115683149998e-01
190	1.29600934381861e-01
191	1.20566944458660e-01
192	1.18549721978463e-01
193	1.28362272515393e-01
194	1.36436501475424e-01
195	1.37979017009686e-01
196	1.35591929003548e-01
197	1.30151350340541e-01
198	1.27943744410202e-01
199	1.39398250819219e-01
