0	9.99999999974614e-01
1	7.20389370505577e-01
2	5.38587946552057e-01
3	4.00596092590365e-01
4	2.87785185482400e-01
5	2.18318145850090e-01
6	1.67988044136239e-01
7	1.47194984765290e-01
8	1.38586554874384e-01
9	1.30600211150933e-01
10	1.17251392079639e-01
11	1.11402579230685e-01
12	9.93650957050395e-02
13	9.53450083984464e-02
14	8.68920608795717e-02
15	7.60590192225387e-02
16	7.51173387908479e-02
17	8.40724488469794e-02
18	7.74554990552094e-02
19	8.31147060345907e-02
20	8.14896329920149e-02
21	8.28018006848545e-02
22	7.94479518127418e-02
23	6.33750226736372e-02
24	4.52187727040847e-02
25	1.53452999857035e-02
26	4.67020628382871e-03
27	4.52597388121564e-03
28	-7.78239817343944e-03
29	-3.47745759062948e-03
30	-7.61331733063593e-03
31	-4.51539392925410e-03
32	1.95268827486317e-03
33	2.22913524186971e-02
34	2.88514620333763e-02
35	2.98770580608302e-02
36	4.17851210986077e-02
37	4.62414237620368e-02
38	4.12189002889178e-02
39	5.14277244509647e-02
40	6.12356240534927e-02
41	7.82572228641710e-02
42	8.35426570822247e-02
43	9.33449923376242e-02
44	9.59961038135898e-02
45	8.20848403592468e-02
46	6.46401906664243e-02
47	6.25186397818896e-02
48	6.01010680678411e-02
49	6.51647355345517e-02
50	7.74629700993391e-02
51	7.88993469845254e-02
52	7.92940596995934e-02
53	7.69677979266642e-02
54	7.35428801644938e-02
55	7.72793034431995e-02
56	7.72441159327847e-02
57	7.72280170801471e-02
58	7.95997987178320e-02
59	8.49892323256457e-02
60	1.02067623516788e-01
61	1.10468500195883e-01
62	1.24348414327963e-01
63	1.29848783857659e-01
64	1.36725027591116e-01
65	1.32360897778282e-01
66	1.28425347400523e-01
67	1.38747405499749e-01
68	1.56973994354370e-01
69	1.64813582373948e-01
70	1.73238239009259e-01
71	1.79851219856242e-01
72	1.97910377671365e-01
73	2.06325813883383e-01
74	2.00266890238812e-01
75	2.08892663184767e-01
76	1.99882935662017e-01
77	1.97840954481231e-01
78	1.93099035877248e-01
79	1.90811932844305e-01
80	1.84971245749647e-01
81	1.84025830223615e-01
82	1.84539945871746e-01
83	1.81138285015403e-01
84	1.77130168998726e-01
85	1.71233925325392e-01
86	1.63377722114057e-01
87	1.58007168537755e-01
88	1.48496825209553e-01
89	1.64722727328154e-01
90	1.72372858231516e-01
91	1.83907606168112e-01
92	2.00783993678087e-01
93	2.14649112739750e-01
94	2.18253837270604e-01
95	2.10481724110297e-01
96	2.02208736226845e-01
97	1.99904143436419e-01
98	1.98455259002256e-01
99	2.01971285368284e-01
100	2.05493972523646e-01
101	2.08373450829626e-01
102	1.95063965393616e-01
103	1.92239196243372e-01
104	2.08274421411310e-01
105	2.26978614323764e-01
106	2.36652868289993e-01
107	2.38542956142241e-01
108	2.51428257831196e-01
109	2.53867907690445e-01
110	2.44105052394275e-01
111	2.42323265124328e-01
112	2.37042606103251e-01
113	2.20436070436057e-01
114	2.00920696237587e-01
115	1.97473613399913e-01
116	1.97568699520733e-01
117	1.96195944300936e-01
118	1.97479435380023e-01
119	1.76224107171777e-01
120	1.55996655104182e-01
121	1.40930747393704e-01
122	1.49241846608579e-01
123	1.74954176325237e-01
124	1.84307690459837e-01
125	1.98177649978709e-01
126	2.11663862377733e-01
127	2.12005682401211e-01
128	2.18281913433605e-01
129	2.24906111539885e-01
130	2.40168330638745e-01
131	2.65454797531330e-01
132	2.91060767069038e-01
133	3.01292936295768e-01
134	3.00199819369470e-01
135	2.97928571207197e-01
136	2.98141855263118e-01
137	3.07585333311940e-01
138	3.28994506026722e-01
139	3.22269199534638e-01
140	3.22256748969893e-01
141	3.27522425999747e-01
142	3.04404064863326e-01
143	2.86238187124072e-01
144	2.86825122244589e-01
145	3.12234710044075e-01
146	3.32552894427579e-01
147	3.42596987654520e-01
148	3.59148665306460e-01
149	3.75090680479079e-01
150	3.72820152865708e-01
151	3.77705981929162e-01
152	3.76499233206904e-01
153	3.77073842693495e-01
154	3.83084846715841e-01
155	3.73176879481732e-01
156	3.75975455414212e-01
157	3.57698700915931e-01
158	3.39294249649348e-01
159	3.24678198026540e-01
160	3.00349942898867e-01
161	2.80332990438845e-01
162	2.50813356988957e-01
163	2.12915142432864e-01
164	1.96836343891665e-01
165	1.92730280154706e-01
166	1.73894951677768e-01
167	1.81195604631950e-01
168	1.90108953027075e-01
169	1.90491318081965e-01
170	2.05810046733359e-01
171	2.10571831154381e-01
172	2.14185040656211e-01
173	2.15802839973159e-01
174	2.09696903049835e-01
175	2.10058236208002e-01
176	2.08553763003540e-01
177	2.04832606734919e-01
178	2.05158795021992e-01
179	1.87517950908705e-01
180	1.71151555522132e-01
181	1.76242114769260e-01
182	1.68791323197637e-01
183	1.63408733521222e-01
184	1.58147885856984e-01
185	1.57288786151142e-01
186	1.53208432577607e-01
187	1.56731181972976e-01
188	1.53875435369628e-01
189	1.56165705458567e-01
190	1.46003501468384e-01
191	1.37013065188458e-01
192	1.23496494079978e-01
193	1.22711595913020e-01
194	1.35456250143320e-01
195	1.34470983451258e-01
196	1.37916830317901e-01
197	1.34110473415766e-01
198	1.39148261825738e-01
199	1.43933885819711e-01
