0	9.99999999992251e-01
1	8.91993944190456e-01
2	7.99242081462431e-01
3	7.17441670564870e-01
4	6.43742522970764e-01
5	5.80437912318351e-01
6	5.23037998732730e-01
7	4.73545462948406e-01
8	4.26640997030787e-01
9	3.86769363459609e-01
10	3.52088119644467e-01
11	3.20755131004367e-01
12	2.97023581483416e-01
13	2.70539819966082e-01
14	2.49844611409036e-01
15	2.28652485501309e-01
16	2.13619837219668e-01
17	2.03658691731550e-01
18	1.93044927533440e-01
19	1.83777069584201e-01
20	1.73658702265833e-01
21	1.66638602156371e-01
22	1.61160953652430e-01
23	1.56254012450632e-01
24	1.57386050676791e-01
25	1.51139818404888e-01
26	1.43359376928356e-01
27	1.37588923938046e-01
28	1.31284740953952e-01
29	1.25054393276790e-01
30	1.18817222566016e-01
31	1.16599347832500e-01
32	1.15090340853314e-01
33	1.14652845804897e-01
34	1.12757026473703e-01
35	1.12815627526339e-01
36	1.14855728370746e-01
37	1.20344501380698e-01
38	1.23910925134009e-01
39	1.29171862131243e-01
40	1.34708654567697e-01
41	1.37707423745717e-01
42	1.39969476458927e-01
43	1.42932872546909e-01
44	1.45166271619962e-01
45	1.46681684367337e-01
46	1.43126903282154e-01
47	1.41922080061148e-01
48	1.42845831253511e-01
49	1.37517449270182e-01
50	1.36265937618612e-01
51	1.35893214593045e-01
52	1.37402723356158e-01
53	1.36038657181594e-01
54	1.39502980950095e-01
55	1.44254827488510e-01
56	1.47788035563463e-01
57	1.51599288251365e-01
58	1.56834322445829e-01
59	1.62220944965385e-01
60	1.68597542841812e-01
61	1.76431052596293e-01
62	1.84085636068590e-01
63	1.86176742394538e-01
64	1.89033532747103e-01
65	1.94148249105502e-01
66	2.00570449701980e-01
67	2.06881855483863e-01
68	2.10848591857168e-01
69	2.12298851228607e-01
70	2.14921053777372e-01
71	2.11718298822492e-01
72	2.07747712702553e-01
73	2.03978792825354e-01
74	1.99909030904757e-01
75	1.97843193779514e-01
76	1.92952409894676e-01
77	1.85822849026532e-01
78	1.76710679659798e-01
79	1.78139679548976e-01
80	1.85551391130231e-01
81	1.89198437731176e-01
82	1.89072988542565e-01
83	1.97853377141714e-01
84	2.05375153754747e-01
85	2.09681226374109e-01
86	2.13398539841848e-01
87	2.24944191353945e-01
88	2.37776577603630e-01
89	2.49384245598248e-01
90	2.58786244222457e-01
91	2.63449852641272e-01
92	2.64273201761825e-01
93	2.65536591565880e-01
94	2.69725865021852e-01
95	2.72811902955502e-01
96	2.81627084160762e-01
97	2.89059168265922e-01
98	2.97252904582297e-01
99	3.05339602389990e-01
100	3.12113535863573e-01
101	3.21965871489358e-01
102	3.30473189250382e-01
103	3.35990041317802e-01
104	3.40477008318000e-01
105	3.49691845159949e-01
106	3.54855508685960e-01
107	3.59188533494336e-01
108	3.56737859058548e-01
109	3.62102706721747e-01
110	3.66935611977029e-01
111	3.71424494973318e-01
112	3.77526086748835e-01
113	3.90338895047819e-01
114	4.05696493533724e-01
115	4.18998553111385e-01
116	4.32342583333874e-01
117	4.39191009378896e-01
118	4.52337015163698e-01
119	4.62292087691539e-01
120	4.74120747317673e-01
121	4.86106991712300e-01
122	4.98248270415914e-01
123	5.11699673869168e-01
124	5.21822393132525e-01
125	5.31526701103190e-01
126	5.40982541995081e-01
127	5.52336137768152e-01
128	5.61502698176685e-01
129	5.68439107586007e-01
130	5.76387307721107e-01
131	5.90308107494102e-01
132	5.99709325907144e-01
133	6.10434164553132e-01
134	6.14642209861580e-01
135	6.17157442744855e-01
136	6.17543974642970e-01
137	6.20849483422753e-01
138	6.24314215775918e-01
139	6.30085759587115e-01
140	6.34584721994684e-01
141	6.37816607504163e-01
142	6.39570715852459e-01
143	6.33650959161165e-01
144	6.32378366280756e-01
145	6.33425209054642e-01
146	6.31988653949695e-01
147	6.26769624295397e-01
148	6.22341442274285e-01
149	6.17419660205710e-01
150	6.10890169473714e-01
151	6.01223503273429e-01
152	5.95416121416451e-01
153	5.90726092145979e-01
154	5.79731197780419e-01
155	5.68323148554255e-01
156	5.65829998722971e-01
157	5.67581900441030e-01
158	5.68740207696389e-01
159	5.66851259215355e-01
160	5.61974648709290e-01
161	5.53039010605318e-01
162	5.42897784255818e-01
163	5.32253147411438e-01
164	5.24649856340464e-01
165	5.15625989829975e-01
166	5.07190426778278e-01
167	5.00794976080764e-01
168	4.99533719086858e-01
169	4.99399611551704e-01
170	5.07197131337964e-01
171	5.12866994651144e-01
172	5.19597651470925e-01
173	5.23602248724525e-01
174	5.31263373883696e-01
175	5.38145632670229e-01
176	5.46100464928690e-01
177	5.52786058807580e-01
178	5.56508024722762e-01
179	5.57765422019990e-01
180	5.55447041906884e-01
181	5.56122260129277e-01
182	5.55558517470457e-01
183	5.54418323748998e-01
184	5.51492693707828e-01
185	5.53061064392829e-01
186	5.53854427876459e-01
187	5.51446168946439e-01
188	5.51428148712535e-01
189	5.52658212519905e-01
190	5.49422025422048e-01
191	5.47822143703533e-01
192	5.43149986536625e-01
193	5.37060839081725e-01
194	5.34225471240706e-01
195	5.36198516979641e-01
196	5.38971717685231e-01
197	5.35389842049705e-01
198	5.33438727194112e-01
199	5.26990800535046e-01
