0	1.00000000008768e+00
1	3.13654251388249e-01
2	1.00733330325187e-01
3	3.08442712213124e-02
4	2.26498564767317e-03
5	-1.55268399451800e-02
6	-4.07063599478461e-02
7	-3.10828625316746e-02
8	-3.08078699076097e-02
9	-1.13153343425106e-02
10	-1.52412668827017e-02
11	-1.42445003796953e-02
12	8.26151515646489e-04
13	9.34217961555408e-03
14	-1.91827505314624e-04
15	5.55807283450391e-03
16	1.91275008896537e-02
17	1.64346599066354e-02
18	2.68373236828436e-02
19	3.02063898389062e-02
20	2.38749936181513e-02
21	2.84728806482278e-02
22	2.69266794793039e-02
23	1.36627321405267e-02
24	-2.05051797152348e-03
25	1.97722654909537e-03
26	-3.60555744996080e-03
27	-1.98065251016572e-02
28	-6.27416422100933e-03
29	-1.04127523310446e-02
30	-2.85917696154353e-02
31	-2.34986729790129e-02
32	-1.62618617981557e-02
33	-1.97665463724875e-02
34	-2.90069505728034e-02
35	-4.18874994638949e-02
36	-6.07125748436150e-02
37	-7.25539160318797e-02
38	-8.28660899199221e-02
39	-7.42173433895450e-02
40	-7.55660360584702e-02
41	-6.99262446526758e-02
42	-6.11215842808985e-02
43	-6.83507600099098e-02
44	-6.40712708835763e-02
45	-6.12526034160269e-02
46	-6.78186396645130e-02
47	-7.22696795492992e-02
48	-5.89096303244706e-02
49	-4.42456543921102e-02
50	-3.99756430187509e-02
51	-3.86650785679676e-02
52	-2.40323350032768e-02
53	-2.25716292118016e-02
54	-2.01596232558061e-02
55	-3.29218280142569e-02
56	-1.82120775107081e-02
57	-1.81341262365508e-02
58	-1.06002685993737e-02
59	-5.68031658001694e-03
60	-3.51597266028749e-03
61	9.75312986023593e-03
62	2.08383474521647e-02
63	4.02949085664505e-02
64	3.58222282754774e-02
65	3.65041249484962e-02
66	3.83172509117299e-02
67	1.68882856840064e-02
68	1.79802841923213e-02
69	2.54237902963943e-02
70	2.54888509651472e-02
71	3.04015418471793e-02
72	2.94462111283288e-02
73	3.82354549637455e-02
74	5.77094054346729e-02
75	7.92673264571949e-02
76	7.85220949497838e-02
77	7.48688560631232e-02
78	6.73055044633750e-02
79	7.14272381933718e-02
80	7.91609899828062e-02
81	9.01090735978921e-02
82	8.39884037010830e-02
83	1.02247686850090e-01
84	1.11737461322000e-01
85	1.02842396992221e-01
86	9.89831327418929e-02
87	9.62202936210288e-02
88	9.76080297705442e-02
89	9.23783542381154e-02
90	7.12528860124407e-02
91	6.31081375748549e-02
92	9.36953404641902e-02
93	7.54205594689638e-02
94	6.37924583674848e-02
95	5.54421071237555e-02
96	4.86229848868298e-02
97	4.47815626685446e-02
98	3.51170477597423e-02
99	4.93293156546024e-02
100	5.06231104082794e-02
101	5.57922917584435e-02
102	7.01955763719746e-02
103	5.62553345484150e-02
104	5.47163088461192e-02
105	7.92809282478425e-02
106	8.23733249132007e-02
107	8.72341634754010e-02
108	8.24565750727687e-02
109	9.60691820072661e-02
110	7.90018557545771e-02
111	7.54754609988583e-02
112	9.24281154188397e-02
113	8.35687437316677e-02
114	8.01078433772087e-02
115	8.39937244264731e-02
116	7.64881551349002e-02
117	7.55394733647049e-02
118	6.10245135855291e-02
119	5.98463138076529e-02
120	4.77727016630677e-02
121	4.92685128244880e-02
122	4.13775719464302e-02
123	3.33455640360209e-02
124	3.69116027903444e-02
125	4.22209223984341e-02
126	4.06092951039091e-02
127	3.60351191927964e-02
128	2.36255097643493e-02
129	2.53161551994731e-02
130	2.31658052094134e-02
131	1.07991664370017e-02
132	5.04648530324079e-03
133	-1.07578062293742e-02
134	-1.06829420510679e-02
135	-1.90798851983600e-02
136	-1.29649628093063e-02
137	-1.35816474207318e-02
138	-2.28683957370262e-02
139	-4.79388036696521e-03
140	-4.12605387654870e-03
141	1.22999260456611e-02
142	2.46386197815556e-03
143	4.34632969256694e-02
144	4.14817693285965e-02
145	2.64563684658693e-02
146	2.56275339879358e-02
147	3.36995585294078e-02
148	1.82351500862939e-02
149	1.17728967184593e-02
150	-3.56429866537243e-03
151	-2.38853700580944e-03
152	6.18107325482179e-03
153	-1.08489218879747e-03
154	-9.43165558826817e-03
155	-3.29611583134541e-02
156	-2.56655516802138e-02
157	-2.29415620336403e-02
158	-3.75075608748029e-02
159	-2.26775201219796e-02
160	-2.09996707799955e-02
161	-4.16543486400290e-02
162	-6.90673174979010e-02
163	-4.41152075521241e-02
164	-3.29316632217534e-02
165	-4.33395250472659e-02
166	-4.57904126550621e-02
167	-4.42471137483019e-02
168	-5.33509836577050e-02
169	-4.53698024112330e-02
170	-3.89425402853594e-02
171	-5.32460751493467e-02
172	-6.01135697644066e-02
173	-5.87238995733234e-02
174	-5.86974229099301e-02
175	-4.69574791146858e-02
176	-5.01872729621904e-02
177	-4.93832985489751e-02
178	-5.18689958039114e-02
179	-5.37043224470910e-02
180	-5.65766557061118e-02
181	-4.73016131803656e-02
182	-5.40809896413405e-02
183	-7.50984572040906e-02
184	-7.50448379914527e-02
185	-9.01933475899266e-02
186	-8.27815973956758e-02
187	-9.23409768428558e-02
188	-8.88497897569414e-02
189	-8.47769751364402e-02
190	-8.53825076495572e-02
191	-7.13591409031882e-02
192	-5.09203460233360e-02
193	-4.22601681685902e-02
194	-4.01735613283819e-02
195	-3.81681583266698e-02
196	-4.16684254238345e-02
197	-5.77445884783571e-02
198	-5.75467435710985e-02
199	-3.89337007984018e-02
