0	9.99999999727719e-01
1	2.62489881874756e-01
2	5.87337983557973e-02
3	2.91066179001920e-03
4	-5.50854148572328e-04
5	-2.65974591083196e-02
6	-3.51979198358142e-02
7	-2.35833427960021e-02
8	-3.62270042592946e-02
9	-1.80537557308449e-02
10	-5.92793556105758e-03
11	-5.76056691760918e-03
12	2.66229824237731e-03
13	1.06240654779020e-04
14	3.18384691700485e-02
15	3.79855178435050e-02
16	5.61906573617947e-02
17	5.84966256490979e-02
18	6.33378185905839e-02
19	8.32757144936589e-02
20	9.64897271798036e-02
21	8.36851220346938e-02
22	7.78451429096434e-02
23	7.96357213382957e-02
24	8.86118795200718e-02
25	1.09408317370880e-01
26	1.07735189067021e-01
27	1.06968896491384e-01
28	1.15843408470451e-01
29	1.14810658395201e-01
30	1.21504294868169e-01
31	1.36920785673621e-01
32	1.44265235722017e-01
33	1.54635179341843e-01
34	1.67375332297107e-01
35	1.61644363927539e-01
36	1.76886961969188e-01
37	1.64434770910386e-01
38	1.58915111873776e-01
39	1.71978126085486e-01
40	1.82141731775882e-01
41	1.87777064938084e-01
42	1.95930550829263e-01
43	2.14644372249524e-01
44	2.06672985727511e-01
45	2.21392849108762e-01
46	2.15115955278791e-01
47	2.05965821573169e-01
48	2.20087796846520e-01
49	2.20180703610313e-01
50	2.19964241049682e-01
51	2.14139753889418e-01
52	2.10769924503650e-01
53	2.37820113108990e-01
54	2.41049257031666e-01
55	2.39020093535747e-01
56	2.40299996282482e-01
57	2.45834077675447e-01
58	2.51462589770235e-01
59	2.52905870551360e-01
60	2.50102796568177e-01
61	2.66809872343421e-01
62	2.55901434302847e-01
63	2.38933859135075e-01
64	2.34776896098847e-01
65	2.46133070465845e-01
66	2.46114445339113e-01
67	2.52609283879300e-01
68	2.53194931097676e-01
69	2.53536231651662e-01
70	2.53230216799933e-01
71	2.66484801322183e-01
72	2.72343535363388e-01
73	2.78032587658784e-01
74	2.72066913404170e-01
75	2.72974386875409e-01
76	2.80382261164282e-01
77	2.84886668760294e-01
78	2.60539838891740e-01
79	2.49923381509816e-01
80	2.50472634581673e-01
81	2.58840570047073e-01
82	2.75407761642979e-01
83	2.74668779528157e-01
84	2.64572985789513e-01
85	2.66339998475018e-01
86	2.84176107466174e-01
87	3.10417461112578e-01
88	3.23437769319148e-01
89	3.22064619084112e-01
90	3.02478114906504e-01
91	3.09987904923893e-01
92	3.01916649001700e-01
93	2.96462075535657e-01
94	2.61770204145846e-01
95	2.48104655528689e-01
96	2.33787353571166e-01
97	2.27003586079638e-01
98	2.22373249417951e-01
99	2.23514890863889e-01
100	2.28637221882643e-01
101	2.37561706689892e-01
102	2.33664300498574e-01
103	2.56009331050643e-01
104	2.58597570700813e-01
105	2.57245865592168e-01
106	2.61961612029881e-01
107	2.74792016155135e-01
108	2.82912293287640e-01
109	2.64807030631202e-01
110	2.52625566572588e-01
111	2.77840905610502e-01
112	2.84954276804139e-01
113	2.82888578658680e-01
114	2.73615659627753e-01
115	2.83466774236702e-01
116	2.73989764335972e-01
117	3.05278520116305e-01
118	2.95857188715043e-01
119	2.88304344203157e-01
120	2.72090518407984e-01
121	2.74953730549871e-01
122	2.47672297444166e-01
123	2.59998825321093e-01
124	2.49018239374139e-01
125	2.64379540058420e-01
126	2.43702226637382e-01
127	2.26890054787810e-01
128	2.07679507347873e-01
129	2.09262324631961e-01
130	1.97666858229534e-01
131	2.08766280741042e-01
132	2.03414104356564e-01
133	1.75544014059547e-01
134	1.52114918716096e-01
135	1.43634123520785e-01
136	1.39525778627563e-01
137	1.39787409532963e-01
138	1.43895959942679e-01
139	1.40081439843326e-01
140	1.49727713209558e-01
141	1.56872575262893e-01
142	1.70767629141140e-01
143	1.53230949938590e-01
144	1.47795690425001e-01
145	1.49952572816149e-01
146	1.43955939444333e-01
147	1.28147223942018e-01
148	1.36839006878860e-01
149	1.16847960265841e-01
150	9.44502407931658e-02
151	9.14183529873561e-02
152	9.38490181451188e-02
153	1.02620741795419e-01
154	9.46271878905400e-02
155	9.49457888634289e-02
156	7.39646709753275e-02
157	5.39682778418412e-02
158	5.67885103357317e-02
159	7.32310646811600e-02
160	8.61539817932996e-02
161	6.65284236945954e-02
162	6.05828518113709e-02
163	5.74757951017427e-02
164	3.32649289574608e-02
165	2.40106787824396e-02
166	8.84852207555618e-03
167	1.52709547931745e-02
168	1.93118126146896e-02
169	3.51679610497602e-02
170	3.01019200881280e-02
171	5.93558192706174e-03
172	7.04140422696910e-03
173	2.47724745102166e-02
174	5.10598619450793e-02
175	3.82188801798791e-02
176	3.49554899594464e-02
177	3.01005086351655e-02
178	3.96009708477494e-02
179	4.73312154020284e-02
180	4.61769696442131e-02
181	4.08544871043531e-02
182	2.81213750905328e-02
183	4.55446729704002e-02
184	5.62843175573237e-02
185	6.12427265581105e-02
186	5.16691747199605e-02
187	4.81294340802259e-02
188	4.39595787452450e-02
189	3.24359777697466e-02
190	3.00631286308998e-02
191	3.27351231671381e-02
192	1.07760016954412e-02
193	2.53671517864377e-02
194	4.61864551748528e-02
195	4.74586396752119e-02
196	3.65431671391201e-02
197	5.57288236845804e-02
198	5.94837667084671e-02
199	4.96777970995319e-02
