0	9.99999999989192e-01
1	8.91742958411030e-01
2	7.99010803156570e-01
3	7.21608189517117e-01
4	6.52204436155941e-01
5	5.88393677479501e-01
6	5.32371181478867e-01
7	4.78822560493229e-01
8	4.25771999195420e-01
9	3.83864374231387e-01
10	3.44859974985656e-01
11	3.19479880087177e-01
12	2.98688124096870e-01
13	2.81606399498994e-01
14	2.65948532985435e-01
15	2.57403094488079e-01
16	2.47408841368997e-01
17	2.37146198794505e-01
18	2.27557153132494e-01
19	2.16874174635137e-01
20	2.09016017739531e-01
21	2.05917911668064e-01
22	2.07692437469129e-01
23	2.02981242767241e-01
24	1.95439104689839e-01
25	1.89795049478626e-01
26	1.84574741473396e-01
27	1.80282064460896e-01
28	1.76990514603541e-01
29	1.75093254379103e-01
30	1.75604011433913e-01
31	1.75854737834115e-01
32	1.76022306526623e-01
33	1.76373861400868e-01
34	1.78028253599825e-01
35	1.77577728935828e-01
36	1.73555061472935e-01
37	1.69904720256598e-01
38	1.61846964140968e-01
39	1.50289213643416e-01
40	1.45241499986209e-01
41	1.34576301613849e-01
42	1.27039591940436e-01
43	1.21630759181611e-01
44	1.20915743123655e-01
45	1.19310919044239e-01
46	1.15289591395771e-01
47	1.04917490263614e-01
48	9.25499618835149e-02
49	8.26645059540169e-02
50	7.87825942052609e-02
51	7.07149230183343e-02
52	6.42615885342430e-02
53	5.52284244868205e-02
54	3.58790742036803e-02
55	1.98706719169430e-02
56	-1.35613029498175e-03
57	-1.37238550448950e-02
58	-2.90731423828742e-02
59	-4.82871917955114e-02
60	-6.50558970703217e-02
61	-7.42417428489870e-02
62	-7.50666469388018e-02
63	-7.56358526793393e-02
64	-7.48493987943007e-02
65	-7.65149318445383e-02
66	-8.21340779426567e-02
67	-8.64240943763463e-02
68	-8.53249549426826e-02
69	-8.88610882188975e-02
70	-9.62860293190908e-02
71	-9.87922085603405e-02
72	-1.05148193923387e-01
73	-1.15199359795580e-01
74	-1.30681062249862e-01
75	-1.38250786167948e-01
76	-1.43172699056038e-01
77	-1.52731131750663e-01
78	-1.57425466183858e-01
79	-1.60273035665857e-01
80	-1.62862791081086e-01
81	-1.64848793512173e-01
82	-1.66637844912747e-01
83	-1.70514436754904e-01
84	-1.78504986470667e-01
85	-1.83004742840201e-01
86	-1.88763491910635e-01
87	-1.94476154517297e-01
88	-1.97553373279134e-01
89	-1.98059877853162e-01
90	-1.99367284551741e-01
91	-2.00523058439640e-01
92	-2.03847812364561e-01
93	-2.12788739017326e-01
94	-2.14532147257443e-01
95	-2.14776696623463e-01
96	-2.14705393756045e-01
97	-2.14665779236825e-01
98	-2.22396563315562e-01
99	-2.26069331051321e-01
100	-2.27626092633229e-01
101	-2.30915549256687e-01
102	-2.30218294682024e-01
103	-2.30796735610392e-01
104	-2.33903516335817e-01
105	-2.37406939010898e-01
106	-2.37150979584554e-01
107	-2.42092986404088e-01
108	-2.47983272258701e-01
109	-2.55519618638096e-01
110	-2.57375342800946e-01
111	-2.60496977636844e-01
112	-2.73966818800891e-01
113	-2.89504958842091e-01
114	-3.04098190610264e-01
115	-3.12418031807407e-01
116	-3.16130662618770e-01
117	-3.17592512578447e-01
118	-3.16119459890233e-01
119	-3.21347639419754e-01
120	-3.23082618522220e-01
121	-3.29064484528673e-01
122	-3.32808736372547e-01
123	-3.37948826407339e-01
124	-3.40509238498933e-01
125	-3.43616003811195e-01
126	-3.39531984279917e-01
127	-3.31575628572911e-01
128	-3.27616327309182e-01
129	-3.23724112532361e-01
130	-3.23218724233425e-01
131	-3.20440381917146e-01
132	-3.17494114019069e-01
133	-3.10998944546848e-01
134	-3.15139014945112e-01
135	-3.14998251403311e-01
136	-3.20401573787543e-01
137	-3.20069920425576e-01
138	-3.23659755115315e-01
139	-3.34881231872922e-01
140	-3.39927947867327e-01
141	-3.51295255271449e-01
142	-3.64897065079388e-01
143	-3.78717453785806e-01
144	-3.91768449359135e-01
145	-4.04080748645307e-01
146	-4.09702068713792e-01
147	-4.21186924092723e-01
148	-4.36995906992734e-01
149	-4.53318008110089e-01
150	-4.66643578012834e-01
151	-4.77197928508934e-01
152	-4.90095979044137e-01
153	-4.98168042226727e-01
154	-5.08635981778494e-01
155	-5.14215437265980e-01
156	-5.19802961152169e-01
157	-5.28403106082695e-01
158	-5.38898253434344e-01
159	-5.53981262803765e-01
160	-5.62542785697146e-01
161	-5.66876532700954e-01
162	-5.69688826392031e-01
163	-5.74926657390773e-01
164	-5.76391171699211e-01
165	-5.73053196801194e-01
166	-5.68860594676081e-01
167	-5.63489947134511e-01
168	-5.59472901040575e-01
169	-5.55512235864724e-01
170	-5.45288771780907e-01
171	-5.35489063174878e-01
172	-5.27771352077538e-01
173	-5.27149418785463e-01
174	-5.32240595245595e-01
175	-5.34159290520628e-01
176	-5.35753510795589e-01
177	-5.39665914910102e-01
178	-5.44904029993016e-01
179	-5.45007708983596e-01
180	-5.50315874404244e-01
181	-5.63071971757789e-01
182	-5.71393722336658e-01
183	-5.80569955162630e-01
184	-5.86223156848255e-01
185	-5.96168684376528e-01
186	-6.11395826690364e-01
187	-6.19658228737126e-01
188	-6.30130709665754e-01
189	-6.44217703238608e-01
190	-6.56880347546933e-01
191	-6.69551491166963e-01
192	-6.85783577520838e-01
193	-7.02781790513848e-01
194	-7.21136060301637e-01
195	-7.35226050443712e-01
196	-7.46465332074179e-01
197	-7.52100674100047e-01
198	-7.63837483629252e-01
199	-7.64302488328427e-01
