0	1.00000000000981e+00
1	8.70033268923696e-01
2	7.62914452401488e-01
3	6.69513573171151e-01
4	5.88796851000936e-01
5	5.19376177920081e-01
6	4.59878326656532e-01
7	4.07346368795018e-01
8	3.64423395143210e-01
9	3.27041409895013e-01
10	2.93732066906657e-01
11	2.62737337716650e-01
12	2.42974495605583e-01
13	2.20336118230422e-01
14	2.00958174708450e-01
15	1.84619106094816e-01
16	1.68255510535592e-01
17	1.56715243218571e-01
18	1.43104074842087e-01
19	1.33584226468465e-01
20	1.24217173756294e-01
21	1.14875996248499e-01
22	1.09440115567247e-01
23	1.04536790400875e-01
24	1.01999580431562e-01
25	9.65607119221017e-02
26	9.27021370582434e-02
27	9.45836310431693e-02
28	9.14215225352099e-02
29	9.60549302368369e-02
30	9.96069038679803e-02
31	1.05715013574417e-01
32	1.10150116864034e-01
33	1.12035395392006e-01
34	1.15033814831467e-01
35	1.17202105084822e-01
36	1.18578287829742e-01
37	1.18324914938774e-01
38	1.18129112257051e-01
39	1.12307762681048e-01
40	1.12023825646941e-01
41	1.10631201543286e-01
42	1.13277313079966e-01
43	1.14302693398503e-01
44	1.16253821811961e-01
45	1.15186276939288e-01
46	1.11321789306795e-01
47	1.09661084833528e-01
48	1.06766625432002e-01
49	1.07904973367631e-01
50	1.05353346139289e-01
51	1.01113781771398e-01
52	9.97954053931501e-02
53	9.80723098602291e-02
54	9.71688830481493e-02
55	9.54955452373516e-02
56	9.16024499450517e-02
57	8.79033247518708e-02
58	8.49379272917661e-02
59	8.65406881892655e-02
60	9.10640498846546e-02
61	9.88517737851249e-02
62	1.04892921781738e-01
63	1.09375290740121e-01
64	1.12394623693124e-01
65	1.18069655875371e-01
66	1.19913129434670e-01
67	1.17231070399654e-01
68	1.14649339839848e-01
69	1.16430483569286e-01
70	1.14566884219992e-01
71	1.17217595193483e-01
72	1.15981558339690e-01
73	1.12056367525059e-01
74	1.03073548080634e-01
75	9.44660846456460e-02
76	8.96502791653690e-02
77	8.47349468224659e-02
78	8.19408090831212e-02
79	7.98969663099896e-02
80	7.92020004976409e-02
81	8.01389280991594e-02
82	7.80522131479363e-02
83	8.25462881359333e-02
84	8.70217130941311e-02
85	9.33102891938110e-02
86	1.01420564249019e-01
87	1.09644568665408e-01
88	1.18371623778067e-01
89	1.24194871358295e-01
90	1.25272323832940e-01
91	1.23959481148951e-01
92	1.23866575282093e-01
93	1.22520524768268e-01
94	1.23935385567272e-01
95	1.23986439457324e-01
96	1.27063044724670e-01
97	1.33817833926118e-01
98	1.35985423505720e-01
99	1.40254481585738e-01
100	1.43257373176328e-01
101	1.46172152962687e-01
102	1.51908491987836e-01
103	1.55297432511366e-01
104	1.58267810247285e-01
105	1.63749363129962e-01
106	1.64824571815367e-01
107	1.65155061926560e-01
108	1.64003237494495e-01
109	1.64757117252427e-01
110	1.60970736053921e-01
111	1.59345497630211e-01
112	1.59718270592715e-01
113	1.57404400926938e-01
114	1.55064274314629e-01
115	1.55149887595348e-01
116	1.51509797536125e-01
117	1.52026465179023e-01
118	1.52029602996844e-01
119	1.49165973343759e-01
120	1.46963243303669e-01
121	1.48715704394985e-01
122	1.48949917714953e-01
123	1.47178594600651e-01
124	1.45673029435798e-01
125	1.40539242922210e-01
126	1.42792438122623e-01
127	1.43476860973224e-01
128	1.43931880738640e-01
129	1.47127995661205e-01
130	1.49696034777564e-01
131	1.53004844292480e-01
132	1.59787287720050e-01
133	1.58842884455554e-01
134	1.58151614292825e-01
135	1.58616608975164e-01
136	1.60417197516239e-01
137	1.56564701171380e-01
138	1.54369475079244e-01
139	1.54900371149788e-01
140	1.54319656538064e-01
141	1.56982002700973e-01
142	1.60804629064727e-01
143	1.62468846503459e-01
144	1.62007848714600e-01
145	1.61782321719405e-01
146	1.64031054318363e-01
147	1.61684202787098e-01
148	1.60795969644295e-01
149	1.61267270945120e-01
150	1.61480560398673e-01
151	1.59987543206734e-01
152	1.55158149338594e-01
153	1.45793299183244e-01
154	1.34587849182319e-01
155	1.22863110634737e-01
156	1.11701202016081e-01
157	1.00363047924441e-01
158	9.24686256549356e-02
159	8.41416590791715e-02
160	7.69797412338135e-02
161	6.92934043136167e-02
162	6.24081980195705e-02
163	5.65522058321138e-02
164	5.03552608305449e-02
165	4.29368682415631e-02
166	3.82911524138329e-02
167	3.60725721947805e-02
168	3.86220383393008e-02
169	4.25261853408233e-02
170	4.80259704697585e-02
171	4.91325397219715e-02
172	4.75953665774162e-02
173	4.34062359848484e-02
174	3.82575003845201e-02
175	3.80621687638250e-02
176	3.54793771933093e-02
177	2.80716630837532e-02
178	2.42598804991605e-02
179	1.78041191444180e-02
180	1.75129774208451e-02
181	2.03537376698704e-02
182	2.55238488750954e-02
183	3.24943654625423e-02
184	3.53210465373058e-02
185	3.47452122753647e-02
186	3.16955394810134e-02
187	3.26732608942522e-02
188	3.33229013366429e-02
189	2.93573057138772e-02
190	2.60830264113057e-02
191	1.63925294155126e-02
192	4.99108999572476e-03
193	-1.88036260726829e-03
194	-6.38602336350300e-03
195	-2.79164350661087e-03
196	-4.20418023782443e-04
197	2.07955752919043e-03
198	2.53127074072674e-03
199	4.04016939667313e-03
