0	9.99999999966516e-01
1	8.50131176171456e-01
2	7.22885064480258e-01
3	6.09030752027811e-01
4	5.09670261554872e-01
5	4.36795079805814e-01
6	3.67697354168936e-01
7	3.02497406739041e-01
8	2.38425109459200e-01
9	1.76754398597936e-01
10	1.24253350899928e-01
11	7.86966399588520e-02
12	4.47327728277288e-02
13	1.77564879854541e-02
14	-7.10475693092063e-03
15	-3.22346845306257e-02
16	-5.08984785022423e-02
17	-6.67326727573987e-02
18	-8.21631082013821e-02
19	-9.30546731336120e-02
20	-1.01327794721990e-01
21	-1.13871244084112e-01
22	-1.24293921473410e-01
23	-1.34470479858341e-01
24	-1.43247799553739e-01
25	-1.50709053765132e-01
26	-1.61697409704155e-01
27	-1.69311928439798e-01
28	-1.77839159167823e-01
29	-1.86712276616047e-01
30	-1.95344973021562e-01
31	-2.01252272001174e-01
32	-2.03703513075444e-01
33	-2.06757358829798e-01
34	-2.07752499725885e-01
35	-2.08287802570451e-01
36	-2.08213062066711e-01
37	-2.04031789968685e-01
38	-2.03466748494070e-01
39	-2.01783737316355e-01
40	-1.93399304850910e-01
41	-1.88639169379234e-01
42	-1.87532642295450e-01
43	-1.84485004487857e-01
44	-1.85975146728514e-01
45	-1.87435621615657e-01
46	-1.86418201094548e-01
47	-1.84582998226393e-01
48	-1.83372055789668e-01
49	-1.80056174681359e-01
50	-1.74581108830495e-01
51	-1.66052936536527e-01
52	-1.64148988592397e-01
53	-1.64749690681656e-01
54	-1.64205354682963e-01
55	-1.59313234949808e-01
56	-1.56021241873765e-01
57	-1.51142995636318e-01
58	-1.46297308760347e-01
59	-1.49742282853362e-01
60	-1.52087401553404e-01
61	-1.54351760411811e-01
62	-1.50869097384516e-01
63	-1.50994273552981e-01
64	-1.52020196248278e-01
65	-1.51785914625488e-01
66	-1.51669132170320e-01
67	-1.51606240585946e-01
68	-1.44084248116899e-01
69	-1.41901756372966e-01
70	-1.43223539824961e-01
71	-1.38722563424024e-01
72	-1.37956541366154e-01
73	-1.40456006201067e-01
74	-1.41494516977395e-01
75	-1.39296057020421e-01
76	-1.37387503958411e-01
77	-1.38333569632650e-01
78	-1.38873433888639e-01
79	-1.45009930962388e-01
80	-1.49019895866894e-01
81	-1.51308526245909e-01
82	-1.53573687522002e-01
83	-1.56118766674227e-01
84	-1.52040748277545e-01
85	-1.52726757123106e-01
86	-1.49822406250623e-01
87	-1.44261947916390e-01
88	-1.44561717969621e-01
89	-1.42838816958501e-01
90	-1.39849119625690e-01
91	-1.36392317070583e-01
92	-1.34916365650303e-01
93	-1.34093260595058e-01
94	-1.38049771397449e-01
95	-1.39821850566081e-01
96	-1.43660618255291e-01
97	-1.44820573401186e-01
98	-1.53324354934717e-01
99	-1.63456248192442e-01
100	-1.75009257784835e-01
101	-1.88202133418637e-01
102	-1.94298654807075e-01
103	-2.02634587474082e-01
104	-2.08300712643167e-01
105	-2.15309913729027e-01
106	-2.24603868040925e-01
107	-2.35444873096226e-01
108	-2.49060659633567e-01
109	-2.57584463815289e-01
110	-2.70959796139280e-01
111	-2.77518943359854e-01
112	-2.88202242021761e-01
113	-3.01554649561415e-01
114	-3.04369483858451e-01
115	-3.06624275571052e-01
116	-3.13463512864729e-01
117	-3.15473317916952e-01
118	-3.15665117395898e-01
119	-3.17500191159180e-01
120	-3.18715440452798e-01
121	-3.25135778335209e-01
122	-3.31543092553682e-01
123	-3.31667725825905e-01
124	-3.29434594985156e-01
125	-3.26525859185631e-01
126	-3.24026229943509e-01
127	-3.20340552585275e-01
128	-3.20299830811478e-01
129	-3.15007277805668e-01
130	-3.09105396274345e-01
131	-3.05445479504046e-01
132	-3.00322281355707e-01
133	-2.98599841849212e-01
134	-2.96926522334139e-01
135	-2.95520465489649e-01
136	-2.93149664653612e-01
137	-2.92656376935050e-01
138	-2.89199458881224e-01
139	-2.85332574613943e-01
140	-2.81658913353084e-01
141	-2.74376492351929e-01
142	-2.66217295249798e-01
143	-2.59296815392283e-01
144	-2.56658435936749e-01
145	-2.51809059479392e-01
146	-2.45128865054353e-01
147	-2.41126087163911e-01
148	-2.40139106895666e-01
149	-2.35599604452237e-01
150	-2.33150377990269e-01
151	-2.27649600557135e-01
152	-2.23514003419963e-01
153	-2.18988932802791e-01
154	-2.14087574709858e-01
155	-2.12408454963138e-01
156	-2.09922291140566e-01
157	-2.07822175492416e-01
158	-2.06617433828503e-01
159	-2.00565704116440e-01
160	-1.98568993948639e-01
161	-2.00317849257777e-01
162	-1.96625798566895e-01
163	-1.99648365985134e-01
164	-2.07934286535370e-01
165	-2.17692845571549e-01
166	-2.19317059132278e-01
167	-2.16590775783211e-01
168	-2.13034697785791e-01
169	-2.03431321532290e-01
170	-1.91223777326094e-01
171	-1.76730374924865e-01
172	-1.67785852565356e-01
173	-1.62460700991209e-01
174	-1.56265004006494e-01
175	-1.48058666158123e-01
176	-1.26234525214760e-01
177	-1.10601504597819e-01
178	-1.04301760348774e-01
179	-1.03353837619777e-01
180	-1.01576963995029e-01
181	-8.95413367265057e-02
182	-8.04856787743451e-02
183	-7.36728666668410e-02
184	-6.54243808439348e-02
185	-5.29679265360178e-02
186	-4.64404384331546e-02
187	-4.25598335799843e-02
188	-3.62390900386687e-02
189	-2.77979001808940e-02
190	-2.01595959391991e-02
191	-6.67339645001902e-03
192	1.01104413337272e-02
193	3.26925236913143e-02
194	5.09263806683789e-02
195	6.32461321065309e-02
196	7.12066526032324e-02
197	7.68715952088661e-02
198	8.15950270652479e-02
199	8.83506207416621e-02
