0	9.99999924765298e-01
1	6.45391250303894e-01
2	3.85802286341189e-01
3	1.93270037754902e-01
4	1.01313979400532e-01
5	1.03139814577084e-01
6	1.24984791307926e-01
7	1.05705718437585e-01
8	1.11242268486134e-01
9	1.22010176669605e-01
10	1.36222654742146e-01
11	1.46892646823358e-01
12	9.96616797951945e-02
13	1.11501182885359e-01
14	1.30563752636439e-01
15	1.38728089732197e-01
16	1.54182521299037e-01
17	1.09380933947483e-01
18	6.85544875902893e-02
19	3.09343091084498e-02
20	-1.64887054341176e-02
21	-4.95135290074576e-03
22	6.01864879319000e-03
23	2.16727432247480e-02
24	3.83653834966059e-02
25	5.68995458010953e-02
26	2.05367731320603e-02
27	4.13133976199531e-02
28	6.22596023287586e-02
29	2.17762322234089e-02
30	-1.44284083384338e-02
31	-5.86673052557755e-02
32	-3.63166566808964e-02
33	-1.76449367970073e-02
34	1.22834673652395e-01
35	2.10195716736075e-01
36	1.66508963453363e-01
37	1.23110945274331e-01
38	8.28383773966999e-02
39	5.03363902363880e-02
40	1.78646262741694e-02
41	-2.04020043444346e-02
42	-1.38618172372899e-03
43	1.16043331115299e-02
44	2.80453724942926e-02
45	1.04662848524832e-01
46	1.13943707662905e-01
47	1.24833025486732e-01
48	1.97079455869227e-01
49	2.69735084672999e-01
50	3.39902559933903e-01
51	4.15252145366602e-01
52	4.34215791098759e-01
53	4.56614581770770e-01
54	4.84057767474960e-01
55	4.47990379707845e-01
56	4.04941988187364e-01
57	3.59401368011125e-01
58	3.12071751702904e-01
59	3.29344441554616e-01
60	3.53404667199687e-01
61	3.13155942653445e-01
62	2.74997579578841e-01
63	2.36500360726902e-01
64	2.55181427681274e-01
65	2.69807964204663e-01
66	2.81352485848014e-01
67	2.94171824068508e-01
68	3.11719632444150e-01
69	2.73313038177870e-01
70	2.91096208284491e-01
71	3.06198921343559e-01
72	3.21571233091052e-01
73	4.00356642318582e-01
74	4.23347489055456e-01
75	3.76919852639971e-01
76	3.36993967532659e-01
77	3.63909351333467e-01
78	3.91129462960356e-01
79	4.10737902721337e-01
80	3.72046708315517e-01
81	3.89677099095761e-01
82	4.09422484523223e-01
83	4.29002426196203e-01
84	4.45765522805339e-01
85	4.00959690521989e-01
86	3.67692605197944e-01
87	3.27979265335744e-01
88	2.83093627962068e-01
89	2.36391329178105e-01
90	1.89382350852487e-01
91	1.96036911232387e-01
92	2.07290542946826e-01
93	1.61179252590505e-01
94	1.11975003409078e-01
95	7.09571464485114e-02
96	2.73163514735393e-02
97	-2.16669327861908e-02
98	6.30756685180153e-02
99	9.01414698043527e-02
100	1.74864944127687e-01
101	2.01401815831389e-01
102	2.24784699725588e-01
103	2.42863498645995e-01
104	2.61347055998500e-01
105	2.18972339979351e-01
106	1.77164466544755e-01
107	1.35587543756027e-01
108	8.87998792440242e-02
109	4.73823361245132e-02
110	2.66828693307440e-03
111	-4.08408581292888e-02
112	-8.75461277826203e-02
113	-1.33903350886424e-01
114	-1.81391275790911e-01
115	-1.04883989755328e-01
116	-2.62019813119675e-02
117	-1.01058958036603e-02
118	1.18400739004185e-02
119	3.66113096068498e-02
120	5.42254218088781e-02
121	6.63959994131150e-02
122	2.16391302586363e-02
123	-2.13574215473493e-02
124	-6.24922861970858e-02
125	-4.39707572533368e-02
126	-8.17321101688086e-02
127	-1.27793776448582e-01
128	-1.75877880303657e-01
129	-2.19914544057621e-01
130	-2.63552005810784e-01
131	-3.00291210445570e-01
132	-3.44853640198990e-01
133	-3.84072823212841e-01
134	-4.25650334178300e-01
135	-4.73017873343464e-01
136	-5.13880851136250e-01
137	-5.45395505775759e-01
138	-5.85660741274492e-01
139	-6.35754271307778e-01
140	-6.79964508971406e-01
141	-7.20108090917917e-01
142	-7.53222535006117e-01
143	-7.35795864716822e-01
144	-7.22877215006670e-01
145	-7.10562797244655e-01
146	-6.96530810107431e-01
147	-6.78761028292514e-01
148	-6.02387693197672e-01
149	-5.26477654661781e-01
150	-4.44803576948881e-01
151	-4.23247356954700e-01
152	-4.02732400624395e-01
153	-3.79185452258559e-01
154	-4.23615978693028e-01
155	-4.72933742738486e-01
156	-5.15992925571332e-01
157	-5.62659801069181e-01
158	-5.49352751306811e-01
159	-5.97911806249256e-01
160	-6.44623776177784e-01
161	-6.22628554724805e-01
162	-5.98711392493294e-01
163	-5.71995893175081e-01
164	-4.86881107961684e-01
165	-4.67653116329470e-01
166	-5.01081253311836e-01
167	-5.37545319652550e-01
168	-5.77281538135348e-01
169	-6.21199745872030e-01
170	-6.71609075671606e-01
171	-6.59343351587659e-01
172	-7.03188362208490e-01
173	-7.48688835236646e-01
174	-7.96991496983676e-01
175	-8.41827493875794e-01
176	-8.77566874805798e-01
177	-9.22040484404583e-01
178	-9.66619793171638e-01
179	-1.01122051522525e+00
180	-1.05049868428886e+00
181	-1.03119925766732e+00
182	-1.01393782309533e+00
183	-9.96371283742563e-01
184	-9.79224130082520e-01
185	-1.02122560956765e+00
186	-1.06694080105419e+00
187	-1.05298186194552e+00
188	-1.03755454996503e+00
189	-1.02713430969381e+00
190	-1.07265666568459e+00
191	-1.11383212901081e+00
192	-1.15713697784446e+00
193	-1.19889396557904e+00
194	-1.23903612906298e+00
195	-1.27526853399420e+00
196	-1.31133567520542e+00
197	-1.35270444466492e+00
198	-1.39458335456125e+00
199	-1.43420549542204e+00
