0	1.00000000000566e+00
1	8.90180585127995e-01
2	7.95723391683117e-01
3	7.13827319746313e-01
4	6.43080262770022e-01
5	5.80043511782484e-01
6	5.27601049969235e-01
7	4.84755657855550e-01
8	4.45180053436819e-01
9	4.16144033786976e-01
10	3.90563316829649e-01
11	3.64013771503193e-01
12	3.44970268024363e-01
13	3.24488557436269e-01
14	2.99882497488599e-01
15	2.75668871275119e-01
16	2.56397991430814e-01
17	2.39609202780478e-01
18	2.18222158085308e-01
19	2.04626836059992e-01
20	1.90452003559456e-01
21	1.74925672153881e-01
22	1.61501871026293e-01
23	1.48086299077681e-01
24	1.38966034401561e-01
25	1.33505768397242e-01
26	1.31961099573601e-01
27	1.24230762366292e-01
28	1.17537876550804e-01
29	1.16326456163129e-01
30	1.14275823525920e-01
31	1.09843478907493e-01
32	1.06049305201742e-01
33	1.01943407605069e-01
34	9.77536116533466e-02
35	9.29223969377149e-02
36	8.78049757151671e-02
37	8.12336389696110e-02
38	7.37268113094374e-02
39	6.45574552859607e-02
40	5.74071757437403e-02
41	4.89212814366975e-02
42	4.65174952589534e-02
43	4.67527880003361e-02
44	5.19587714127905e-02
45	5.22995596280196e-02
46	5.26513616759008e-02
47	5.22666066641996e-02
48	5.08304514754171e-02
49	4.98927458306954e-02
50	4.86514744668990e-02
51	5.10584276490518e-02
52	5.47921241388845e-02
53	5.98468620237494e-02
54	6.29404679532850e-02
55	6.81801146538113e-02
56	7.72256110678995e-02
57	8.57233167306671e-02
58	8.86089810181515e-02
59	9.32903128467257e-02
60	9.92118695100029e-02
61	1.07361769739037e-01
62	1.16647429156121e-01
63	1.22058272170621e-01
64	1.27780424548661e-01
65	1.28347680521250e-01
66	1.30119827955488e-01
67	1.29424394389794e-01
68	1.32117967934797e-01
69	1.31769643248036e-01
70	1.33377811603553e-01
71	1.35718931590407e-01
72	1.33644028942607e-01
73	1.33937187021709e-01
74	1.32458650656554e-01
75	1.36257255725591e-01
76	1.41996893952956e-01
77	1.48216054555064e-01
78	1.54158496834790e-01
79	1.62818191452568e-01
80	1.67339447280641e-01
81	1.74614010722408e-01
82	1.81280279113157e-01
83	1.82750115445434e-01
84	1.84117111006066e-01
85	1.90910454775519e-01
86	1.98159120699424e-01
87	2.10815152361486e-01
88	2.21589513092218e-01
89	2.32935395483716e-01
90	2.38411719053524e-01
91	2.42342201242211e-01
92	2.44730116272594e-01
93	2.45458794959907e-01
94	2.46922385325472e-01
95	2.50025787219991e-01
96	2.51259608541056e-01
97	2.46779269347282e-01
98	2.42004513614961e-01
99	2.43133810001172e-01
100	2.39983366419051e-01
101	2.36937884000485e-01
102	2.28681004546340e-01
103	2.20600541079428e-01
104	2.15638806243047e-01
105	2.13773235728614e-01
106	2.17806728529872e-01
107	2.24633550873652e-01
108	2.22431563681004e-01
109	2.18395545023916e-01
110	2.16738797415148e-01
111	2.16264366895386e-01
112	2.17249202676339e-01
113	2.14245013450715e-01
114	2.10525107594913e-01
115	2.13664223096008e-01
116	2.13729465177541e-01
117	2.12521770751945e-01
118	2.09424786606966e-01
119	2.04386252102890e-01
120	1.97782872034289e-01
121	1.97868699289798e-01
122	1.98191898226547e-01
123	1.98722920076933e-01
124	2.01608786818389e-01
125	2.07431563939835e-01
126	2.10719826327442e-01
127	2.09504275990132e-01
128	2.06912598135103e-01
129	2.07837232540726e-01
130	2.11959028268324e-01
131	2.19026461064212e-01
132	2.29265642254131e-01
133	2.39919977953217e-01
134	2.49135144986114e-01
135	2.54796493215691e-01
136	2.58099559331467e-01
137	2.62049081555908e-01
138	2.64605570027571e-01
139	2.68996539146495e-01
140	2.70194029420121e-01
141	2.69565774512038e-01
142	2.69214231835612e-01
143	2.72599353816692e-01
144	2.77239955031160e-01
145	2.76226821903805e-01
146	2.75840890666960e-01
147	2.72151816406225e-01
148	2.74018734260104e-01
149	2.73359369336634e-01
150	2.71739735933392e-01
151	2.65933678495406e-01
152	2.65368166789375e-01
153	2.64393574006766e-01
154	2.64270717228764e-01
155	2.65693926766054e-01
156	2.68909742305085e-01
157	2.67365831736545e-01
158	2.67712601725662e-01
159	2.67734304593264e-01
160	2.64747918968384e-01
161	2.62476534429851e-01
162	2.61032894361015e-01
163	2.57387638860465e-01
164	2.55140529703110e-01
165	2.56896023703321e-01
166	2.60099132907280e-01
167	2.63929936448712e-01
168	2.68257279068259e-01
169	2.71830407273419e-01
170	2.71139648624502e-01
171	2.72081253872537e-01
172	2.75948896022366e-01
173	2.75342052316665e-01
174	2.79283079002674e-01
175	2.84346454784267e-01
176	2.86545402538740e-01
177	2.87745596176519e-01
178	2.92062419547412e-01
179	2.95121530221848e-01
180	2.98829179759366e-01
181	3.06906166010319e-01
182	3.08638000496194e-01
183	3.12102216576507e-01
184	3.12263498789513e-01
185	3.12943710726332e-01
186	3.19467253157570e-01
187	3.24062001665187e-01
188	3.29377826435045e-01
189	3.33156254250524e-01
190	3.35936324399827e-01
191	3.37239165843902e-01
192	3.40343602446543e-01
193	3.48907748806659e-01
194	3.56380508331660e-01
195	3.62074487340250e-01
196	3.64401976790226e-01
197	3.66099114054402e-01
198	3.66117856472428e-01
199	3.65095124061155e-01
