0	1.00000000002674e+00
1	7.10373408799107e-01
2	5.24933660479484e-01
3	3.87343824962438e-01
4	2.81188375557880e-01
5	2.04418686306481e-01
6	1.53452199420028e-01
7	1.32874495329959e-01
8	1.14344358114241e-01
9	8.51941397471927e-02
10	6.14434112145049e-02
11	6.00292449073786e-02
12	6.21628410879617e-02
13	7.20221622173449e-02
14	7.48686877217416e-02
15	6.32532140709686e-02
16	6.77262401877803e-02
17	7.13448853963564e-02
18	7.11405141649502e-02
19	8.37397391852534e-02
20	1.01608309059223e-01
21	1.05797809908940e-01
22	1.01780413778373e-01
23	1.04669299541639e-01
24	1.03106935949742e-01
25	1.11096639041324e-01
26	9.45317972739849e-02
27	7.20584384404988e-02
28	5.23125651867486e-02
29	4.48288289136571e-02
30	1.98426823514231e-02
31	8.86188150464466e-03
32	1.01455699522227e-02
33	2.65397305724887e-02
34	3.56040150270959e-02
35	4.25044438813549e-02
36	3.75681610257305e-02
37	1.72524051283132e-02
38	-2.13855028719758e-03
39	-8.81125450456137e-03
40	-9.17862070996835e-03
41	-1.38901252469019e-02
42	-1.24377353870236e-02
43	-9.81195051402428e-03
44	-1.11885761983017e-02
45	-1.55048044410380e-02
46	-1.80205823034168e-02
47	-2.87881607688799e-02
48	-4.34109106211598e-02
49	-6.04236549775592e-02
50	-6.96003088083202e-02
51	-8.45247310765653e-02
52	-9.50660074351884e-02
53	-9.72325803317228e-02
54	-1.05038767865552e-01
55	-1.11485781351081e-01
56	-1.10346259345795e-01
57	-1.14854448261159e-01
58	-1.26072662109996e-01
59	-1.37781039540616e-01
60	-1.47930997295797e-01
61	-1.61565050757502e-01
62	-1.56583805349506e-01
63	-1.43884122954452e-01
64	-1.33310630341265e-01
65	-1.43580856360752e-01
66	-1.56137043930460e-01
67	-1.59480465833943e-01
68	-1.66578378126976e-01
69	-1.58391613059224e-01
70	-1.51370357809040e-01
71	-1.38662420023607e-01
72	-1.38068215040343e-01
73	-1.48339593432137e-01
74	-1.59071481295244e-01
75	-1.57655156347161e-01
76	-1.63338589336558e-01
77	-1.67458365463743e-01
78	-1.52766112480138e-01
79	-1.43156012259714e-01
80	-1.36885858550731e-01
81	-1.29357080420192e-01
82	-1.18323682728482e-01
83	-1.12811301298599e-01
84	-9.32231306279388e-02
85	-7.68101478528707e-02
86	-7.32531605185487e-02
87	-7.34253707299816e-02
88	-8.24222570675953e-02
89	-8.80034342823139e-02
90	-8.48571572540491e-02
91	-7.10858735324610e-02
92	-6.39841584363615e-02
93	-6.26587514973505e-02
94	-7.25318502291978e-02
95	-8.92948003796255e-02
96	-1.02055358236012e-01
97	-1.26794893998326e-01
98	-1.43666750668323e-01
99	-1.53488132125009e-01
100	-1.65347289011665e-01
101	-1.77298580051741e-01
102	-1.85845460224591e-01
103	-1.93689988845011e-01
104	-2.16423739923662e-01
105	-2.27907092636390e-01
106	-2.44552233553221e-01
107	-2.53883614252411e-01
108	-2.66632239324143e-01
109	-2.72227358071508e-01
110	-2.78571262087115e-01
111	-3.05810388485924e-01
112	-3.17348276207399e-01
113	-3.37824220114525e-01
114	-3.54653066023948e-01
115	-3.66193236470176e-01
116	-3.88237548778566e-01
117	-3.95754873049032e-01
118	-4.02495174607887e-01
119	-4.16043973368172e-01
120	-4.28474814379926e-01
121	-4.43871416010835e-01
122	-4.54283040407009e-01
123	-4.60061193121958e-01
124	-4.71969774998860e-01
125	-4.75272827067328e-01
126	-4.64381544153914e-01
127	-4.53415715645336e-01
128	-4.38426815311624e-01
129	-4.24849646768954e-01
130	-4.15047756304796e-01
131	-4.21175467149336e-01
132	-4.20820878180060e-01
133	-4.24695112517134e-01
134	-4.29940443418456e-01
135	-4.38925074921271e-01
136	-4.33954780384965e-01
137	-4.25901212963253e-01
138	-4.31284254249259e-01
139	-4.23552936790884e-01
140	-4.40274630985082e-01
141	-4.61436417156726e-01
142	-4.73809257304829e-01
143	-4.89822792247974e-01
144	-5.11894457988557e-01
145	-5.32785658376439e-01
146	-5.50076383551114e-01
147	-5.68196720329395e-01
148	-5.81299390056901e-01
149	-5.81304640500301e-01
150	-5.95693707648022e-01
151	-6.00668125409518e-01
152	-5.86627842164615e-01
153	-5.92959673734918e-01
154	-5.97331847240947e-01
155	-5.88381304341275e-01
156	-5.81872303836983e-01
157	-5.72535381402094e-01
158	-5.59989234362351e-01
159	-5.49143547189704e-01
160	-5.38967736649125e-01
161	-5.28295528422060e-01
162	-5.26580403673402e-01
163	-5.33985057319389e-01
164	-5.28975015191146e-01
165	-5.09479100508777e-01
166	-4.92928988633139e-01
167	-4.97631931189056e-01
168	-4.97208555713619e-01
169	-4.92030980974126e-01
170	-4.84159228812559e-01
171	-4.90321414291129e-01
172	-5.01134692992925e-01
173	-5.10544775124117e-01
174	-5.13208268388471e-01
175	-5.21565040075671e-01
176	-5.21897218193254e-01
177	-5.09078031278060e-01
178	-4.93406908515574e-01
179	-4.77778438698324e-01
180	-4.54889205544529e-01
181	-4.25959633661488e-01
182	-4.05565194200926e-01
183	-3.78103585119448e-01
184	-3.56751647572143e-01
185	-3.44766184533002e-01
186	-3.30181706715347e-01
187	-3.23410600351494e-01
188	-3.14497796944153e-01
189	-3.04363350982610e-01
190	-3.04282266666229e-01
191	-2.87826047228693e-01
192	-2.75441238431219e-01
193	-2.55504593275875e-01
194	-2.46432580006993e-01
195	-2.33281635764667e-01
196	-2.26357984570931e-01
197	-2.27505979080747e-01
198	-2.32376836690769e-01
199	-2.23244174839854e-01
