0	9.99999999966693e-01
1	6.34369938942528e-01
2	3.94346664732594e-01
3	2.53002913146465e-01
4	1.62523162679530e-01
5	1.07631503050037e-01
6	7.08323729293397e-02
7	4.53537849452137e-02
8	3.28453684420279e-02
9	2.23417774655358e-02
10	1.28322908102182e-02
11	1.54047647714764e-03
12	-1.16882533436656e-02
13	-1.17160128228907e-02
14	-1.63977352869748e-03
15	1.97332104015882e-02
16	3.65921690976177e-02
17	3.87168127488416e-02
18	3.60748504953554e-02
19	2.97389165930011e-02
20	3.31111996367017e-02
21	2.83681382214668e-02
22	3.07098903020854e-02
23	4.47591930865180e-02
24	5.40756437136713e-02
25	5.52476530277197e-02
26	7.05021851076301e-02
27	7.99865528270228e-02
28	8.79538197456337e-02
29	8.80180260382498e-02
30	8.72404401695157e-02
31	9.05699848875531e-02
32	9.60049297535770e-02
33	1.00171015544478e-01
34	7.42818958300972e-02
35	6.36773848974148e-02
36	7.88545369426131e-02
37	1.00018156543581e-01
38	1.08769188752407e-01
39	1.29891221081667e-01
40	1.44363440565946e-01
41	1.50212305624677e-01
42	1.65671587913084e-01
43	1.79467618461889e-01
44	1.88982472803745e-01
45	1.88447922307795e-01
46	1.96398762880342e-01
47	2.13618831242025e-01
48	2.19318639048980e-01
49	2.25012193994815e-01
50	2.29267857098535e-01
51	2.31841136154829e-01
52	2.47921490940838e-01
53	2.78282409755505e-01
54	2.95018569901407e-01
55	3.22060381025946e-01
56	3.38752652146854e-01
57	3.62900278322468e-01
58	3.81306781563503e-01
59	3.85416200085932e-01
60	4.02355250909914e-01
61	4.12841563753381e-01
62	4.21225453574099e-01
63	4.31060481134378e-01
64	4.31396610071734e-01
65	4.45181460893906e-01
66	4.54203992078723e-01
67	4.54325151259632e-01
68	4.61099296849329e-01
69	4.64563835343283e-01
70	4.61854061908847e-01
71	4.59775312601007e-01
72	4.42885121447028e-01
73	4.42534400927114e-01
74	4.27372046614078e-01
75	4.24891933185619e-01
76	4.32181946796048e-01
77	4.21123317411952e-01
78	4.14493509983322e-01
79	4.07250567599058e-01
80	4.12302964219302e-01
81	4.19900093248740e-01
82	4.08938137882734e-01
83	4.02756205804412e-01
84	4.12606261992795e-01
85	4.03069786888746e-01
86	3.82601577768168e-01
87	3.72057852221409e-01
88	3.63780817584974e-01
89	3.60761754742074e-01
90	3.63023459341205e-01
91	3.38617800791936e-01
92	3.28184963701484e-01
93	3.14495320621278e-01
94	3.04773758878633e-01
95	3.05165747156347e-01
96	3.00639173580233e-01
97	2.97316217414772e-01
98	3.10621897036093e-01
99	3.17577367977744e-01
100	3.34282529288917e-01
101	3.28699184185854e-01
102	3.33066273321648e-01
103	3.08607990278305e-01
104	2.91991368213145e-01
105	2.89742856476454e-01
106	2.88443363306917e-01
107	3.10020269637049e-01
108	3.40482694044137e-01
109	3.53181785968217e-01
110	3.59031312306976e-01
111	3.65875924929542e-01
112	3.58175135841200e-01
113	3.53865554677348e-01
114	3.52311721372820e-01
115	3.53521694461263e-01
116	3.50530095923472e-01
117	3.32074145837211e-01
118	3.14972981470664e-01
119	3.01806659008791e-01
120	3.11671168745500e-01
121	3.22811104117299e-01
122	3.21401832843899e-01
123	3.12483833864519e-01
124	3.21318323327092e-01
125	3.17448594599113e-01
126	3.10112345964608e-01
127	3.02503125368530e-01
128	2.74778216196769e-01
129	2.56682522660828e-01
130	2.61213070834253e-01
131	2.57912932168831e-01
132	2.59800296611445e-01
133	2.55210971890283e-01
134	2.37417551612200e-01
135	2.54662199652022e-01
136	2.70203369176617e-01
137	2.70665777285869e-01
138	2.88615784516769e-01
139	2.95743277417687e-01
140	2.82964860922393e-01
141	2.72320268950139e-01
142	2.59551198117426e-01
143	2.25283777018817e-01
144	2.08279130697211e-01
145	2.05409963752341e-01
146	2.22894201106352e-01
147	2.37710569097979e-01
148	2.34017641576864e-01
149	2.47659755675082e-01
150	2.57890536972922e-01
151	2.67847425972885e-01
152	2.98503432209826e-01
153	3.14837309900180e-01
154	3.18838506235566e-01
155	3.20745008737390e-01
156	3.07692380427369e-01
157	2.99039400879311e-01
158	2.87589325513110e-01
159	2.78020974815720e-01
160	2.76545354016595e-01
161	2.67095756452882e-01
162	2.54041137870551e-01
163	2.49355032755648e-01
164	2.36567456656223e-01
165	2.41182318028870e-01
166	2.53841837814508e-01
167	2.72698180866971e-01
168	2.90464583546564e-01
169	2.89899757747242e-01
170	2.83022334931673e-01
171	2.79461960573132e-01
172	2.66115026283777e-01
173	2.73352833455623e-01
174	2.91441746852507e-01
175	3.03165314513647e-01
176	3.16500319039265e-01
177	3.27860794680760e-01
178	3.24197352796114e-01
179	3.16579958565208e-01
180	3.09871422537630e-01
181	3.23580007135616e-01
182	3.41459681883349e-01
183	3.49270351979409e-01
184	3.67199214352494e-01
185	3.73671903802321e-01
186	3.75869271513885e-01
187	3.84956305819042e-01
188	3.81083379305020e-01
189	3.70325805191865e-01
190	3.69651828019252e-01
191	3.66492428055649e-01
192	3.49611962947235e-01
193	3.47680458573841e-01
194	3.61866237627045e-01
195	3.63607486065290e-01
196	3.66410888795430e-01
197	3.67509442186061e-01
198	3.62474113886415e-01
199	3.52601399430359e-01
