0	9.99999999970223e-01
1	8.13566559392405e-01
2	6.69642091612027e-01
3	5.56188305196659e-01
4	4.57973912453073e-01
5	3.69152227171946e-01
6	2.97690287454211e-01
7	2.47827029067338e-01
8	2.09067035109686e-01
9	1.58085169036118e-01
10	1.25854535839985e-01
11	1.04556921063269e-01
12	7.98302298869648e-02
13	5.88607078225450e-02
14	3.78328488049831e-02
15	1.60924596987411e-02
16	-6.07051539212062e-03
17	-2.21244319008005e-02
18	-3.10652436996330e-02
19	-3.58918432298403e-02
20	-3.83029040343627e-02
21	-4.70784475344077e-02
22	-6.06947693484054e-02
23	-7.63978071124954e-02
24	-8.63696028662033e-02
25	-1.02721905204400e-01
26	-1.12231868706631e-01
27	-1.12990403687660e-01
28	-1.09385639975889e-01
29	-1.11672247627119e-01
30	-1.17292283497455e-01
31	-1.10746884200103e-01
32	-1.05478673512773e-01
33	-1.00948528070665e-01
34	-9.78664266445801e-02
35	-1.04306916611871e-01
36	-1.13030568979281e-01
37	-1.04945865992367e-01
38	-9.58127134862004e-02
39	-7.63520105019845e-02
40	-5.78239203601790e-02
41	-4.41291634735277e-02
42	-3.29788478305294e-02
43	-2.62420909094056e-02
44	-1.86432788469078e-02
45	-8.35419545107317e-03
46	-5.89327240653002e-03
47	-3.27206924198225e-03
48	1.08329625533189e-02
49	3.01421128582773e-02
50	3.17856715646082e-02
51	2.83656779774861e-02
52	3.28917056648188e-02
53	4.18789563076008e-02
54	4.29428952184034e-02
55	4.98641395168673e-02
56	4.40223850418037e-02
57	3.49868866724676e-02
58	3.95692038561985e-02
59	3.98032231574332e-02
60	5.02311416524918e-02
61	6.63631573308509e-02
62	8.40626936165057e-02
63	9.93322624082154e-02
64	1.20909896283506e-01
65	1.32367180836650e-01
66	1.45615022528689e-01
67	1.61815713201762e-01
68	1.77964609253184e-01
69	1.89756506346646e-01
70	1.99943069216775e-01
71	2.14679738254766e-01
72	2.36193553749031e-01
73	2.55214299637002e-01
74	2.68967151369932e-01
75	2.77840641321891e-01
76	2.92006881876271e-01
77	3.20569935955470e-01
78	3.42777598345520e-01
79	3.55953057517384e-01
80	3.68495959729215e-01
81	3.70676947087210e-01
82	3.77821722206530e-01
83	3.85608870291350e-01
84	4.01287102517587e-01
85	4.28653361830462e-01
86	4.53109404394067e-01
87	4.73715356751741e-01
88	4.96561529734946e-01
89	5.21627307715251e-01
90	5.44175462656277e-01
91	5.52253770068382e-01
92	5.63088966809690e-01
93	5.67193400655469e-01
94	5.69094331427249e-01
95	5.70140656753507e-01
96	5.73963523423610e-01
97	5.81205868925808e-01
98	5.89087381012252e-01
99	6.06511175981223e-01
100	6.30176216486779e-01
101	6.35999160916376e-01
102	6.27761284700663e-01
103	6.29755278255886e-01
104	6.41702108921092e-01
105	6.50474692647750e-01
106	6.66841379916288e-01
107	6.82147475778390e-01
108	7.04329865822239e-01
109	7.30428872515857e-01
110	7.52041389050067e-01
111	7.63701066157820e-01
112	7.73452107482766e-01
113	7.71871324341547e-01
114	7.65450328457492e-01
115	7.57265848635781e-01
116	7.43602829210538e-01
117	7.35132346595347e-01
118	7.27770734461515e-01
119	7.30640239656099e-01
120	7.38987910387961e-01
121	7.48680653521158e-01
122	7.55495216953412e-01
123	7.74714080049684e-01
124	7.76760120338101e-01
125	7.84400020977198e-01
126	7.84788318913101e-01
127	7.72315974568135e-01
128	7.54756081001670e-01
129	7.33555139503825e-01
130	7.22024870831353e-01
131	7.12832131271832e-01
132	7.01854661122420e-01
133	6.97814704453478e-01
134	7.01221249117357e-01
135	7.02725346222711e-01
136	6.97480033858605e-01
137	6.96351701984415e-01
138	7.02708271345486e-01
139	7.05233283977586e-01
140	7.08054594838986e-01
141	7.12391662564637e-01
142	7.13636895757363e-01
143	7.16251848219083e-01
144	7.11422568061278e-01
145	7.13379418695409e-01
146	7.02798713751708e-01
147	7.01295401772606e-01
148	7.03309957512064e-01
149	6.97534858453252e-01
150	7.04373749761677e-01
151	7.22119460898060e-01
152	7.51648601495634e-01
153	7.77208717814825e-01
154	7.99472023452512e-01
155	8.22708681834314e-01
156	8.36443348133694e-01
157	8.45842256584141e-01
158	8.64614099728029e-01
159	8.66992007971509e-01
160	8.76690830455780e-01
161	8.85748649072273e-01
162	8.90308828690885e-01
163	9.05581566396230e-01
164	9.16385342634543e-01
165	9.22912506095545e-01
166	9.21211102595219e-01
167	9.15692926539787e-01
168	9.16501274690318e-01
169	9.05401223321720e-01
170	8.99965646683473e-01
171	8.95373196696557e-01
172	8.89958156815249e-01
173	8.75420575146774e-01
174	8.66523521007252e-01
175	8.74377209866007e-01
176	8.74571385400240e-01
177	8.77375963883587e-01
178	8.79082880120122e-01
179	8.76389530840925e-01
180	8.78085063183196e-01
181	8.76090860685385e-01
182	8.81983833507050e-01
183	8.86646908266961e-01
184	8.89927267096229e-01
185	8.95491970920044e-01
186	8.98609773346915e-01
187	9.11192402219100e-01
188	9.20812236408476e-01
189	9.32850608991396e-01
190	9.43929205630768e-01
191	9.51172094051214e-01
192	9.58986387134078e-01
193	9.54525588704668e-01
194	9.54476627820143e-01
195	9.60163915602660e-01
196	9.56195274742161e-01
197	9.54093954195697e-01
198	9.55859848410776e-01
199	9.51345053667038e-01
