0	1.00000009658899e+00
1	6.30183814379135e-01
2	4.06979913492305e-01
3	2.90411999232407e-01
4	2.27280136994932e-01
5	1.96848915932653e-01
6	2.24902929805813e-01
7	1.95998064736995e-01
8	1.40839434016150e-01
9	1.33161693963039e-01
10	1.66470814865719e-01
11	1.96714816078114e-01
12	1.96272415121883e-01
13	1.88669333230799e-01
14	2.23742926486799e-01
15	2.60359084406607e-01
16	2.97106668223945e-01
17	3.74567309880530e-01
18	3.74280123131054e-01
19	3.32798090259585e-01
20	2.54102223651592e-01
21	2.18069468604507e-01
22	1.82350269930795e-01
23	1.07104522208482e-01
24	3.33815656190532e-02
25	-4.45442911044048e-02
26	-1.20001819974669e-01
27	-2.01651090898473e-01
28	-2.81411635528624e-01
29	-3.64382225009346e-01
30	-3.64603110101922e-01
31	-3.66196335238537e-01
32	-3.68186162919614e-01
33	-4.11046166661396e-01
34	-4.09161631845036e-01
35	-4.03680199166582e-01
36	-3.98369053631090e-01
37	-3.62799175920474e-01
38	-3.60981995130898e-01
39	-3.13421998845723e-01
40	-3.16722071208467e-01
41	-3.25869085241827e-01
42	-3.60900541466379e-01
43	-4.04913805438922e-01
44	-4.10019994063311e-01
45	-4.17146761809123e-01
46	-4.25443427601942e-01
47	-4.65549399918588e-01
48	-5.03550406190670e-01
49	-5.38212257980838e-01
50	-6.10671620706821e-01
51	-6.91478873514995e-01
52	-7.32884517585232e-01
53	-8.11449700957673e-01
54	-7.99100778951442e-01
55	-8.27751031023321e-01
56	-9.03260639912901e-01
57	-9.40805947106498e-01
58	-9.87483348901035e-01
59	-1.03535670782770e+00
60	-1.07255074553049e+00
61	-1.03513919732578e+00
62	-9.56764289407896e-01
63	-8.37645497224132e-01
64	-7.98331837985012e-01
65	-7.19135755785314e-01
66	-6.78391432333819e-01
67	-6.77299049197906e-01
68	-7.52504353346411e-01
69	-7.94999783105106e-01
70	-7.64805963574955e-01
71	-7.37805806572571e-01
72	-7.02652244906767e-01
73	-6.27322492462889e-01
74	-5.91086908370437e-01
75	-5.91249308520752e-01
76	-6.31510737382109e-01
77	-6.68453233548458e-01
78	-7.04873647830826e-01
79	-7.43694553410112e-01
80	-7.42305449880283e-01
81	-7.05316958731463e-01
82	-6.62621813346985e-01
83	-5.41558507148761e-01
84	-4.20837784010399e-01
85	-3.43907208788779e-01
86	-2.67507064409170e-01
87	-2.33190387448687e-01
88	-2.34074928605509e-01
89	-2.34240881153305e-01
90	-3.09828279834462e-01
91	-3.53608581767757e-01
92	-3.98641481375873e-01
93	-4.76977345810183e-01
94	-5.19818114911416e-01
95	-5.22611621597128e-01
96	-4.85008738921000e-01
97	-4.08252241215696e-01
98	-3.31800229589498e-01
99	-2.11531984235027e-01
100	-7.30873578598472e-02
101	6.69350637865521e-02
102	2.48123662213082e-01
103	2.98600750340780e-01
104	3.04464294377064e-01
105	2.67853415131859e-01
106	2.67522817414920e-01
107	2.70198491977662e-01
108	2.28142955669745e-01
109	1.85231981124093e-01
110	2.23276407503242e-01
111	3.35423388854281e-01
112	4.15237213907504e-01
113	4.18594914374734e-01
114	4.98531092677079e-01
115	6.11547493850382e-01
116	6.07423708404157e-01
117	6.06632121301908e-01
118	5.73957950493961e-01
119	5.38018224003060e-01
120	4.94075739677414e-01
121	4.88164948671537e-01
122	4.89858058659035e-01
123	5.37462742894225e-01
124	5.78131756225351e-01
125	6.10678504905005e-01
126	6.44037244434997e-01
127	6.79961463581595e-01
128	6.43651943286507e-01
129	6.43732293551691e-01
130	6.04554571365777e-01
131	5.97257742474459e-01
132	5.94785288090545e-01
133	6.32223145265418e-01
134	6.66534578794160e-01
135	7.27602290722741e-01
136	7.25230757011376e-01
137	7.26998442627518e-01
138	7.34889902255272e-01
139	7.76976378750182e-01
140	8.49976078193717e-01
141	8.90885815302634e-01
142	8.51840980519844e-01
143	8.52793647030546e-01
144	8.14736730760848e-01
145	7.71584202741483e-01
146	7.70241404040513e-01
147	7.71180887781829e-01
148	7.33784196209395e-01
149	7.35034963886448e-01
150	7.05057654140930e-01
151	7.07104749881530e-01
152	7.45967845668134e-01
153	7.48901027158450e-01
154	7.11611626492562e-01
155	6.32887311762640e-01
156	5.57313325102576e-01
157	4.77001786631667e-01
158	3.88600490722743e-01
159	3.46151057539026e-01
160	2.61301228257050e-01
161	1.85057075504360e-01
162	1.07024521325391e-01
163	2.50050302210758e-02
164	-2.04179190439236e-02
165	-2.06167737468073e-02
166	-2.81082582473819e-02
167	-7.05252175910395e-02
168	-1.59910840564543e-01
169	-2.45002881233164e-01
170	-3.23033308100314e-01
171	-4.00813614154600e-01
172	-4.79845801186511e-01
173	-5.14372955724459e-01
174	-5.95003981201686e-01
175	-6.74878296162941e-01
176	-7.12253406294057e-01
177	-7.44756141831045e-01
178	-7.80107544465442e-01
179	-8.18513670837995e-01
180	-7.73631201962337e-01
181	-7.34239038796302e-01
182	-6.96360931518419e-01
183	-7.69560169265593e-01
184	-8.09764287346708e-01
185	-7.73623844097308e-01
186	-6.94465423293201e-01
187	-6.59382159852632e-01
188	-6.60612515749823e-01
189	-6.99659110875528e-01
190	-7.35792138583466e-01
191	-8.14022309949235e-01
192	-8.08806879390032e-01
193	-7.66231359290921e-01
194	-7.05927495977435e-01
195	-7.17456261175073e-01
196	-7.57159283354548e-01
197	-7.97044454289072e-01
198	-8.39215986906081e-01
199	-8.79214167784441e-01
