0	1.00000000004234e+00
1	8.46449105611484e-01
2	7.14922646783960e-01
3	6.02396273199075e-01
4	5.06114432014408e-01
5	4.24938106402071e-01
6	3.61471478109599e-01
7	3.00446301332126e-01
8	2.50188284516432e-01
9	2.02271663616642e-01
10	1.60025287400846e-01
11	1.15668396939062e-01
12	8.18153433515193e-02
13	5.19230356592800e-02
14	2.82682098625431e-02
15	1.96544973432177e-02
16	1.28957378097140e-02
17	1.00603836053246e-02
18	2.67834529256951e-03
19	4.47890382799905e-03
20	-2.02069870465783e-03
21	-1.46539448464285e-02
22	-2.44074101163881e-02
23	-2.80799650615253e-02
24	-2.32332861819125e-02
25	-1.26330947933220e-02
26	-1.14557363338807e-02
27	-1.00067558902204e-02
28	-6.71016283501689e-03
29	-9.14032448315643e-03
30	-1.91190870993868e-02
31	-2.49896377252045e-02
32	-2.35972906333794e-02
33	-2.66605136588082e-02
34	-2.86757065439435e-02
35	-3.99203467284311e-02
36	-5.21061046229339e-02
37	-6.29109220478628e-02
38	-6.43762658583766e-02
39	-6.81248695294520e-02
40	-6.20294654011170e-02
41	-5.39834901116693e-02
42	-5.98592346063929e-02
43	-7.25153229682617e-02
44	-7.16399365308916e-02
45	-7.26903530002221e-02
46	-7.07896529055990e-02
47	-7.18328637499515e-02
48	-7.24552424628961e-02
49	-6.40735714691637e-02
50	-6.09070797585416e-02
51	-5.61944822252193e-02
52	-4.50283482559694e-02
53	-3.87906806784696e-02
54	-4.26344726036063e-02
55	-3.19588159265553e-02
56	-1.80980700907046e-02
57	-6.81493087440905e-03
58	1.24811218052642e-02
59	2.09733825176225e-02
60	2.46759885544386e-02
61	2.68888995270048e-02
62	2.42403283143052e-02
63	2.70188429954355e-02
64	3.07699245707556e-02
65	3.74398888311539e-02
66	3.96099837209406e-02
67	4.68364729774405e-02
68	5.45200620394974e-02
69	5.90540872307444e-02
70	6.52544676804616e-02
71	7.60438639440377e-02
72	9.11032741742412e-02
73	1.00993782380522e-01
74	1.08874828987987e-01
75	1.07308849149947e-01
76	1.03075733271507e-01
77	1.05932958612900e-01
78	1.15501091097872e-01
79	1.22501615539200e-01
80	1.35203571236876e-01
81	1.41227981002264e-01
82	1.46102540968927e-01
83	1.47561395972352e-01
84	1.43908484817576e-01
85	1.45289802482642e-01
86	1.49864743529749e-01
87	1.56521048916260e-01
88	1.69008777351047e-01
89	1.83571896851375e-01
90	1.96801186280253e-01
91	2.15928669535633e-01
92	2.45509510187299e-01
93	2.76272733863371e-01
94	2.97769860838847e-01
95	3.16347045388259e-01
96	3.34999893457844e-01
97	3.51538811106663e-01
98	3.63690368682238e-01
99	3.75127796578303e-01
100	3.88201272731092e-01
101	3.94603924901762e-01
102	3.93888360872237e-01
103	3.95626303975137e-01
104	4.03584356265267e-01
105	4.14963057390508e-01
106	4.28608543072618e-01
107	4.47682077552816e-01
108	4.58872362536229e-01
109	4.59770992863760e-01
110	4.67636012300627e-01
111	4.66299634189376e-01
112	4.53345099946826e-01
113	4.41037683169180e-01
114	4.25421188981536e-01
115	4.12920574417618e-01
116	4.08588067463443e-01
117	4.03670101234002e-01
118	4.01175355124466e-01
119	3.97313221388382e-01
120	3.93054550136658e-01
121	3.78026610579674e-01
122	3.71004124809919e-01
123	3.74783155059015e-01
124	3.61036989283079e-01
125	3.52478942221863e-01
126	3.45880726477840e-01
127	3.35539959927371e-01
128	3.29169194985277e-01
129	3.18941620654780e-01
130	3.15652146926546e-01
131	3.09505104729195e-01
132	3.02567658987317e-01
133	2.94698277850656e-01
134	2.85664831308210e-01
135	2.96339454903893e-01
136	3.12512843039222e-01
137	3.38468144129197e-01
138	3.60671973775554e-01
139	3.78099696357669e-01
140	3.94587021831310e-01
141	3.88885204488749e-01
142	3.84065122278689e-01
143	3.77326967653037e-01
144	3.70204447638381e-01
145	3.66266630379571e-01
146	3.74307293891437e-01
147	3.87444625974562e-01
148	3.94783874738713e-01
149	4.05857126984407e-01
150	4.23549747126224e-01
151	4.42293925942536e-01
152	4.54280619149595e-01
153	4.70315994808448e-01
154	4.77401260855200e-01
155	4.75683350676337e-01
156	4.73771962535112e-01
157	4.70507974440534e-01
158	4.73948412241127e-01
159	4.84999317605312e-01
160	4.92655584529898e-01
161	5.00414743855210e-01
162	5.04782665292650e-01
163	5.02014982929275e-01
164	4.97393488077660e-01
165	4.90606661353310e-01
166	4.76279107434488e-01
167	4.70360753322414e-01
168	4.67864568157209e-01
169	4.68658594464250e-01
170	4.67727676162433e-01
171	4.73225888284122e-01
172	4.71919159582727e-01
173	4.68880246705955e-01
174	4.61883045250696e-01
175	4.60299783241557e-01
176	4.66591477465662e-01
177	4.67489677630487e-01
178	4.63215720107834e-01
179	4.63263054099745e-01
180	4.63563244387663e-01
181	4.64918315976284e-01
182	4.64161363236268e-01
183	4.61851574935771e-01
184	4.73397577285143e-01
185	4.78582019846769e-01
186	4.90008876882047e-01
187	5.10712221369483e-01
188	5.27447273747551e-01
189	5.36225024598840e-01
190	5.46775840570784e-01
191	5.60975189191580e-01
192	5.74791927903243e-01
193	5.80468645751675e-01
194	5.85714847904979e-01
195	5.74344756959841e-01
196	5.64259171067504e-01
197	5.47620425012001e-01
198	5.34334359426242e-01
199	5.16843676040809e-01
