0	9.99999999999740e-01
1	8.43269054464972e-01
2	7.09650315131513e-01
3	5.97108752978560e-01
4	5.06425461165977e-01
5	4.31008723686081e-01
6	3.71888463236084e-01
7	3.15635099258822e-01
8	2.74877643179023e-01
9	2.39238704554108e-01
10	2.06420001746091e-01
11	1.76235241855865e-01
12	1.51948389387074e-01
13	1.27152302011048e-01
14	1.07764066006983e-01
15	9.02562595508272e-02
16	6.88460606775399e-02
17	4.87986538620210e-02
18	3.67309951328380e-02
19	2.76109659553019e-02
20	1.88973979585446e-02
21	1.78600160902065e-02
22	2.50944106019659e-02
23	3.49143500850583e-02
24	3.93825440178545e-02
25	4.12674268469865e-02
26	3.73831025466904e-02
27	3.07696782040248e-02
28	2.49806863767585e-02
29	1.68438713630044e-02
30	1.76469552259740e-02
31	1.94169601571419e-02
32	1.54540088359671e-02
33	1.27238060897268e-02
34	7.49014435491466e-03
35	3.49079069897603e-03
36	-3.77389769114420e-03
37	-1.29078513419186e-02
38	-2.11318201292170e-02
39	-3.22288684418807e-02
40	-3.39426863084586e-02
41	-3.28809021317628e-02
42	-3.25363972162477e-02
43	-3.08877411277921e-02
44	-2.42373730808755e-02
45	-2.23542226941256e-02
46	-2.62608198188479e-02
47	-3.77865784185068e-02
48	-4.09652071999399e-02
49	-4.23867678575068e-02
50	-3.79709362115382e-02
51	-3.06329334772821e-02
52	-2.73886053167928e-02
53	-2.74072236452291e-02
54	-3.30013938119806e-02
55	-3.76041000101793e-02
56	-4.41096438960893e-02
57	-4.36298632775367e-02
58	-4.52130789707723e-02
59	-4.83814266075996e-02
60	-5.13976692119828e-02
61	-5.71386721737480e-02
62	-6.62103565643452e-02
63	-6.93368671777180e-02
64	-7.03191043686140e-02
65	-6.56932128396349e-02
66	-6.06330378684346e-02
67	-5.66177468060080e-02
68	-5.70007977157504e-02
69	-5.50835479105271e-02
70	-5.49713702867981e-02
71	-5.54175163901623e-02
72	-5.99451304020981e-02
73	-6.29558255450767e-02
74	-6.59151507462581e-02
75	-6.61915405041981e-02
76	-7.17240979401644e-02
77	-7.00581793879628e-02
78	-7.12463094403319e-02
79	-7.06950348491753e-02
80	-7.31557991323959e-02
81	-7.40061065040541e-02
82	-7.78748828594460e-02
83	-7.50742607200813e-02
84	-7.20125204617830e-02
85	-7.55339519520019e-02
86	-7.89776845657311e-02
87	-8.14415471490311e-02
88	-8.41412988632832e-02
89	-8.37329872996518e-02
90	-8.55226315957239e-02
91	-8.24261035731267e-02
92	-7.34604554798978e-02
93	-6.77472379453388e-02
94	-6.33746081219002e-02
95	-6.37952971981414e-02
96	-6.21822045102919e-02
97	-5.98520978829398e-02
98	-5.58479306067670e-02
99	-5.73856602646581e-02
100	-5.66984955607700e-02
101	-5.38179563996987e-02
102	-5.17164103506161e-02
103	-4.75998807331883e-02
104	-4.68570943125245e-02
105	-4.44368703506734e-02
106	-4.51082431318454e-02
107	-4.30136995532690e-02
108	-4.04097513178304e-02
109	-4.21051842970326e-02
110	-4.70224888065087e-02
111	-5.39720077871827e-02
112	-5.53096493932393e-02
113	-5.94682928600456e-02
114	-6.50728626794917e-02
115	-6.94028427124063e-02
116	-6.36901397394454e-02
117	-5.84051389011641e-02
118	-5.57969525703346e-02
119	-5.09746175062875e-02
120	-4.84577629834702e-02
121	-5.15640064481820e-02
122	-5.10245001451219e-02
123	-5.23818376333566e-02
124	-5.37342963057581e-02
125	-5.39709068251768e-02
126	-5.85513107625810e-02
127	-6.29210425700873e-02
128	-6.49308971946607e-02
129	-6.41138048163942e-02
130	-6.19578228172678e-02
131	-5.35218618179136e-02
132	-4.47010432033493e-02
133	-3.89858420984665e-02
134	-3.49049180237604e-02
135	-3.06027177607488e-02
136	-2.54735818827539e-02
137	-1.44232130616195e-02
138	-7.85909874619575e-03
139	1.48876549297182e-03
140	1.05985488521760e-02
141	1.55944300229257e-02
142	1.91112739286135e-02
143	2.06011097854073e-02
144	2.63607694691442e-02
145	3.42477426339585e-02
146	4.20901232378959e-02
147	4.42735769395720e-02
148	4.86244217621991e-02
149	4.89755408189607e-02
150	5.19355706810043e-02
151	5.41102227979589e-02
152	5.89536520340451e-02
153	6.10505745158659e-02
154	6.27357222668659e-02
155	6.17508300411235e-02
156	6.01182566946386e-02
157	5.72517220743392e-02
158	5.38483558572129e-02
159	4.83425168891969e-02
160	3.82298740321331e-02
161	3.19330223988277e-02
162	2.86987793156510e-02
163	3.08831883754629e-02
164	3.00563937275423e-02
165	3.29979020927487e-02
166	3.28155884378830e-02
167	3.06992093962683e-02
168	3.11581310539506e-02
169	3.35845730171970e-02
170	2.71470959090816e-02
171	2.19359869218928e-02
172	1.49485849843082e-02
173	8.88863781316352e-03
174	5.01085190636788e-03
175	3.25855544968757e-03
176	-1.96599762941171e-03
177	-4.05233143381140e-03
178	-5.04250216965357e-03
179	-5.95531288735557e-03
180	-6.67064553561564e-03
181	-5.67111415956810e-03
182	-4.62171746648745e-03
183	-5.46704415007711e-03
184	-5.00222047172201e-03
185	-3.23226741337480e-03
186	-4.63912278074073e-03
187	-7.00670351212319e-03
188	-1.16228172261890e-02
189	-1.41342579798075e-02
190	-1.68907125636198e-02
191	-1.82137069144380e-02
192	-2.03749453030871e-02
193	-1.96913498307715e-02
194	-1.83244175076017e-02
195	-2.07744886727094e-02
196	-2.45680173302629e-02
197	-2.80192891729248e-02
198	-2.81107076628659e-02
199	-3.35838226155403e-02
