0	1.00000000000150e+00
1	-5.13518300550320e-03
2	6.46151952625133e-03
3	2.02888765226088e-03
4	-6.03823734263524e-03
5	-3.70905204129286e-03
6	-3.62086756157233e-03
7	-7.92154432101474e-03
8	-5.81019661371647e-03
9	-5.86372813257191e-03
10	1.01265666454558e-02
11	-1.11250380016902e-02
12	5.18895242305666e-03
13	-1.80421725059000e-03
14	-8.87665238801062e-03
15	-8.21187774945365e-03
16	4.83598592915290e-03
17	-5.71529242250554e-03
18	-1.67479680290827e-03
19	-1.83008156681924e-03
20	-1.97970897789593e-03
21	-1.09791933302748e-03
22	-6.95009375348917e-03
23	-4.11113499684828e-03
24	8.57058323820922e-03
25	-3.37281055941535e-03
26	-6.51253445757482e-03
27	-1.04462408956706e-03
28	7.53990408298241e-03
29	1.24739480564602e-02
30	-5.29725541429854e-03
31	-3.65808245353068e-03
32	-5.83331452342631e-03
33	1.22741660967849e-03
34	4.21376028287436e-03
35	7.35784998733549e-03
36	-2.16729278695198e-03
37	1.95036922568603e-06
38	9.46800623546267e-03
39	1.56950527067845e-02
40	1.14509320510830e-03
41	1.55980521837093e-03
42	-2.40318983475801e-03
43	1.87863529047551e-03
44	7.69015099471625e-03
45	-1.11017129381348e-02
46	1.68084946896429e-03
47	-1.15307237765933e-02
48	6.73883124873671e-03
49	8.34831633747396e-03
50	1.75212005448618e-03
51	-8.46941305312032e-03
52	5.09784192031895e-03
53	-3.82029542626352e-03
54	-1.00672750926237e-02
55	6.61333482677589e-03
56	-5.50082650079308e-03
57	7.59078025365140e-03
58	-1.04738064069970e-02
59	6.69869421872370e-03
60	-1.80766150429939e-03
61	3.36310346140069e-03
62	-2.50911284825576e-03
63	-8.10423187696463e-03
64	-2.51604476616980e-03
65	-2.84014069750224e-04
66	-3.73787452669454e-03
67	4.06126123499508e-03
68	-1.58979156429390e-02
69	-9.07374820274736e-03
70	-1.17492388807010e-03
71	-2.98635344680477e-03
72	1.26834514547711e-02
73	5.83442138783517e-03
74	2.24111947653530e-03
75	1.22195498102821e-02
76	3.60536638105960e-03
77	-4.34789784988668e-03
78	2.76014505085798e-03
79	-4.27459993151563e-03
80	-1.23407778426647e-02
81	8.03167318838659e-03
82	2.97395583171010e-03
83	-3.09891836616633e-03
84	1.54539043835365e-03
85	1.66596086780563e-02
86	-2.37694341028818e-03
87	-1.15508104852237e-03
88	-2.99835563841916e-04
89	-8.30584180438397e-03
90	-9.37823325561766e-03
91	-1.20660913863355e-02
92	8.81580828463577e-04
93	-4.63497585707599e-03
94	9.88766539891421e-03
95	-8.30114686191274e-03
96	-6.95643473556986e-03
97	-8.49839545972284e-03
98	6.07729875608504e-03
99	5.27752652152154e-03
100	1.22552514855032e-02
101	7.43050356387375e-03
102	-5.23507912358451e-03
103	5.17310474624843e-03
104	-4.73007010084617e-03
105	7.79987725660763e-03
106	3.06429970937897e-03
107	-3.37824112265428e-03
108	2.15374670735941e-03
109	4.61297821338193e-03
110	1.50657757523236e-02
111	-1.13340700893693e-02
112	-1.51546065342373e-03
113	-5.47824352441732e-03
114	7.13271105507052e-03
115	-7.88799873380860e-03
116	-1.97615165795363e-02
117	-2.33597563143825e-03
118	2.82773517337416e-03
119	1.14847044767257e-02
120	5.90776735228643e-03
121	8.34598981324473e-03
122	-7.82106055504212e-03
123	9.49291586120927e-03
124	2.91761078727555e-04
125	9.30244080678294e-03
126	-1.51176831315205e-02
127	1.52993932394890e-02
128	-7.02186839713295e-03
129	2.79458466893815e-03
130	6.93373387681448e-03
131	1.83776717491180e-02
132	6.75938659702130e-04
133	-9.00548774253040e-04
134	1.13243883574225e-03
135	-4.98793496889830e-03
136	-3.44638632816075e-03
137	-1.06585363171756e-03
138	7.66137747803512e-03
139	4.49200991727465e-03
140	1.33763642450556e-03
141	-7.63909792930326e-03
142	-5.59476071783181e-03
143	-5.14062056624321e-04
144	1.95738756485750e-03
145	9.11100514708671e-03
146	-1.87427381371865e-02
147	-5.03890029050817e-03
148	1.08474473635364e-03
149	1.28624396607654e-02
150	-3.34904376660961e-03
151	-5.78469863901891e-03
152	-6.99914872343615e-03
153	-4.60085761710985e-03
154	-3.55134551834781e-03
155	-1.50586384791056e-02
156	7.29577828183778e-03
157	-4.74792796221854e-03
158	9.64520666835204e-03
159	-6.81157911286409e-03
160	1.41605069584443e-02
161	1.53272543248735e-02
162	-1.17319418742252e-02
163	-5.83032031526136e-03
164	4.97021142864450e-03
165	-5.24774001738931e-03
166	-6.27565670254290e-03
167	-3.11915023813895e-03
168	-5.26884879867853e-03
169	-3.38503923535615e-03
170	7.40159782877862e-03
171	7.00444291921836e-03
172	1.35347236093009e-02
173	8.52810141229375e-03
174	-4.17522255522170e-03
175	-8.00338474567937e-03
176	8.71787268448180e-03
177	-3.85045962620251e-03
178	2.35065657669680e-03
179	4.14478844322604e-03
180	-7.77961100536796e-03
181	8.15056203006075e-03
182	2.00035438936481e-02
183	9.89463714936763e-03
184	1.04409126038116e-02
185	7.98149640560345e-03
186	-4.37444231728106e-03
187	-1.07158131274098e-02
188	5.57310406921602e-03
189	1.40833454311854e-02
190	9.99711921230568e-03
191	1.34678228492030e-02
192	4.25363249018319e-04
193	-5.34046544959853e-03
194	-5.35938375801298e-03
195	2.88373112054671e-03
196	3.48762850103539e-03
197	1.15417019203029e-02
198	1.09946948149953e-02
199	4.39555197013731e-03
