0	9.99999999999894e-01
1	6.12609567078328e-01
2	4.38295350909198e-01
3	3.41781042744566e-01
4	2.73948569035549e-01
5	2.28266513021315e-01
6	1.76122426418207e-01
7	1.42887011361303e-01
8	1.10376992938716e-01
9	8.76645112555490e-02
10	7.98121300073015e-02
11	7.57884014303668e-02
12	6.22330838068050e-02
13	5.82462636671339e-02
14	5.31772413466949e-02
15	4.22264843722551e-02
16	3.30694523959175e-02
17	2.31829594454352e-02
18	2.28178795948570e-02
19	1.25285928759781e-02
20	9.24779438604377e-03
21	1.18326314694272e-02
22	-4.17201482931308e-03
23	-7.81569591362256e-03
24	-1.08167741418458e-02
25	-8.11404912634649e-03
26	-6.20249732369150e-04
27	1.52109527968891e-02
28	2.29570049627408e-02
29	1.99875329714650e-02
30	1.56335046837500e-02
31	1.53262563977173e-02
32	1.05139929152251e-02
33	7.88632509948533e-03
34	1.15542096497126e-02
35	1.06515528055901e-02
36	9.73543293496138e-03
37	1.40501628895500e-02
38	1.85813741959621e-02
39	1.64702411719212e-02
40	1.10127139671992e-02
41	6.62807909209606e-03
42	9.66179939305622e-03
43	1.78708811468932e-02
44	2.33240542687186e-02
45	2.90139166108083e-02
46	3.43329022062199e-02
47	4.11873997799097e-02
48	3.86900801434961e-02
49	3.81988073833308e-02
50	3.46593011535510e-02
51	3.61352720748200e-02
52	4.19345204698253e-02
53	3.62273471462510e-02
54	2.72483216678603e-02
55	3.50840269518643e-02
56	3.49278281407581e-02
57	2.94492182847696e-02
58	2.37837804092042e-02
59	1.72262250452577e-02
60	2.25968958500705e-02
61	2.28279604125825e-02
62	1.77748059875513e-02
63	2.14507227009670e-02
64	2.71649120197568e-02
65	1.89020679770597e-02
66	2.88247645822025e-02
67	3.60682997183829e-02
68	4.45003973978737e-02
69	3.61614752965315e-02
70	3.33961180953527e-02
71	2.54801248555571e-02
72	1.34732288124846e-02
73	2.07791387580859e-02
74	2.12740079415189e-02
75	1.72483178478036e-02
76	2.12917213378656e-03
77	-2.39034521945253e-03
78	-4.57997106333241e-05
79	4.54046773245881e-03
80	-8.58712101906102e-04
81	-1.09968396086057e-03
82	-3.86129690687958e-03
83	9.70030586942462e-03
84	1.64845431848869e-02
85	2.27279317086136e-02
86	2.07949363294709e-02
87	3.32743222878367e-02
88	3.16491386510069e-02
89	3.42512438458882e-02
90	2.45573857780960e-02
91	1.84586872787075e-02
92	1.70440069194000e-02
93	2.29595929986769e-02
94	2.44269900984494e-02
95	3.45667193812833e-02
96	3.46957802810886e-02
97	2.02597853938774e-02
98	4.25042497536950e-03
99	1.18320187327025e-02
100	9.63859621150667e-03
101	-2.42223149055399e-03
102	-7.83078598201221e-03
103	-3.28937948187973e-03
104	-8.79274405806115e-03
105	-1.11135356018044e-02
106	-9.23142536073191e-03
107	-1.86776948090161e-03
108	-1.59884363779812e-03
109	5.88486507737105e-03
110	6.39164782624654e-03
111	1.17316173638267e-02
112	2.09672137863858e-02
113	2.77594925155823e-02
114	2.60715915376536e-02
115	3.16854305331685e-02
116	2.76723376357972e-02
117	3.54583381622389e-02
118	3.32580355219855e-02
119	2.32853511754896e-02
120	2.38234212131369e-02
121	2.34444512366938e-02
122	2.90759118656852e-02
123	2.23970321978671e-02
124	8.72156501685435e-03
125	-6.80484947288293e-03
126	-1.73823975172886e-02
127	-1.58331911017176e-02
128	-1.57874846915565e-02
129	-1.58519217435866e-02
130	-2.05671921008358e-02
131	-2.02248004067013e-02
132	-1.93968026141284e-02
133	-1.48389257991454e-02
134	-1.87150976988516e-03
135	2.64035600607640e-03
136	-1.22713345593296e-03
137	-4.67218792706783e-03
138	3.72454132318542e-03
139	5.53536793890299e-04
140	-1.30285636751180e-02
141	-8.97296139769900e-03
142	-1.39058043410351e-02
143	-1.96146780164937e-02
144	-2.33591288598241e-02
145	-2.66379959188487e-02
146	-2.46985248524833e-02
147	-1.42904096853102e-02
148	-1.42644704091804e-02
149	-1.23979876638343e-02
150	-2.94231708434354e-03
151	-2.56052888561744e-03
152	-5.22300918784365e-04
153	2.91147991832380e-03
154	6.76378094834029e-03
155	6.35915286183816e-03
156	3.64100154539737e-03
157	1.08262648844630e-02
158	1.61513857064250e-02
159	1.29159864044045e-02
160	9.10813405604998e-03
161	1.83849929722862e-02
162	2.30641634574644e-02
163	2.82672807802929e-02
164	3.53527720492801e-02
165	3.28805169320348e-02
166	2.43843838278773e-02
167	3.20362550507072e-02
168	3.67607770360696e-02
169	3.40444294665493e-02
170	2.85964057491150e-02
171	1.53618580658232e-02
172	2.17924665920540e-02
173	2.22470729999498e-02
174	1.88296576078680e-02
175	2.26404182776034e-02
176	2.30887361214687e-02
177	2.31516083369604e-02
178	2.61259129007957e-02
179	1.45538720215566e-02
180	1.81998728248682e-02
181	1.74136750011738e-02
182	2.34728035272622e-02
183	1.67669726430759e-02
184	1.32996002006092e-02
185	1.95688089761738e-02
186	2.32408773794207e-02
187	2.62893301519883e-02
188	2.15260302717933e-02
189	1.98706559115182e-02
190	1.91901946850610e-02
191	1.70327579670285e-02
192	1.06802529587139e-02
193	4.82580123278940e-03
194	8.95937653449740e-03
195	1.78546849218557e-03
196	-1.58806387656578e-03
197	-5.72904412217049e-03
198	-8.87079065554092e-03
199	-2.99666184512145e-03
