0	1.00000000000082e+00
1	-3.54929434243486e-03
2	7.32807059173512e-03
3	-4.64313388828607e-03
4	-8.30654028108655e-03
5	-2.31357312897064e-04
6	1.13779806018046e-02
7	3.37566969782480e-04
8	-9.82174500914497e-03
9	9.74071815571501e-03
10	1.79776589981765e-02
11	3.71102851596510e-03
12	7.84257063015815e-03
13	2.65828694786495e-02
14	-4.48018768128182e-03
15	2.97951469779175e-03
16	1.97489144552718e-02
17	2.24949355661986e-03
18	-7.94221711220882e-04
19	-2.06997689133218e-03
20	-1.03689545599604e-02
21	-1.03237823103353e-03
22	9.13858799285891e-03
23	-1.34734167026226e-03
24	1.44462582842217e-02
25	-2.49520025298238e-03
26	6.63863287854845e-03
27	-7.86025694906780e-03
28	2.33595849190604e-04
29	1.75452731639681e-02
30	9.70860636818235e-03
31	-1.77518913571299e-03
32	-4.14648320352878e-03
33	4.42061098463007e-03
34	5.90801175509211e-04
35	1.86605049855307e-03
36	-4.51795452524774e-03
37	1.61422341510536e-02
38	1.07485840119199e-02
39	1.91385137456792e-03
40	1.41757481682689e-03
41	-1.80025984814416e-02
42	-4.00691445929188e-03
43	-1.10217031443847e-02
44	-5.57467692417558e-03
45	-2.62550186554569e-02
46	1.01733396891044e-02
47	9.05158676033947e-03
48	6.41672651998786e-03
49	-1.85489568487579e-02
50	-1.99348287935074e-02
51	-1.80413666654360e-03
52	-1.04951083762372e-02
53	-6.71332681051554e-03
54	1.92379768699504e-03
55	2.26205456555237e-03
56	-5.75327016710250e-03
57	-4.42362169582079e-03
58	-1.19712439951155e-02
59	-2.01470975722071e-02
60	2.43965155942697e-03
61	7.40938089489077e-04
62	2.69881098995074e-03
63	1.78233444246902e-02
64	-4.56626329884768e-03
65	-1.82446928083685e-03
66	6.51000355604428e-03
67	6.90139892308424e-03
68	1.90871377059349e-03
69	-8.88790758934900e-03
70	-2.27615814405123e-03
71	1.13959631844943e-02
72	-8.92055542112535e-03
73	5.48584720129199e-03
74	3.88982580938629e-03
75	8.28795536329782e-04
76	2.10933740474092e-03
77	2.06560022649210e-02
78	8.33402082280453e-03
79	1.00866885636362e-02
80	-3.39024836668002e-03
81	2.54894292805552e-03
82	-5.64440656499769e-03
83	-1.10647281674670e-02
84	-1.82597651164057e-03
85	-7.01629081252457e-04
86	-4.02836032352029e-03
87	1.07638406188767e-03
88	1.24676224487284e-02
89	4.68856009857170e-03
90	3.45660749046332e-03
91	5.31569497761829e-03
92	-5.45324531517265e-03
93	-8.57318554747885e-03
94	3.61013720767437e-03
95	4.94583212596081e-03
96	-1.66007853391562e-04
97	1.44334722391602e-02
98	-7.87606060614772e-03
99	2.08835959066578e-02
100	1.84983029322841e-02
101	1.93642825661840e-02
102	-2.11452064683580e-03
103	2.87556717033356e-02
104	1.71890882027329e-02
105	8.76829816629327e-03
106	1.09980601296936e-02
107	2.13366098872305e-04
108	7.58622131615650e-03
109	4.72500286107170e-03
110	1.89767002393546e-02
111	2.66686936767689e-02
112	1.96604110381901e-03
113	4.14418242791261e-03
114	2.54388148226223e-02
115	1.22308445376917e-02
116	9.94586936943886e-03
117	2.24220821458141e-02
118	2.16087364452557e-02
119	2.06375965259470e-02
120	6.68677688620873e-03
121	1.84845115294900e-02
122	7.98949349209147e-04
123	9.81727706119600e-04
124	1.73034710719252e-02
125	2.40598479866887e-02
126	5.84188149466447e-03
127	7.49764629449822e-03
128	1.64639092472418e-02
129	-1.14907024741797e-02
130	2.20404732575001e-02
131	4.91782104371395e-03
132	1.82016751892511e-02
133	3.10146621823603e-02
134	2.25178984309886e-02
135	1.77560296234056e-02
136	8.25615766801864e-03
137	1.81781828357604e-02
138	2.96815529461548e-02
139	1.79687101202736e-02
140	1.64159265361124e-02
141	1.65479621873820e-02
142	1.22034327545920e-02
143	1.22823967053304e-02
144	1.53639356835081e-02
145	1.90256000458625e-02
146	1.10441440931867e-02
147	-5.31704144772464e-03
148	1.13600103859643e-02
149	2.16633596270751e-02
150	4.82389202818975e-03
151	2.63567332853065e-02
152	6.72020132713986e-03
153	2.52799446836119e-03
154	2.49635729966548e-02
155	-3.69682563176500e-03
156	1.28551128622997e-03
157	1.31258464804148e-02
158	1.58425947374012e-02
159	-1.30414071728625e-02
160	-2.18816717212894e-02
161	1.22290028786437e-02
162	-1.12285703938604e-02
163	-2.12675273691172e-03
164	6.97691563576886e-03
165	7.79457010490251e-03
166	1.32582908669527e-02
167	2.13103076109108e-02
168	3.11984869965656e-03
169	1.04331262528291e-02
170	7.50162633485922e-03
171	7.13584170245083e-04
172	7.38785483117954e-04
173	-7.10796487750137e-03
174	1.90180725395326e-02
175	2.17929639294933e-02
176	4.27476582621918e-03
177	-2.25348385866757e-03
178	-8.78306285872669e-03
179	1.80962039283305e-02
180	-3.28898605755859e-03
181	1.04833227849079e-02
182	4.42830402413034e-03
183	-1.25752968266870e-02
184	-6.91119872626340e-05
185	1.64597566124575e-02
186	2.98614477215645e-04
187	1.23866762020174e-02
188	9.13252143418043e-03
189	-3.70046996573541e-03
190	-6.59034088264367e-04
191	2.59473741966719e-03
192	3.41419597844853e-03
193	2.22211426134975e-03
194	9.97750570676342e-03
195	8.62699881909506e-03
196	1.06653919503651e-02
197	-8.79807448263203e-03
198	-1.17399103717133e-02
199	1.44522957005050e-02
