0	1.00000000000259e+00
1	-5.89524278523747e-03
2	-1.25692094415780e-03
3	8.89850800241422e-03
4	4.14280189446530e-03
5	5.15845378765910e-03
6	-6.83234940460743e-03
7	-1.37854196057445e-02
8	1.47618109035519e-02
9	1.55098695903578e-02
10	4.92820792189453e-02
11	2.87108457996932e-02
12	5.20625874179685e-02
13	3.75244917307769e-02
14	6.08140237198452e-02
15	6.01439678022699e-02
16	9.67759667332604e-03
17	3.72458596226480e-02
18	2.61531007917730e-02
19	4.68220153300728e-03
20	2.09063525553258e-02
21	3.71622488441663e-02
22	2.10372572729061e-02
23	3.63235149136378e-02
24	2.92170819061527e-02
25	1.55570440130741e-02
26	1.38352996842474e-02
27	2.73555036638385e-02
28	2.75111155219988e-02
29	2.27789774550715e-02
30	4.73259586585824e-02
31	7.16368849328467e-02
32	5.78014851188528e-02
33	5.35163083145880e-02
34	3.70873723331647e-02
35	4.85900828078035e-02
36	5.03800166493093e-02
37	5.65400302741809e-02
38	5.70608994594999e-02
39	6.32777835371800e-02
40	5.24989425277696e-02
41	6.34017963393860e-02
42	4.09639824905778e-02
43	4.40630510663686e-02
44	1.90746747173196e-02
45	3.03216212994175e-03
46	5.72897153867938e-03
47	-1.12421163903745e-02
48	-2.35293855513923e-02
49	-1.93496126481041e-03
50	-1.21720495400090e-02
51	-1.97476699250297e-02
52	5.54150300560122e-03
53	-4.67899062532791e-04
54	-1.12028662732006e-02
55	-1.27627337856650e-02
56	-2.26911576213854e-02
57	-1.68876714650720e-02
58	-2.56883325388213e-02
59	-4.92504731611101e-02
60	-4.25052785798789e-02
61	-2.75636345583861e-02
62	-3.68506153869967e-02
63	-2.44804240953074e-02
64	-2.33849862354027e-02
65	-4.37677503370131e-02
66	-3.90310763542320e-02
67	-7.51822958547635e-02
68	-6.74158984171183e-02
69	-7.32603664554757e-02
70	-5.90940968570459e-02
71	-7.67134112273524e-02
72	-7.69131905099317e-02
73	-7.47477487559896e-02
74	-7.18345999687146e-02
75	-5.16576528925756e-02
76	-5.45524015553854e-02
77	-5.83054749504205e-02
78	-4.78527226738192e-02
79	-5.13049674749734e-02
80	-2.96110995511144e-02
81	-1.45192269185218e-02
82	-3.62005799943977e-02
83	-3.40312487150374e-02
84	-3.85820758526858e-02
85	-2.51207377946123e-02
86	-1.75704999428488e-02
87	-1.11922326127648e-02
88	-4.16643211312193e-02
89	-1.79977476390568e-02
90	-1.06999360414779e-02
91	-1.14133024340694e-02
92	2.65934802993310e-03
93	-8.19711871438802e-03
94	1.65784435542139e-02
95	2.36590988275697e-02
96	1.00169013099971e-02
97	5.50573429977448e-03
98	7.25230767392238e-03
99	9.75979100730607e-03
100	1.28550095718081e-02
101	-3.88330889029729e-03
102	-1.87917424414604e-02
103	-1.74513636048777e-02
104	-2.37354341466544e-02
105	-1.90066818220155e-02
106	1.86205407749969e-03
107	6.43408768985592e-05
108	1.84406448758552e-02
109	1.37935772140624e-02
110	1.13174099679075e-02
111	-4.41528442906909e-03
112	1.08414619647980e-02
113	-1.71120434723681e-02
114	2.72115520770751e-03
115	1.83577782291967e-02
116	1.11083236287601e-02
117	2.67082152000445e-02
118	5.15998162216478e-02
119	1.12183071095581e-02
120	6.66713203826692e-03
121	1.80849917849849e-02
122	3.28068734433131e-02
123	1.73323054895473e-02
124	-4.48440164563688e-04
125	-8.51273419019071e-03
126	1.50629758286248e-02
127	1.26650988381028e-02
128	7.19853166391494e-03
129	1.25071482921387e-02
130	3.28683417150270e-02
131	3.15043182311984e-02
132	5.62563415413230e-02
133	4.83338089280985e-02
134	4.78299159701306e-02
135	5.39916381990075e-02
136	5.04897391410191e-02
137	6.24426922503597e-02
138	8.30557558413146e-02
139	7.38390832717514e-02
140	6.33431849879181e-02
141	9.73449405552925e-02
142	6.41374696288172e-02
143	6.01397442848009e-02
144	6.11639344368462e-02
145	6.73957491849815e-02
146	6.54658012953981e-02
147	5.43329142627832e-02
148	8.17756358860851e-02
149	8.89939823160408e-02
150	9.36560452324155e-02
151	9.71817632723096e-02
152	1.04314834527732e-01
153	1.05835017143261e-01
154	9.86686856246285e-02
155	8.00817344188388e-02
156	7.95457994161424e-02
157	8.08258340406434e-02
158	8.24790994949309e-02
159	7.25109206243069e-02
160	9.97194144284896e-02
161	8.95033848942695e-02
162	9.17861580655158e-02
163	9.14834112904281e-02
164	9.91110972137645e-02
165	8.91202815134239e-02
166	8.71961833883783e-02
167	8.81622691220253e-02
168	9.17901184904828e-02
169	9.06558565246246e-02
170	1.05484622037537e-01
171	1.09056954725284e-01
172	1.23962319571970e-01
173	1.03061590425888e-01
174	1.12438689474375e-01
175	1.17839160706047e-01
176	1.05986861067305e-01
177	8.65810111949493e-02
178	1.08122773060715e-01
179	9.72734539908164e-02
180	1.17836527061096e-01
181	9.96891070757956e-02
182	9.61484925511003e-02
183	9.54644436633545e-02
184	1.29710348054545e-01
185	1.26767335291912e-01
186	1.25372018329961e-01
187	1.32838340024872e-01
188	1.38571377190290e-01
189	1.26550804580438e-01
190	1.37096145072652e-01
191	1.43584306009224e-01
192	1.42798324220987e-01
193	1.49869455317297e-01
194	1.33036203221887e-01
195	1.23759100311667e-01
196	1.21458221600084e-01
197	1.42133213916078e-01
198	1.36071817064114e-01
199	1.39391705937280e-01
