0	1.00000000000005e+00
1	3.11829820812141e-01
2	1.63180058990183e-01
3	1.17647950337749e-01
4	6.37170248413043e-02
5	4.95350073892210e-02
6	3.10921917706503e-02
7	2.88462934559616e-02
8	2.93852651903932e-02
9	5.21493494789232e-03
10	-2.56698533949294e-02
11	1.54058721627395e-03
12	-4.73624738310347e-03
13	1.10344620076183e-02
14	1.19840435776295e-02
15	1.74927675106430e-03
16	1.31199761161304e-02
17	8.17049875078502e-03
18	2.44406660650686e-02
19	4.85612042496597e-03
20	7.50359262741401e-03
21	2.32324664578041e-03
22	1.29001426021190e-03
23	2.52776090909367e-04
24	1.33827746415448e-03
25	8.46197781483184e-03
26	-4.72422120739396e-04
27	4.47487282432621e-04
28	4.57821649235455e-03
29	6.95465125035811e-03
30	1.81425926360241e-02
31	-1.32632935263123e-02
32	-1.10678332924470e-02
33	-9.11756862465831e-03
34	-1.36134491172852e-02
35	-1.88123496459376e-03
36	-2.96697223464110e-03
37	2.61837125025195e-03
38	-4.71157445869084e-03
39	-4.34840867091911e-04
40	5.04724355440317e-04
41	1.02917324607388e-03
42	6.73189974483604e-03
43	9.17715570553586e-03
44	-2.64546041331673e-03
45	9.59723370033871e-03
46	-1.71949450836484e-03
47	-1.19049695911826e-02
48	3.41684828663725e-03
49	-9.09558697300291e-03
50	2.09230348720071e-04
51	-6.26570454135597e-04
52	-3.95638795474553e-03
53	-5.31057416430363e-03
54	-3.53986493924135e-03
55	-9.61041211610370e-03
56	-3.42485773727752e-03
57	5.61577022294753e-03
58	-3.25738879971434e-03
59	-5.86934072663180e-03
60	-4.05722477074773e-03
61	5.30795100752285e-03
62	1.72352828192642e-02
63	-2.19473619470331e-03
64	-3.24158897796149e-03
65	-1.80039731378487e-02
66	2.33662451579376e-03
67	6.12706831163096e-03
68	1.97535591913399e-02
69	2.87859499891243e-03
70	-2.78923281004312e-03
71	4.94148141214425e-03
72	1.75883433569393e-02
73	1.02071755532051e-02
74	1.21997335916651e-02
75	1.51571505392468e-02
76	7.73652389821534e-03
77	-2.32394665972133e-03
78	-9.80568525568015e-03
79	-8.93470971397713e-03
80	7.64670201825223e-03
81	-3.88464443454467e-04
82	-9.13039955201129e-03
83	-4.47227857024255e-03
84	3.48396702632330e-03
85	-5.17959127321813e-03
86	4.50391317995870e-04
87	7.10973032856493e-03
88	-1.87962971842815e-02
89	-1.84068980223078e-02
90	-8.32646282663852e-03
91	-1.05007340045730e-02
92	-7.48936395490807e-03
93	-2.56436130199697e-02
94	-3.43571080206812e-02
95	-3.29075598944773e-02
96	-2.07742802732084e-02
97	-3.51031531418332e-02
98	-3.07244065603373e-02
99	-2.23083579982293e-02
100	-3.58684122326094e-02
101	-4.24161406674638e-02
102	-3.76607802132467e-02
103	-2.46179265757613e-02
104	-1.65155159551290e-04
105	-1.04359569733486e-02
106	-2.01784514366777e-02
107	-1.51700446985579e-02
108	-5.09515611727017e-03
109	-6.18055602453115e-03
110	-1.71299772805792e-02
111	-1.24839170964691e-02
112	2.26371428181564e-03
113	-3.63166215833192e-03
114	7.67876984841232e-03
115	-5.81892807172027e-03
116	-1.34110847361268e-02
117	6.72138142194132e-04
118	1.57945056573347e-03
119	-2.57994620452252e-03
120	-1.57811881129409e-02
121	-2.16863139097505e-02
122	-2.04883467160507e-02
123	-2.01110273472309e-02
124	-2.03418586540748e-02
125	-1.09859217434598e-02
126	-3.98997566495370e-03
127	1.12549984163187e-02
128	7.29906700542226e-03
129	5.42389708324656e-03
130	1.59915649526598e-03
131	3.17858477911393e-03
132	-1.01718240283878e-02
133	-1.57329802983074e-02
134	-7.70542811500060e-03
135	-6.12209838494942e-03
136	-6.98361305803684e-03
137	6.32282260011219e-03
138	1.40588718793751e-02
139	4.23241489868952e-03
140	-4.15566763410201e-03
141	-2.38869657107296e-02
142	-1.83140350763787e-02
143	-1.29974010326950e-02
144	-1.98379162405972e-02
145	-2.76127070173812e-02
146	-2.85534545886836e-02
147	-1.10730456326978e-02
148	1.88095875332340e-02
149	4.91417790105051e-04
150	-7.96897379819982e-03
151	-3.55009606470627e-03
152	-4.52531555008192e-03
153	-1.88666907027404e-02
154	-1.03254778465861e-02
155	-2.59888851469571e-04
156	-4.57655670414596e-03
157	-1.15392183707733e-02
158	-2.58454524985688e-02
159	-2.64964645076151e-02
160	-2.68633027687572e-02
161	-3.70691973797948e-02
162	-1.84797695657264e-02
163	2.49732848778608e-03
164	-6.37537155710534e-04
165	9.61738097654887e-04
166	-4.81018791765841e-03
167	-1.03105059597085e-02
168	-5.05630555632726e-03
169	-4.51619269287139e-03
170	7.08676951314427e-04
171	6.51760837816068e-03
172	-1.98492492143623e-04
173	-3.69669949884581e-03
174	-8.72658908214500e-03
175	-2.86563124853106e-02
176	4.04888195792515e-03
177	-4.37345327127222e-03
178	-1.55160014518069e-02
179	-2.72706317835983e-02
180	-2.37382519082401e-02
181	-2.67200709116729e-02
182	-1.69032355286569e-02
183	-1.06777008170947e-02
184	-4.50058027487604e-03
185	-8.10613822525610e-03
186	-2.32113274613921e-02
187	-1.68179713709493e-02
188	-8.54489443851710e-04
189	1.98049454718479e-02
190	1.54595624855370e-02
191	9.18728323954428e-03
192	1.22363944741158e-02
193	1.95778652783182e-02
194	2.10197644915571e-02
195	7.82969271945577e-03
196	1.40477707685372e-02
197	2.26500852112104e-02
198	1.23147484004054e-02
199	1.37427250415091e-02
