0	1.00000000000001e+00
1	8.98787800212531e-01
2	8.17377654754849e-01
3	7.49555404106170e-01
4	6.91962757430319e-01
5	6.43225312439390e-01
6	6.00809442703920e-01
7	5.62491577752431e-01
8	5.26567618695439e-01
9	4.87397366932497e-01
10	4.51289895123367e-01
11	4.19944004324697e-01
12	3.90853939620695e-01
13	3.64107479091059e-01
14	3.41976982162647e-01
15	3.21041015046081e-01
16	2.97750167518900e-01
17	2.76628977409015e-01
18	2.61184687482006e-01
19	2.47769605061112e-01
20	2.35171579343538e-01
21	2.21940718503006e-01
22	2.02155032721016e-01
23	1.88476146435314e-01
24	1.76312443571089e-01
25	1.62077606114322e-01
26	1.51228756397388e-01
27	1.38477734229732e-01
28	1.30209435379361e-01
29	1.21964260241147e-01
30	1.15284425228805e-01
31	1.08728854056799e-01
32	9.98482635857867e-02
33	9.13081399358116e-02
34	8.32568771491778e-02
35	7.45644361304663e-02
36	6.65652486624742e-02
37	5.71240073571692e-02
38	5.17330969533326e-02
39	4.49881710425901e-02
40	3.93435692761694e-02
41	3.26936364323107e-02
42	2.94848813742743e-02
43	2.54001738718595e-02
44	2.24623614911226e-02
45	2.09230080424447e-02
46	1.63758510665886e-02
47	1.06698672614599e-02
48	8.12931725916748e-03
49	5.64980183161322e-03
50	1.56159015797575e-03
51	-1.92132649604336e-03
52	-5.01792094108334e-03
53	-6.93753384307089e-03
54	-7.96866063378909e-03
55	-9.45768385354642e-03
56	-1.15586326478170e-02
57	-1.32439833221654e-02
58	-1.70336314957835e-02
59	-1.74355313026574e-02
60	-1.75603056845830e-02
61	-1.90654576989085e-02
62	-2.16645567377058e-02
63	-2.17514406789554e-02
64	-2.14353601609658e-02
65	-1.96257321144689e-02
66	-1.86979357497106e-02
67	-1.85721015294147e-02
68	-1.68113707881033e-02
69	-1.58319070987207e-02
70	-1.33971903740405e-02
71	-8.49020547693960e-03
72	-3.62356420983393e-03
73	-6.58185462838639e-04
74	1.34927085219217e-03
75	-9.52120721244913e-04
76	2.26357125211256e-04
77	1.10054516296057e-03
78	1.75894317804006e-03
79	2.02480747221310e-03
80	2.14724040823318e-03
81	2.70476114144326e-03
82	5.30875058270847e-03
83	5.19474509979767e-03
84	5.54200273762734e-03
85	4.34288677280551e-03
86	3.37995536852631e-03
87	3.42012182536164e-03
88	2.52729407081551e-03
89	7.83346962178852e-04
90	2.51478795505717e-04
91	-2.42769530328515e-03
92	-5.32538245201154e-03
93	-1.00218575154542e-02
94	-1.38523909893467e-02
95	-1.74980347520166e-02
96	-1.85855479882557e-02
97	-1.74691893627932e-02
98	-1.70056776307218e-02
99	-1.41514076956845e-02
100	-1.15158025236031e-02
101	-9.91776968125879e-03
102	-8.71558699658035e-03
103	-1.12738541672021e-02
104	-9.02099263747887e-03
105	-8.42302427992244e-03
106	-8.27100322186412e-03
107	-9.52166271383602e-03
108	-1.03902836264880e-02
109	-1.04364694523309e-02
110	-1.30863620568079e-02
111	-1.31219325040361e-02
112	-1.42552626878164e-02
113	-1.43498610231714e-02
114	-1.56716506180473e-02
115	-1.68468927497272e-02
116	-1.92747710082744e-02
117	-1.91338961920521e-02
118	-1.95855152779190e-02
119	-1.71699157148769e-02
120	-1.35710066866779e-02
121	-9.26525542887033e-03
122	-5.46923236799975e-03
123	-2.09291605012570e-03
124	1.07141816049988e-03
125	3.91015882395535e-03
126	6.08270655716954e-03
127	4.36005419456823e-03
128	2.80773062528410e-03
129	3.54438970087298e-03
130	1.62372117688450e-03
131	1.68867543130131e-03
132	3.08788615820090e-03
133	1.98213358454378e-03
134	5.47615718989803e-03
135	9.23494550365341e-03
136	1.06904102528366e-02
137	1.41720092805954e-02
138	1.47392149050244e-02
139	1.74928424059720e-02
140	1.94470680046914e-02
141	1.88323942199117e-02
142	2.00510626468180e-02
143	2.32829505493085e-02
144	2.60200833259375e-02
145	2.95087821234772e-02
146	3.04670943252495e-02
147	3.11035126671725e-02
148	2.81646832776680e-02
149	2.63107373134912e-02
150	2.80153686839228e-02
151	3.02737305754355e-02
152	3.03508379858340e-02
153	2.70620206806761e-02
154	2.20546699045206e-02
155	1.77943184707651e-02
156	1.28220085251943e-02
157	1.17200544333568e-02
158	1.01489540017112e-02
159	9.28123270880448e-03
160	1.04855075090010e-02
161	1.21322244969633e-02
162	7.51453330387551e-03
163	3.39566127110630e-03
164	-2.46275442384673e-03
165	-6.19175234030316e-03
166	-1.09665381924872e-02
167	-1.49523468955293e-02
168	-1.95100099814449e-02
169	-2.45779829342017e-02
170	-2.44618407466051e-02
171	-2.65492153017105e-02
172	-2.88680600775375e-02
173	-2.94881176628476e-02
174	-2.73555827617867e-02
175	-2.76143299903193e-02
176	-3.03733215438752e-02
177	-3.36158012228152e-02
178	-4.00203768718095e-02
179	-4.46065771961936e-02
180	-4.71648498921319e-02
181	-5.00528407095497e-02
182	-5.38688465427372e-02
183	-5.67529949275975e-02
184	-6.08488286732701e-02
185	-6.27698995778331e-02
186	-6.20750974718796e-02
187	-5.94224599471235e-02
188	-5.86908095549897e-02
189	-6.00402998831508e-02
190	-5.93517804478041e-02
191	-5.97424159847919e-02
192	-6.04273615587602e-02
193	-6.02263510408911e-02
194	-5.95140800370653e-02
195	-5.75562849421614e-02
196	-5.66877474825704e-02
197	-5.47532908110418e-02
198	-5.35835185075492e-02
199	-5.41225729105569e-02
