0	1.00000000003067e+00
1	8.19538387210014e-01
2	6.71400917832017e-01
3	5.55785869110740e-01
4	4.58714443336113e-01
5	3.75720370493215e-01
6	3.09535397677420e-01
7	2.52252579874422e-01
8	2.03521668672428e-01
9	1.68042515646616e-01
10	1.37612039119021e-01
11	1.11518282164452e-01
12	9.22213721292963e-02
13	7.12429320818686e-02
14	4.66806947749905e-02
15	3.32080001829437e-02
16	1.75527834154382e-02
17	5.58851792402620e-03
18	-2.79456926478999e-03
19	-1.78589775078844e-02
20	-3.31087791427335e-02
21	-4.86269646485041e-02
22	-5.87798537982264e-02
23	-6.44362256654527e-02
24	-7.45217934742183e-02
25	-9.03976144524197e-02
26	-1.03684690628462e-01
27	-1.11320675856537e-01
28	-1.12305406763267e-01
29	-1.13196504199618e-01
30	-1.15674784767525e-01
31	-1.16616337150156e-01
32	-1.11672135879077e-01
33	-1.18984036337791e-01
34	-1.23051613348246e-01
35	-1.29353678901613e-01
36	-1.35648111138381e-01
37	-1.42209108912075e-01
38	-1.50157498237848e-01
39	-1.55783346633719e-01
40	-1.59826456903011e-01
41	-1.55535083962653e-01
42	-1.50092576803378e-01
43	-1.49017228700267e-01
44	-1.48763437526943e-01
45	-1.46380289601278e-01
46	-1.40089844679769e-01
47	-1.31479124354576e-01
48	-1.31654532580764e-01
49	-1.38795695993622e-01
50	-1.46168725774326e-01
51	-1.49741848848693e-01
52	-1.43520552306309e-01
53	-1.32343349457909e-01
54	-1.32162268110095e-01
55	-1.33661669686558e-01
56	-1.37960630343206e-01
57	-1.39879700297459e-01
58	-1.41398459360645e-01
59	-1.38822293841803e-01
60	-1.33573431167524e-01
61	-1.31058830740001e-01
62	-1.28463030636108e-01
63	-1.28518625957608e-01
64	-1.37532414895215e-01
65	-1.49805375518220e-01
66	-1.52633880094059e-01
67	-1.53328266235937e-01
68	-1.56202996091190e-01
69	-1.46803882306790e-01
70	-1.38513213362313e-01
71	-1.32648835381144e-01
72	-1.29026765593911e-01
73	-1.27778187564352e-01
74	-1.29033457802930e-01
75	-1.37428974033499e-01
76	-1.45904082724880e-01
77	-1.60816168674140e-01
78	-1.73797732373673e-01
79	-1.89197159398564e-01
80	-1.95135669972442e-01
81	-1.91373995057123e-01
82	-1.86971462219535e-01
83	-1.86047750246467e-01
84	-1.79988011472965e-01
85	-1.82769965455789e-01
86	-1.89416223601280e-01
87	-1.89722208761802e-01
88	-1.83319444903897e-01
89	-1.79213304342050e-01
90	-1.76121460709172e-01
91	-1.69701336633976e-01
92	-1.64711262869330e-01
93	-1.57633160969528e-01
94	-1.48036352273925e-01
95	-1.49400858887580e-01
96	-1.51915156919468e-01
97	-1.57578141180341e-01
98	-1.70364126595426e-01
99	-1.76521916545583e-01
100	-1.80977794790354e-01
101	-1.78417236156226e-01
102	-1.68295041230316e-01
103	-1.60076213547787e-01
104	-1.55363090164307e-01
105	-1.54364747616658e-01
106	-1.58852466319012e-01
107	-1.62848922900717e-01
108	-1.67598228326578e-01
109	-1.67233869348231e-01
110	-1.68245022702376e-01
111	-1.64994772056805e-01
112	-1.62910148707977e-01
113	-1.74376286553910e-01
114	-1.78062389032460e-01
115	-1.79443832064978e-01
116	-1.85393238554833e-01
117	-1.90942741664871e-01
118	-1.93991723970016e-01
119	-1.93474634721036e-01
120	-1.94470849874474e-01
121	-2.07853717427827e-01
122	-2.12025017752395e-01
123	-2.05477891544488e-01
124	-2.01557512255178e-01
125	-1.99517372712248e-01
126	-1.93362110937778e-01
127	-1.88130681269612e-01
128	-1.83971407069129e-01
129	-1.87984865640608e-01
130	-1.88151179430349e-01
131	-1.90042310885518e-01
132	-1.85679023061364e-01
133	-1.83240165846757e-01
134	-1.77573818191940e-01
135	-1.65367245749487e-01
136	-1.55843399278375e-01
137	-1.48258610351140e-01
138	-1.43582223291360e-01
139	-1.45825348652072e-01
140	-1.48517247998862e-01
141	-1.49855660637263e-01
142	-1.44794636476975e-01
143	-1.33814541626992e-01
144	-1.23830805936799e-01
145	-1.14521945904746e-01
146	-1.12211750641213e-01
147	-1.07574494587756e-01
148	-1.00722486109084e-01
149	-9.49236336021696e-02
150	-9.62584461840624e-02
151	-9.68317563198737e-02
152	-9.64355887147063e-02
153	-8.73449246305195e-02
154	-7.31607283779302e-02
155	-6.02081240334022e-02
156	-5.10961683743463e-02
157	-4.45028980608387e-02
158	-3.79999066689816e-02
159	-3.88129291110152e-02
160	-4.38855465365102e-02
161	-4.88173269840762e-02
162	-4.97848783712369e-02
163	-4.94793745234218e-02
164	-5.11201522761369e-02
165	-5.00591031073547e-02
166	-5.29296954988950e-02
167	-5.68056976095290e-02
168	-6.11683971922047e-02
169	-6.73405111336019e-02
170	-7.08392623419580e-02
171	-7.09927089882901e-02
172	-7.48740828386512e-02
173	-8.61984692818195e-02
174	-9.87484727939987e-02
175	-1.03003336438504e-01
176	-1.09408360241938e-01
177	-1.13366993444485e-01
178	-1.12266093006591e-01
179	-1.10389488938339e-01
180	-1.08336481954306e-01
181	-1.09192101358783e-01
182	-1.15652726438498e-01
183	-1.20311326202793e-01
184	-1.13337261078807e-01
185	-1.06040321502043e-01
186	-1.05967875658733e-01
187	-1.06228018918297e-01
188	-1.08790407324925e-01
189	-1.13122963044411e-01
190	-1.13581320890634e-01
191	-1.11457398530399e-01
192	-1.18240156096786e-01
193	-1.25453718787390e-01
194	-1.32183201728144e-01
195	-1.26779604854546e-01
196	-1.18578247040658e-01
197	-1.14145745944864e-01
198	-1.06722431600652e-01
199	-9.37789939882967e-02
