0	1.00000000000001e+00
1	5.24987676944972e-01
2	3.55114254350155e-01
3	2.48689746533801e-01
4	1.85095849443739e-01
5	1.46514217811085e-01
6	1.20879555157839e-01
7	9.40018817111824e-02
8	8.20879113517533e-02
9	5.85320821505900e-02
10	4.62406415598928e-02
11	3.37645729260514e-02
12	2.74193564019582e-02
13	2.88844526975710e-02
14	2.51516157618298e-02
15	2.77382259013567e-02
16	3.59125413964922e-02
17	3.18633766048875e-02
18	1.96230978934745e-02
19	1.39345823158924e-02
20	1.19538657764839e-02
21	1.09860150234210e-02
22	-4.66895138714978e-03
23	-7.29033059200585e-03
24	-8.46595476087495e-03
25	-3.22006096095211e-04
26	-9.89001833904780e-03
27	-9.19056311312124e-03
28	-6.19062299517161e-04
29	4.62283679583213e-03
30	-3.27733067751020e-03
31	1.09978160594943e-03
32	-2.22641320740866e-03
33	-1.16091417062946e-02
34	-2.80932207567880e-03
35	-7.90156152698859e-04
36	-1.77888556077898e-02
37	-3.05073061298445e-03
38	-6.88049927704147e-03
39	-4.05306198098847e-03
40	-1.77722694668566e-02
41	-1.43333598264236e-02
42	-1.70235684040847e-03
43	-3.40750984680746e-03
44	3.30461702558362e-03
45	6.78404431220189e-03
46	1.00060071778543e-02
47	-5.74412015895939e-04
48	2.13368645062910e-03
49	-5.27093272428559e-03
50	-2.88500208327796e-03
51	-4.42195111686575e-03
52	-4.71887745466542e-03
53	-2.67530377548925e-03
54	-6.52825180090403e-03
55	-1.44490785312725e-02
56	-1.51047352701008e-02
57	-4.30588445402776e-03
58	5.61715795649976e-03
59	1.55664504419097e-02
60	1.23770961912349e-02
61	5.33477063458179e-03
62	2.74015636352572e-03
63	-1.16903707588385e-02
64	-2.31593746183818e-02
65	-2.97605021961107e-02
66	-3.34055208198224e-02
67	-3.24138255877911e-02
68	-3.38315924192954e-02
69	-2.58749217405370e-02
70	-1.79756312190271e-02
71	-1.74660798641582e-02
72	-1.15609130963998e-02
73	-1.31781704150622e-02
74	-4.68899354854058e-03
75	-4.73612941836031e-03
76	3.21014757114672e-03
77	2.55107560208561e-03
78	3.83385337918967e-03
79	-4.05086166746528e-03
80	1.15624096285788e-02
81	9.01344203308086e-03
82	1.54324128356032e-02
83	1.28505027654691e-02
84	2.20938117805029e-02
85	1.71202795480068e-02
86	3.14686734431674e-02
87	3.20818917952279e-02
88	3.82404693538513e-02
89	5.02440004858211e-02
90	5.29093862318440e-02
91	4.15273096405673e-02
92	2.83371481343986e-02
93	3.33764710506273e-02
94	2.02015763193873e-02
95	3.25337061001225e-02
96	3.47057953825775e-02
97	2.78937991543821e-02
98	6.79864910178526e-03
99	7.26802827060695e-03
100	1.17209490657219e-02
101	3.17881338958996e-02
102	3.31406513774473e-02
103	3.46950218325672e-02
104	2.15177664430600e-02
105	1.23794079751741e-02
106	2.33695669648894e-02
107	1.47097614536739e-02
108	2.93162274053536e-02
109	3.34183715678751e-02
110	2.59314375725966e-02
111	2.64187352335359e-02
112	2.62020261717694e-02
113	1.89638176510152e-02
114	2.34350514163352e-02
115	1.04114429377560e-02
116	2.07428173784877e-02
117	2.39027929088837e-02
118	2.46563511134717e-02
119	1.87137572245958e-02
120	4.51282581335458e-03
121	9.72954756471803e-03
122	1.40902506372277e-02
123	5.01901575175133e-03
124	5.37190673461396e-03
125	1.23799742761742e-02
126	4.36262477776321e-03
127	-2.87426645611718e-03
128	4.37929189216113e-03
129	1.10653768386589e-02
130	1.30203724695729e-02
131	1.88290101616757e-02
132	2.49415369689015e-02
133	2.15841098463274e-02
134	3.01945076503167e-02
135	2.31079878220284e-02
136	1.23814204977026e-02
137	4.26826810730912e-03
138	-2.73003542152855e-03
139	8.54480231943396e-03
140	-4.54017844570040e-03
141	-6.89049564211969e-03
142	-2.22934096560187e-02
143	-1.74485859041883e-02
144	-1.70454083239587e-02
145	-1.17778021240879e-02
146	-1.48039707649447e-03
147	3.86810469866593e-04
148	2.78533351123332e-03
149	5.58592697881189e-03
150	1.55600982707652e-02
151	2.74788835995296e-02
152	2.21083674562918e-02
153	1.55586958475918e-02
154	2.65670458585931e-02
155	3.02180331134293e-02
156	2.36126957582919e-02
157	7.42917695679974e-03
158	5.25616190650633e-03
159	4.23667270740449e-03
160	8.80196416498279e-03
161	1.48996579265476e-02
162	1.75917662778922e-02
163	1.39090920941754e-02
164	7.05901679949066e-03
165	-5.39907567018699e-03
166	-2.58550791690286e-03
167	-1.61901761643650e-03
168	-3.69099504046603e-03
169	7.82415235833822e-03
170	1.18966154731296e-02
171	7.65475238029635e-03
172	1.35755849027657e-02
173	9.78981679157661e-03
174	1.07814773396490e-02
175	2.25967354180125e-02
176	2.64421405643037e-02
177	2.63142990612893e-02
178	1.98864007257162e-02
179	2.57398825805884e-02
180	4.06476212056688e-02
181	3.16096441038372e-02
182	2.68203327143887e-02
183	1.72124424510034e-02
184	1.46321711358737e-02
185	1.49543971235209e-02
186	7.48055230350366e-03
187	-5.82068878419648e-03
188	4.67352147101504e-03
189	8.80581091382065e-03
190	1.71055590777789e-02
191	2.39817467838116e-02
192	2.86123808740948e-02
193	1.90518588324906e-02
194	4.49913364413424e-03
195	9.73767604302920e-03
196	-2.92245935484261e-03
197	-7.90153588948623e-03
198	-8.77468950896027e-04
199	-7.65164366145577e-04
