0	1.00000000000156e+00
1	-4.00875816341180e-04
2	-9.20827237446646e-03
3	2.57026843413253e-03
4	5.70687222949174e-03
5	7.73360152382336e-03
6	8.44352986109777e-03
7	-3.53929556051985e-03
8	-1.32011031822384e-02
9	7.89905708249491e-03
10	2.01878396574627e-02
11	6.49314317758607e-03
12	1.62291573309130e-03
13	6.71608814620077e-03
14	4.65759728106244e-03
15	1.93737102337853e-03
16	9.19042010312336e-03
17	9.43052625037313e-04
18	2.86309026631175e-03
19	2.74182159927912e-03
20	6.26712637734015e-04
21	1.04967050489348e-02
22	-1.84145268577867e-03
23	-3.72126992627602e-03
24	1.14920273363521e-02
25	-3.18464628407467e-03
26	-7.88615292183479e-03
27	3.05830156500768e-03
28	2.56577813067536e-03
29	-8.93191800245248e-03
30	-3.26773296344111e-03
31	8.06739948538741e-03
32	1.09151017787407e-02
33	3.07950851224859e-03
34	8.57555759739506e-03
35	5.08237555032181e-03
36	9.73848257049840e-03
37	6.07422612172153e-03
38	1.09322475109122e-03
39	-6.77753126514644e-03
40	-1.34214156718967e-02
41	-2.77839005089034e-03
42	1.04485325804647e-02
43	-2.11973033358830e-03
44	-6.66513918857107e-04
45	7.71401145169381e-03
46	-6.05795235054281e-03
47	1.17521892592219e-02
48	5.68412151728859e-03
49	1.29832199598308e-03
50	1.32409627844625e-03
51	2.43314836779201e-03
52	-8.02094753932927e-03
53	8.49828867466476e-03
54	-3.77766481992652e-03
55	-7.58015830863014e-03
56	1.17787680984894e-02
57	-4.15269166161925e-03
58	1.33765988049189e-03
59	-3.69126006432210e-03
60	-1.02366647638294e-02
61	1.60661486896056e-02
62	5.78706653508761e-03
63	1.04980270234003e-02
64	-6.71982569858064e-03
65	-1.23175212454267e-02
66	7.89916357694711e-04
67	5.24484856932668e-03
68	1.74321183795602e-03
69	-7.61996432928964e-03
70	-4.98961864595910e-03
71	6.50763154447831e-03
72	3.69999366886438e-03
73	-3.99544868831382e-03
74	-1.11536109101537e-02
75	-7.92155265970194e-03
76	-5.08608856818730e-03
77	7.13543428860521e-03
78	5.25476546614190e-03
79	6.71737321926702e-04
80	4.12687917347524e-03
81	-1.26921819818310e-03
82	1.64527205314160e-02
83	-6.62824725451405e-03
84	-6.31449696266769e-03
85	-8.44371566924259e-03
86	-9.67425918062690e-03
87	-8.70578991179342e-03
88	1.23640981695557e-02
89	-1.20661226868662e-02
90	7.24435678846396e-03
91	7.24595850406575e-03
92	3.60449527286338e-03
93	8.82992330526690e-03
94	5.61924370356658e-03
95	-4.24923484458484e-03
96	-7.02781102924712e-03
97	-4.27078235627461e-03
98	-3.55674920542717e-03
99	-5.72356528046335e-03
100	9.37267042038501e-04
101	2.05188527870476e-03
102	-8.22913608854281e-04
103	-1.16637291287415e-02
104	-2.67915523199881e-03
105	3.90612346192370e-03
106	5.83179956339507e-03
107	-1.83880440877435e-03
108	-9.63255481568505e-03
109	-2.07289127376650e-02
110	7.26223680140265e-03
111	2.55418693407497e-03
112	-1.47881128029050e-03
113	-1.17654706355416e-02
114	-1.34488406196639e-02
115	1.03055886160546e-02
116	-1.71054786836622e-03
117	2.15944001609980e-03
118	-1.15247762629024e-02
119	2.71637775496471e-03
120	2.00882122487886e-03
121	2.17610480518817e-03
122	5.30475518059557e-03
123	5.65538913087229e-03
124	2.66399935886270e-03
125	6.79295205037274e-03
126	-5.79145733014580e-03
127	-5.71372198742288e-03
128	-1.21779822176845e-02
129	-3.48871599653576e-03
130	8.85857582906354e-03
131	-1.09619760274745e-02
132	-2.02264352295951e-04
133	4.22920204454383e-03
134	4.94614948874009e-03
135	3.91772330138466e-03
136	-1.05303955728012e-02
137	5.92412709148709e-03
138	5.61532411789233e-03
139	6.00537007838641e-04
140	3.09981828345368e-03
141	-7.03534532115982e-03
142	-7.23654546854923e-03
143	3.57278258938734e-03
144	4.39395794200206e-03
145	1.02484842635536e-02
146	-1.40766372125751e-02
147	-3.22159060665741e-03
148	1.55526394187974e-03
149	-1.45825400186108e-05
150	5.42165507109354e-03
151	-6.95457702642314e-03
152	-6.05027397455477e-04
153	-2.92098442856423e-04
154	5.17866643873130e-03
155	-6.94379511126851e-03
156	1.10456842262123e-03
157	5.64297593922315e-03
158	3.99916037022005e-03
159	8.30502383091458e-03
160	3.35588170937459e-03
161	1.10806206971467e-02
162	-5.56318506988545e-03
163	1.86902045100905e-03
164	-1.54984499907797e-03
165	2.93639425260057e-04
166	1.24786042966559e-02
167	-1.08204976124097e-02
168	4.48956236892834e-03
169	-4.00629126307090e-03
170	3.80103989077807e-03
171	-5.25515857659067e-03
172	8.84499608300393e-03
173	3.80790539688728e-03
174	2.39265807603794e-03
175	1.97080215400815e-03
176	1.33763852000938e-02
177	-4.39860743173053e-04
178	1.51769675269491e-03
179	4.03541662259649e-03
180	-7.46267529405915e-03
181	-1.02809952562829e-02
182	6.33514181977002e-03
183	-2.12794843051603e-03
184	-6.19554552919883e-03
185	-4.76442223610813e-03
186	7.77063405701787e-03
187	4.28272328454136e-03
188	-1.59134438188070e-03
189	-1.05072165437249e-02
190	4.90717911956770e-03
191	1.19836020949693e-02
192	-3.46758228021244e-03
193	-1.74332424932147e-03
194	-5.68100241663028e-03
195	-3.65425985094025e-03
196	9.80622796018866e-03
197	-1.50025485584218e-02
198	1.06204983998484e-02
199	3.91059840266130e-03
