0	9.99999999999863e-01
1	-1.33659557301688e-02
2	1.49420899775235e-03
3	1.10956089550416e-03
4	1.39055458125939e-02
5	-2.62423640392253e-03
6	-3.08275180910587e-03
7	-1.50147881980370e-03
8	6.51004800255240e-03
9	-1.26786825979057e-03
10	-4.85530613345906e-03
11	5.35480111154185e-03
12	1.78809271092551e-04
13	1.50517893329911e-03
14	-4.66725060520540e-03
15	-5.26580450738831e-03
16	1.31285541641140e-03
17	-5.53109183666866e-03
18	-2.94920194248715e-03
19	2.38271217516872e-04
20	6.35940253834358e-03
21	6.10868271374948e-04
22	6.72783955843107e-03
23	1.54920932973978e-02
24	-6.88379600262487e-03
25	8.01666887572258e-03
26	4.59193570372681e-03
27	-2.36712479325813e-03
28	5.87451404998370e-03
29	-4.40794125217261e-03
30	-1.97353394390946e-03
31	9.68594902728966e-03
32	3.32445434087847e-03
33	1.08270689748151e-03
34	5.71141974395916e-03
35	7.48383576889153e-03
36	1.01389641674201e-02
37	1.50428030780902e-02
38	-5.46422951336125e-03
39	1.73111410446503e-02
40	3.38178514370317e-03
41	-1.61897910733202e-02
42	6.15704701206201e-03
43	6.56011883342399e-03
44	-4.75845249607684e-03
45	9.86603148537560e-03
46	4.81598445702107e-03
47	7.65785166189644e-03
48	-6.06619034541946e-03
49	2.54857494925098e-04
50	1.09296965646371e-03
51	9.85032072166133e-03
52	-7.71477186419248e-03
53	-3.60243395122504e-03
54	-2.68039292969531e-03
55	1.84607883976026e-03
56	1.85337837987143e-02
57	-1.18670043467711e-02
58	5.56354002160159e-03
59	7.72752158697365e-03
60	3.36560691286909e-03
61	7.25947786840782e-03
62	-5.32143265686641e-03
63	-2.96080659197138e-03
64	-4.57129918581562e-03
65	1.67746121701203e-02
66	1.11531505782324e-02
67	-1.11567111000416e-02
68	-6.72994307615055e-03
69	5.25713851217499e-03
70	1.17490278386512e-02
71	2.87942865735316e-04
72	-8.14552053566958e-03
73	6.01464673659501e-03
74	8.73104144468538e-03
75	-1.54084607892989e-02
76	-2.75611512262657e-03
77	1.07595139579537e-02
78	-6.70891167627142e-04
79	-4.08550159924627e-03
80	4.34056713034042e-03
81	8.22814222084117e-04
82	-3.23783653049981e-03
83	-9.18529092963568e-03
84	-7.04458605748907e-03
85	7.02241708124327e-03
86	-5.37418995893434e-03
87	3.64788401665580e-03
88	1.42772623418052e-03
89	-1.11425429288192e-02
90	-3.03968173392630e-04
91	-2.48385287634917e-03
92	3.10984788649635e-03
93	4.10206917379754e-03
94	2.61456409461327e-03
95	-5.85699462489797e-04
96	-2.77562849667641e-03
97	4.88513119111734e-03
98	-3.92736483677800e-04
99	-6.78549251142353e-03
100	-1.82082867859761e-03
101	1.10519617038118e-02
102	-1.30358807186216e-02
103	-8.83900044862659e-03
104	-3.18987557911233e-03
105	3.97136627568508e-03
106	-6.50889110652483e-03
107	1.10185735295785e-02
108	-7.71158386411760e-03
109	-1.30344293139909e-02
110	3.27519261168973e-03
111	6.64133167750224e-03
112	-5.55262320147803e-03
113	9.74356614289247e-03
114	9.57277325495754e-04
115	1.87914661999298e-03
116	9.55107113285661e-04
117	3.52207517961758e-03
118	-1.22792106298913e-03
119	-8.61127487072226e-04
120	-5.37782582346798e-03
121	4.09609120560578e-03
122	-4.17337848446118e-03
123	5.71706862119260e-03
124	8.91920370227384e-03
125	-2.91658960506730e-03
126	-7.53890787087581e-03
127	-5.87564927651120e-03
128	1.06008101480319e-02
129	4.02056959515251e-03
130	1.92395662120122e-03
131	-9.74647819997720e-03
132	1.29287174223334e-02
133	4.61923091911794e-03
134	-9.43824865983496e-04
135	6.84669315202374e-03
136	1.21120657781502e-02
137	-1.62183507762987e-03
138	1.48762632763449e-03
139	-3.88388205052352e-04
140	-3.25181332721857e-03
141	2.42889989317364e-03
142	-6.31454512118126e-03
143	-1.12361850975214e-03
144	9.66104793225835e-03
145	-7.73072954646976e-03
146	4.64275680290796e-03
147	8.16076825228854e-03
148	-9.11530537995073e-04
149	5.20938487023806e-03
150	-8.65480386388817e-04
151	-5.87209177785273e-04
152	-1.38245069015003e-03
153	-7.87595438621254e-04
154	-6.25652760658738e-03
155	1.09111172852746e-02
156	-6.09302356133775e-03
157	1.04832928502209e-02
158	-2.72037279469582e-03
159	2.91817037259319e-03
160	3.89179446550805e-03
161	7.62721952560810e-03
162	-9.60636561156975e-03
163	8.35755746499107e-03
164	5.30205888281602e-03
165	2.69796225101155e-03
166	-3.21272634943635e-03
167	1.61936273640599e-02
168	1.07752377239442e-02
169	1.03686107615116e-02
170	1.04164646556488e-02
171	-1.25676768980504e-02
172	9.89138866970789e-03
173	-5.72048362433883e-03
174	1.53607423662716e-03
175	1.06596730746620e-02
176	9.66442177419351e-03
177	7.03559131313605e-03
178	-1.27754161967228e-02
179	4.27830162065238e-03
180	4.15279215597473e-03
181	3.91133157827508e-03
182	1.54786234513122e-03
183	-2.49774916885489e-03
184	-2.38595063812966e-03
185	2.24813277096167e-02
186	-1.05571416047633e-02
187	6.48761592184121e-03
188	8.28349088268388e-03
189	7.87913310886465e-03
190	5.81570244696113e-03
191	2.63383129873071e-03
192	3.22395887105753e-03
193	-4.88534233828449e-03
194	4.01875238461831e-03
195	2.40157782353324e-03
196	-2.97204189284034e-03
197	1.29653937270192e-02
198	-3.08229930240071e-05
199	-4.53868100087428e-03
