0	1.00000000041584e+00
1	3.12642248135330e-01
2	2.41082439089367e-01
3	1.53735761246660e-01
4	1.14386246646796e-01
5	8.10368280725340e-02
6	6.33729690376978e-02
7	3.49294027191904e-02
8	5.62168940978069e-03
9	1.28557426779552e-02
10	7.30389664696143e-03
11	-8.63531503789088e-03
12	-7.92985989072981e-03
13	5.22376955625490e-03
14	1.84304209644270e-02
15	1.73514433487448e-02
16	1.68972496229398e-02
17	7.34469789174217e-03
18	4.19603052920333e-03
19	-3.10373637696603e-03
20	-1.53937521164780e-02
21	-2.40983401725604e-02
22	-2.84675866943145e-02
23	-4.26008278119684e-02
24	-5.06828259533125e-02
25	-6.47711334117224e-02
26	-7.23242407280446e-02
27	-8.54813555764695e-02
28	-8.85340991454160e-02
29	-9.01183499181725e-02
30	-1.18492170138864e-01
31	-1.23030412771463e-01
32	-1.20382551338906e-01
33	-1.36902238382122e-01
34	-1.40113337442048e-01
35	-1.23702273831720e-01
36	-9.85041187409700e-02
37	-7.43638214321264e-02
38	-7.34784669061052e-02
39	-7.66994767568328e-02
40	-8.16233908072342e-02
41	-8.19767313738363e-02
42	-6.44084357260305e-02
43	-7.76912141608160e-02
44	-8.17164261642421e-02
45	-7.44732298062035e-02
46	-9.08964325952081e-02
47	-8.74468714275607e-02
48	-9.10015953735159e-02
49	-9.34593224722621e-02
50	-9.28899922536665e-02
51	-9.60326969321305e-02
52	-7.86741596591798e-02
53	-1.03200190382346e-01
54	-1.05997959607704e-01
55	-8.97380117997860e-02
56	-8.79598764135163e-02
57	-1.04329010083233e-01
58	-8.14732578685264e-02
59	-8.22086021305266e-02
60	-9.16574424802694e-02
61	-7.22353679628693e-02
62	-4.37572754965883e-02
63	-2.99164248192918e-02
64	4.79781108869082e-03
65	-1.00017047151221e-02
66	-4.06417472348140e-03
67	-2.32230619893357e-03
68	-1.63064789148433e-02
69	-2.36864334179574e-02
70	-1.91707243135275e-02
71	-2.01871111699500e-02
72	-2.89161635606258e-02
73	-3.20779391474684e-02
74	-4.63551618780846e-02
75	-4.62950293808150e-02
76	-5.80906031468754e-02
77	-7.58421078334664e-02
78	-8.30006700699377e-02
79	-9.03990513915802e-02
80	-1.00618637947821e-01
81	-9.01046328176232e-02
82	-8.43214067748906e-02
83	-9.55456841975973e-02
84	-1.16761658094238e-01
85	-1.30912048613170e-01
86	-1.13160313966216e-01
87	-1.36719803503594e-01
88	-1.44582094206972e-01
89	-1.70300931665771e-01
90	-1.74394538977819e-01
91	-1.99574478183598e-01
92	-2.07768291194054e-01
93	-2.10331421168627e-01
94	-2.08616852003439e-01
95	-2.19075645648296e-01
96	-2.26687605370967e-01
97	-2.46544048616552e-01
98	-2.40689886452070e-01
99	-2.37857149516599e-01
100	-2.36356146117187e-01
101	-2.50063532233423e-01
102	-2.40837181248782e-01
103	-2.28913995098101e-01
104	-2.22580082293512e-01
105	-2.28207977481987e-01
106	-2.39055819335895e-01
107	-2.36359986522402e-01
108	-2.53157651683155e-01
109	-2.39790601424648e-01
110	-2.50294554761772e-01
111	-2.67860255824241e-01
112	-2.78628674110465e-01
113	-2.81586956910678e-01
114	-2.85326744046335e-01
115	-2.98448846979745e-01
116	-2.95842463618890e-01
117	-2.86092321455040e-01
118	-2.81044451816718e-01
119	-2.87469192862759e-01
120	-2.75668432682863e-01
121	-2.76748768967061e-01
122	-2.93733465096376e-01
123	-2.89687720487308e-01
124	-3.02742559130449e-01
125	-3.14448188879390e-01
126	-3.34970533011574e-01
127	-3.53059843699273e-01
128	-3.65445373914266e-01
129	-3.59601306734353e-01
130	-3.59482320361448e-01
131	-3.48635924861996e-01
132	-3.60974163532394e-01
133	-3.72300594975461e-01
134	-3.83612723180259e-01
135	-3.86006655311185e-01
136	-3.62649458608805e-01
137	-3.64893996193227e-01
138	-3.48052104722510e-01
139	-3.64684099505173e-01
140	-3.42360591324219e-01
141	-3.51205520472692e-01
142	-3.42041695974473e-01
143	-3.40305708771845e-01
144	-3.46296380836579e-01
145	-3.51882301288128e-01
146	-3.71770957296743e-01
147	-3.70839127419698e-01
148	-3.68826583972034e-01
149	-3.62137977338195e-01
150	-3.19407520007637e-01
151	-3.31953860143748e-01
152	-3.40865810771256e-01
153	-3.26114808555341e-01
154	-3.18520849074355e-01
155	-3.04870648188798e-01
156	-3.24969219065199e-01
157	-3.10434307090454e-01
158	-3.06413546290575e-01
159	-3.14956249495757e-01
160	-3.12279341709229e-01
161	-3.07804546522642e-01
162	-3.07642643026890e-01
163	-3.05268094756321e-01
164	-3.12540276392810e-01
165	-3.30666098857287e-01
166	-3.18852073713735e-01
167	-3.28357603149498e-01
168	-3.41446344442142e-01
169	-3.61836874010290e-01
170	-3.50095528998321e-01
171	-3.65170372452142e-01
172	-3.66840757670269e-01
173	-3.77438319959276e-01
174	-3.91453360196581e-01
175	-3.93583646572158e-01
176	-4.05750522492243e-01
177	-4.22082864342768e-01
178	-4.27864142640691e-01
179	-4.25751108328590e-01
180	-4.39202851692684e-01
181	-4.60174013762063e-01
182	-4.66723894311791e-01
183	-4.77530432079761e-01
184	-4.93762865005165e-01
185	-5.01096713955549e-01
186	-5.16496999818998e-01
187	-5.22160347302004e-01
188	-5.07972697434896e-01
189	-5.13988046739152e-01
190	-5.38319208016813e-01
191	-5.42115228140374e-01
192	-5.44170224342254e-01
193	-5.57593432291555e-01
194	-5.58085486759814e-01
195	-5.54790135472822e-01
196	-5.60629375727542e-01
197	-5.67139523616923e-01
198	-5.66300213016743e-01
199	-5.71560212671742e-01
