0	9.99999999998583e-01
1	8.62511539804246e-01
2	7.45876472326868e-01
3	6.50674512002459e-01
4	5.68210997494208e-01
5	4.93786796385081e-01
6	4.32514814137487e-01
7	3.77430684422214e-01
8	3.34499371499699e-01
9	2.95525823079335e-01
10	2.63461534164881e-01
11	2.33499786792062e-01
12	2.11201918792027e-01
13	1.86067965739404e-01
14	1.63307341904780e-01
15	1.45790295700212e-01
16	1.25796301465470e-01
17	1.12186983278568e-01
18	9.88008614494091e-02
19	8.29146399232883e-02
20	6.89857424411434e-02
21	5.61741328183249e-02
22	4.82218554187668e-02
23	4.25984981118658e-02
24	3.86421700819334e-02
25	3.28609700910229e-02
26	2.66800037182096e-02
27	1.90553431547241e-02
28	1.23344348751311e-02
29	1.17937538358300e-02
30	6.03422556313379e-03
31	-7.47720463343027e-04
32	-7.27115680689331e-03
33	-1.01689294147409e-02
34	-1.22546305452228e-02
35	-1.74642591897979e-02
36	-2.24237988383613e-02
37	-2.70982203901461e-02
38	-2.95317428535354e-02
39	-3.49505115683557e-02
40	-3.66640139345156e-02
41	-4.07379325137892e-02
42	-3.99404402566053e-02
43	-4.19819902985195e-02
44	-4.24192025260998e-02
45	-4.32571955706180e-02
46	-4.00842371223757e-02
47	-3.98061956149181e-02
48	-3.83485576402783e-02
49	-3.89576022706095e-02
50	-4.11363564691096e-02
51	-4.50255022067987e-02
52	-4.58498549682477e-02
53	-4.58678512406905e-02
54	-4.99595286545382e-02
55	-5.10202468430910e-02
56	-5.02104702478005e-02
57	-4.88104448950568e-02
58	-4.61846248395355e-02
59	-4.95522663262929e-02
60	-5.58486515347427e-02
61	-5.33553818482453e-02
62	-5.36836848438812e-02
63	-5.39488491453800e-02
64	-5.52102673886385e-02
65	-5.61711767739475e-02
66	-5.45705568890659e-02
67	-4.60936279694187e-02
68	-4.26548281702769e-02
69	-3.79622512164168e-02
70	-3.37323175437742e-02
71	-3.39246648599673e-02
72	-3.61272759418009e-02
73	-3.54794789321480e-02
74	-3.58699013642962e-02
75	-3.73621553956404e-02
76	-3.48475353712417e-02
77	-3.22944321550206e-02
78	-3.41461650312109e-02
79	-3.63520510175473e-02
80	-3.85412666157364e-02
81	-3.60876848095795e-02
82	-2.94351471950457e-02
83	-2.77648198697974e-02
84	-2.82108243123099e-02
85	-2.77913494776000e-02
86	-2.64021702095412e-02
87	-2.86739067880892e-02
88	-2.63976008132824e-02
89	-2.45885670235526e-02
90	-2.84606732305067e-02
91	-3.32652105907074e-02
92	-3.54930305335063e-02
93	-3.87648715182058e-02
94	-4.22741962571109e-02
95	-4.82124320646418e-02
96	-5.25293015245876e-02
97	-5.59106177950693e-02
98	-6.18262288467526e-02
99	-6.57731590116110e-02
100	-7.02334519023831e-02
101	-7.13063743641689e-02
102	-7.48788370267517e-02
103	-8.00417947059070e-02
104	-8.97104045526724e-02
105	-1.01815736216378e-01
106	-1.06932026324398e-01
107	-1.08338360312138e-01
108	-1.11186563475667e-01
109	-1.10685854161888e-01
110	-1.09740025758497e-01
111	-1.11336998504708e-01
112	-1.10224133504384e-01
113	-1.05059882051848e-01
114	-1.01468204915829e-01
115	-9.94879427796011e-02
116	-9.59964470080872e-02
117	-9.20751436072815e-02
118	-9.33485789667133e-02
119	-9.09873998839409e-02
120	-8.49858340868070e-02
121	-7.96075007556727e-02
122	-7.54566897880834e-02
123	-7.41364768888189e-02
124	-7.54427696944836e-02
125	-7.02768732579501e-02
126	-6.52374826781189e-02
127	-6.27078435379044e-02
128	-6.45412599255608e-02
129	-6.70566969670143e-02
130	-7.21510895161733e-02
131	-6.88359875505452e-02
132	-6.50247524708469e-02
133	-6.31214083528263e-02
134	-5.89874697742008e-02
135	-6.02717627352872e-02
136	-6.25245871301879e-02
137	-6.14574236427995e-02
138	-6.22546636247356e-02
139	-6.25074305417272e-02
140	-6.52981707746744e-02
141	-7.25255767606780e-02
142	-7.81069599653452e-02
143	-8.23396005759981e-02
144	-8.45805183619232e-02
145	-8.61908968017954e-02
146	-8.46041480647067e-02
147	-8.54071689611481e-02
148	-8.87601746932443e-02
149	-9.57430862585602e-02
150	-1.04754803382913e-01
151	-1.12536147490342e-01
152	-1.18679977501054e-01
153	-1.26474099645933e-01
154	-1.29092080121771e-01
155	-1.25115806949241e-01
156	-1.22988012431159e-01
157	-1.15955213077105e-01
158	-1.09982014618396e-01
159	-1.02626579365525e-01
160	-9.46068083894561e-02
161	-8.92245408214976e-02
162	-8.19179187352694e-02
163	-7.40220440354346e-02
164	-6.45495298449865e-02
165	-5.65197247147920e-02
166	-4.91940229514870e-02
167	-3.74185690506250e-02
168	-2.60443048653890e-02
169	-1.74192506784965e-02
170	-8.38804725219949e-03
171	-8.18164944900956e-03
172	-4.52779705399658e-03
173	-2.31797320093174e-03
174	3.46343669108837e-03
175	8.24261325028632e-03
176	9.40600864112246e-03
177	1.07169762050498e-02
178	1.10300480345409e-02
179	1.21833634205093e-02
180	1.75144426464018e-02
181	1.83458067999713e-02
182	2.15975880911307e-02
183	2.96945574534527e-02
184	4.77313821163729e-02
185	5.80181616983030e-02
186	5.95629855425166e-02
187	5.99114072772657e-02
188	5.98006588784815e-02
189	6.07914486327631e-02
190	6.45174897739624e-02
191	6.83122764754769e-02
192	7.36139428418534e-02
193	7.89645574810805e-02
194	8.25389347009503e-02
195	8.47707642135622e-02
196	8.58977851238878e-02
197	8.54219633327471e-02
198	8.37967268690095e-02
199	8.00039780257256e-02
