0	9.99999999999713e-01
1	8.85621050323576e-01
2	7.97980359179806e-01
3	7.25856184303219e-01
4	6.69667584366317e-01
5	6.15582604259476e-01
6	5.65528156073022e-01
7	5.22633185890872e-01
8	4.84655633321334e-01
9	4.48610687615384e-01
10	4.15822088284026e-01
11	3.84201950882689e-01
12	3.56106757585349e-01
13	3.28757508001958e-01
14	3.07163498794688e-01
15	2.85521706085762e-01
16	2.67203303318246e-01
17	2.51716707075733e-01
18	2.36677181195896e-01
19	2.20347880038817e-01
20	2.03913741404937e-01
21	1.90743273449149e-01
22	1.81516216834144e-01
23	1.72506703223045e-01
24	1.64224157701277e-01
25	1.52207612861510e-01
26	1.38796365550665e-01
27	1.26630284206338e-01
28	1.14286860535638e-01
29	1.05753887228907e-01
30	9.71301444153000e-02
31	8.97312089590535e-02
32	8.43856644626340e-02
33	7.95720178255967e-02
34	7.97867887473466e-02
35	7.46713441969356e-02
36	6.85885161953576e-02
37	6.59737335376826e-02
38	6.23205329342085e-02
39	6.32313015752016e-02
40	6.36911160061302e-02
41	6.16030933888706e-02
42	5.79529562840783e-02
43	5.69435705853207e-02
44	5.70819136469481e-02
45	5.41518582695906e-02
46	4.75172862407021e-02
47	4.59273879255465e-02
48	4.72032778811566e-02
49	4.57975873601848e-02
50	4.94484476110167e-02
51	5.44261800320266e-02
52	5.85074368703271e-02
53	5.79153863452269e-02
54	5.79427815440004e-02
55	6.18357499925576e-02
56	6.66137298108963e-02
57	7.13986440214291e-02
58	7.40038648691340e-02
59	7.67682510635666e-02
60	7.92929178074878e-02
61	8.17452134928988e-02
62	8.00459778357723e-02
63	8.17361824056929e-02
64	8.49851955993001e-02
65	8.50065916956049e-02
66	8.42892981306237e-02
67	8.07767071179908e-02
68	8.00202855436988e-02
69	7.74688007615912e-02
70	7.30280876911314e-02
71	6.86797688490932e-02
72	6.64334449041046e-02
73	6.30085342351415e-02
74	6.33049121019208e-02
75	6.60383890602498e-02
76	6.56672260507171e-02
77	6.33144896757183e-02
78	5.98564064781018e-02
79	5.98327660904814e-02
80	5.81634585030012e-02
81	5.67148624468709e-02
82	5.61079686243373e-02
83	5.83798114712750e-02
84	5.88402939516482e-02
85	6.05039363653254e-02
86	6.15794723557452e-02
87	6.47042275258008e-02
88	6.70612425646517e-02
89	7.00258797137491e-02
90	7.22556377196366e-02
91	7.41961074035766e-02
92	7.23911351941561e-02
93	7.35929802714326e-02
94	7.53629280862894e-02
95	7.35594251558148e-02
96	7.30766514874241e-02
97	7.03158314822864e-02
98	6.89450998105013e-02
99	6.86225761909554e-02
100	6.84882713654889e-02
101	7.01071666893336e-02
102	7.04809910370503e-02
103	7.29930044684362e-02
104	7.87823745428024e-02
105	8.38804160420460e-02
106	8.63593572547870e-02
107	8.72713724555167e-02
108	8.32852118161838e-02
109	8.25694755877721e-02
110	8.26438694009115e-02
111	8.54449634245070e-02
112	8.82635420215176e-02
113	9.63169791802351e-02
114	1.02910904837824e-01
115	1.10866927053318e-01
116	1.17398801852310e-01
117	1.20181645441159e-01
118	1.23811029922655e-01
119	1.31358292682607e-01
120	1.39681712575524e-01
121	1.44403214659362e-01
122	1.45480519316974e-01
123	1.47031331832434e-01
124	1.48955576316863e-01
125	1.44830384226596e-01
126	1.39294752044130e-01
127	1.39647652015616e-01
128	1.42532589681363e-01
129	1.43791113194011e-01
130	1.45083988327811e-01
131	1.49176705444768e-01
132	1.52481422093823e-01
133	1.57847659028652e-01
134	1.61819380560180e-01
135	1.60676441927393e-01
136	1.60651715468441e-01
137	1.63436125614961e-01
138	1.63801354088630e-01
139	1.64043874459682e-01
140	1.61931782205490e-01
141	1.61578126783698e-01
142	1.59999949801520e-01
143	1.55464994536829e-01
144	1.54033285372421e-01
145	1.52679393433704e-01
146	1.50746071574356e-01
147	1.47394044656021e-01
148	1.43151497245503e-01
149	1.35979524618418e-01
150	1.31902165764895e-01
151	1.28533014476428e-01
152	1.26936606194660e-01
153	1.22158988034913e-01
154	1.16068006819515e-01
155	1.13877737713912e-01
156	1.10467559887055e-01
157	1.09662477386682e-01
158	1.08641598022113e-01
159	1.04567868997184e-01
160	1.04491547600722e-01
161	1.05738254238166e-01
162	1.05599314468665e-01
163	9.99282378847857e-02
164	9.91271206583369e-02
165	9.45211094211481e-02
166	9.31131359304452e-02
167	8.80128983306544e-02
168	8.58717658657536e-02
169	8.22642494290063e-02
170	8.18974498027226e-02
171	8.13230910697945e-02
172	8.17024106478603e-02
173	7.74229009445452e-02
174	7.47891580065478e-02
175	7.30185396940527e-02
176	7.30654603429537e-02
177	7.26456510277290e-02
178	7.28364458515496e-02
179	7.27417204193736e-02
180	7.02965119475811e-02
181	6.90778968905420e-02
182	6.80485628179481e-02
183	7.08809661266085e-02
184	7.26540474791399e-02
185	7.63567819449145e-02
186	8.00275441984344e-02
187	8.11903185073084e-02
188	8.03306850493410e-02
189	8.12344340498948e-02
190	8.41627647160653e-02
191	8.74206727348282e-02
192	8.48752867196426e-02
193	8.46272614058643e-02
194	8.35223246540430e-02
195	8.45089864746124e-02
196	7.89741117900754e-02
197	7.13790802088607e-02
198	6.63743250057136e-02
199	6.26167200422578e-02
