0	1.00000000003941e+00
1	4.31213163915527e-01
2	2.05209524520028e-01
3	1.02213136939082e-01
4	4.98455685530615e-02
5	2.60669672921056e-02
6	1.56400709842426e-02
7	8.53170943060477e-03
8	1.58025797270193e-03
9	-7.94512651777327e-04
10	-4.43121073401460e-04
11	1.95949389642608e-03
12	4.86638516493423e-04
13	-6.98693332808337e-04
14	-1.06869506333320e-03
15	3.45714760335248e-04
16	-7.04248368079023e-04
17	-5.12433751625961e-04
18	2.05611310707372e-03
19	1.39229477218630e-03
20	5.71069862525476e-03
21	7.38159106169615e-03
22	4.55379747467493e-03
23	4.86901167038372e-03
24	5.54924794137243e-03
25	6.57285910642734e-03
26	4.16614494988563e-03
27	4.47550386467504e-04
28	3.14935745011362e-03
29	9.74797176436628e-03
30	1.24362472148854e-02
31	1.45235270863779e-02
32	1.22497555202025e-02
33	9.88244160776617e-03
34	3.39254542963789e-03
35	2.96861190584416e-03
36	1.65073298634538e-03
37	6.79107258019341e-03
38	1.04017206369862e-02
39	9.51700307068239e-03
40	9.52501686663322e-03
41	1.00655196252885e-02
42	9.02276465462501e-03
43	7.10529775377451e-03
44	8.53124541370647e-03
45	9.60423397303315e-03
46	9.69031254671231e-03
47	1.20854997513387e-02
48	9.82537003461754e-03
49	9.43274789629482e-03
50	8.10155564343430e-03
51	4.82120741009171e-03
52	5.61475842972373e-03
53	3.92965433041701e-03
54	5.47785793715953e-03
55	6.86430763288032e-03
56	1.64798328271252e-03
57	2.72818643478779e-03
58	6.37469183378928e-03
59	6.21486111395127e-03
60	5.38491244623960e-03
61	4.99603322143222e-03
62	6.99223436068962e-03
63	8.73053411081616e-03
64	8.13132171846371e-03
65	7.03921798283200e-03
66	2.76939895226595e-03
67	-5.15649295697859e-05
68	-1.13953492339159e-04
69	5.59900229047134e-04
70	2.16688186354841e-03
71	2.21191408286654e-04
72	-6.43709854296631e-04
73	3.78323389737745e-03
74	1.83544558230210e-03
75	5.56704408267255e-03
76	8.90786490516041e-03
77	9.62777150453308e-03
78	8.20542737787644e-03
79	2.84367039813629e-03
80	8.54652871396309e-03
81	6.21267659034028e-03
82	5.13245012446991e-03
83	6.21546834189192e-03
84	6.70474064687281e-04
85	-6.59346244422732e-04
86	-1.12366949025530e-03
87	-1.84096623157653e-04
88	2.19690579906236e-03
89	3.04580090437353e-03
90	2.68579193234130e-03
91	-8.99621169588221e-04
92	-2.29089310134166e-03
93	-3.84143302612501e-03
94	-7.14008562351020e-04
95	6.66128070618354e-04
96	3.71812099843891e-03
97	4.08948797294233e-03
98	-9.97034173526409e-04
99	3.60049193199925e-03
