0	1.00000000001015e+00
1	7.53435251367460e-01
2	5.83489381200451e-01
3	4.57843508671522e-01
4	3.62631694921992e-01
5	2.88484089540641e-01
6	2.30580961264981e-01
7	1.85637357891050e-01
8	1.50355501161577e-01
9	1.22185132002543e-01
10	1.00185978196464e-01
11	8.08551185205576e-02
12	6.39784229960987e-02
13	4.86998339574977e-02
14	3.63069156272098e-02
15	2.75197141185756e-02
16	2.14374930429007e-02
17	1.67929039168001e-02
18	1.48837888868711e-02
19	1.41096982246195e-02
20	1.19893093328649e-02
21	8.99541647476108e-03
22	6.34893559893154e-03
23	5.78026924784570e-03
24	5.46559496368365e-03
25	5.49382427964286e-03
26	6.02960491122552e-03
27	6.12056917869240e-03
28	4.90849418756766e-03
29	1.40842088929397e-03
30	-1.72512141725652e-03
31	-5.48932471427052e-03
32	-6.97913112811071e-03
33	-5.26418458283130e-03
34	-2.70935233733794e-03
35	-2.91409034497741e-03
36	-2.73026994079356e-03
37	-1.73392852353442e-03
38	-5.64264172160437e-04
39	-4.30448776667592e-04
40	-1.68407837472963e-03
41	-3.78160027690366e-03
42	-3.26428270417019e-03
43	-3.38481269284246e-03
44	-4.65287105554852e-03
45	-4.66692609783538e-03
46	-4.90129401663051e-03
47	-4.85261761546137e-03
48	-4.19498445537982e-03
49	-5.74909545895280e-03
50	-6.99924582461667e-03
51	-7.26111016682426e-03
52	-6.26633050034182e-03
53	-6.60451453539431e-03
54	-7.70743724379929e-03
55	-5.24161823286047e-03
56	-3.87614748058526e-03
57	-2.84485291614009e-03
58	-2.69833944803124e-03
59	-3.96715431081571e-03
60	-2.39578959868465e-03
61	-1.64867195352595e-03
62	-1.29652308497614e-03
63	-9.87416735161422e-04
64	-1.25675391143702e-04
65	5.17186789949098e-04
66	1.16352597208710e-03
67	1.34379280362063e-03
68	2.54926161538859e-04
69	-1.71637137820323e-03
70	-1.07416427359661e-03
71	7.78227519823544e-04
72	1.16145535233668e-03
73	2.77064521981366e-03
74	1.38353755613526e-03
75	2.69558087494535e-03
76	3.69373920027454e-03
77	4.28687322866559e-03
78	6.15214832233631e-03
79	4.90557314651574e-03
80	4.68168359906668e-03
81	4.86789553819633e-03
82	5.00229760596120e-03
83	4.83670876262291e-03
84	2.93579197135609e-03
85	3.72094664787184e-03
86	2.08289276436714e-03
87	-2.06026948789418e-05
88	-1.76552748119557e-03
89	-1.43143362674302e-03
90	-1.16595962882323e-03
91	-2.59279082198468e-03
92	-3.63955063360839e-03
93	-3.24336569299487e-03
94	-3.81152031659698e-03
95	-2.59598492196635e-03
96	-3.26948277199530e-03
97	-3.69484155295483e-03
98	-2.25976260754416e-03
99	-9.81880259533150e-04
