0	9.99999999985360e-01
1	5.48374902451524e-01
2	3.22609481756642e-01
3	2.12974077178161e-01
4	1.38891134214667e-01
5	9.13786614300126e-02
6	7.38490975360944e-02
7	6.38090166066725e-02
8	4.79835013598419e-02
9	3.82712900158359e-02
10	3.38940163686156e-02
11	3.74555785990132e-02
12	2.29387776335334e-02
13	1.37405207901607e-02
14	1.23988830781543e-02
15	7.67958567382386e-03
16	-1.97699450067430e-03
17	2.40917809393015e-04
18	2.50371349994779e-03
19	7.74877978085441e-03
20	9.11538741091979e-03
21	7.75099679698874e-03
22	4.53769942376712e-03
23	8.69852780936926e-03
24	1.89357886152899e-02
25	2.07328604503704e-02
26	1.78177006919177e-02
27	2.03760982331223e-02
28	1.82156467375342e-02
29	2.15460224051519e-02
30	2.18106181762473e-02
31	1.80725748767031e-02
32	9.44794351040192e-03
33	6.48213721508200e-03
34	4.09903701771965e-03
35	8.00902065801639e-03
36	1.32168757670627e-02
37	1.60589371156125e-02
38	2.09244582133546e-02
39	2.46533541300602e-02
40	2.41845959544172e-02
41	2.87105322122663e-02
42	2.33428375949693e-02
43	2.16079493722546e-02
44	2.21797058765517e-02
45	2.40559734780525e-02
46	2.82565436500529e-02
47	2.93512810721002e-02
48	2.16747233098968e-02
49	1.40051612062017e-02
50	1.19474904932783e-02
51	8.89378858193977e-03
52	2.29540453819530e-03
53	4.37417250162431e-03
54	3.79662307517692e-03
55	7.98456068376720e-03
56	9.38779344492336e-03
57	1.47225814856784e-02
58	1.48099021184784e-02
59	1.34665852687752e-02
60	7.60356045522300e-03
61	4.78800397876837e-03
62	-3.61503822427074e-04
63	-2.15169234458244e-03
64	1.45912522793801e-04
65	-3.17046417312756e-03
66	-1.50859659745827e-02
67	-1.59862007264613e-02
68	-2.39475297042483e-02
69	-2.46933253804684e-02
70	-2.03184806642646e-02
71	-2.20690910492876e-02
72	-8.96207703332870e-03
73	-7.95078852935197e-03
74	-1.90182571979619e-02
75	-1.40772653183557e-02
76	-1.67482099549047e-02
77	-1.26108688093858e-02
78	-4.55116248173633e-03
79	-9.14484338431124e-04
80	-3.66866729489453e-03
81	-1.35391318390935e-02
82	-1.86701809702434e-02
83	-1.67329928662947e-02
84	-1.20375231052676e-02
85	-6.72726519827057e-03
86	-7.92850827031590e-03
87	-1.55711596156651e-02
88	-2.08602755454859e-02
89	-1.56725088929759e-02
90	-2.15743625685678e-02
91	-2.27653049347938e-02
92	-1.71324691882658e-02
93	-2.37102434660650e-02
94	-2.00768948479795e-02
95	-1.86634853801793e-02
96	-1.08153820605984e-02
97	-2.45737262924798e-03
98	6.89146359956759e-03
99	1.72560086378270e-02
