0	1.00000000010963e+00
1	5.22358368010588e-01
2	3.12398349423933e-01
3	1.93417667230449e-01
4	1.23604267435372e-01
5	8.30981823587888e-02
6	5.65287794975919e-02
7	3.99773920521635e-02
8	2.90313251278055e-02
9	1.99912522359062e-02
10	1.19140940824506e-02
11	4.33153002827105e-03
12	3.90579688445332e-03
13	1.64963627225761e-03
14	2.44395163752928e-03
15	4.33990899393216e-05
16	3.92886759292798e-04
17	1.89141428727197e-04
18	8.65405673983374e-04
19	2.71045386705388e-03
20	3.06239115802715e-03
21	1.62657959144130e-03
22	9.00207310554130e-04
23	-3.32683413565739e-04
24	1.64716294443149e-04
25	-4.46123740021958e-03
26	-3.60795339494466e-03
27	-4.20128597386377e-03
28	-1.95852304777909e-03
29	6.54972927551127e-04
30	-4.71298131500921e-04
31	-2.24638932835246e-03
32	-2.81700277787642e-03
33	-2.78008457517586e-03
34	-2.73721052295349e-03
35	-4.22446641745147e-03
36	-7.03182718070649e-03
37	-5.30312521797995e-03
38	8.68138913624424e-04
39	2.44667338557996e-03
40	-5.46610862039264e-04
41	-1.19094317539057e-03
42	9.11242186022518e-04
43	1.44264573674394e-03
44	-3.61575700449517e-04
45	-1.27060380599313e-03
46	-4.52057364200734e-03
47	-5.96008279065532e-03
48	-1.47526260556449e-03
49	-2.76420319819646e-03
50	-2.37057218807969e-03
51	-1.01861265558925e-03
52	1.66037742621638e-03
53	2.46149827247985e-03
54	4.73327349381889e-03
55	3.11160356843472e-04
56	7.26561529519815e-04
57	-1.49021547012560e-03
58	-6.42504310103576e-03
59	-4.11424341948993e-03
60	-2.31946479173944e-03
61	-1.14117465220050e-03
62	1.52788574289379e-03
63	6.48771999926376e-04
64	3.51659398787586e-03
65	3.94951965155034e-03
66	6.98840389832338e-03
67	5.62863611626962e-03
68	3.98673389409298e-03
69	1.03717617497175e-03
70	-1.28053461760034e-03
71	-1.65375873253882e-03
72	-6.95499681249999e-04
73	-1.99860016958459e-05
74	-3.28450882997577e-03
75	-5.07437793252459e-03
76	-1.89621946352999e-03
77	-1.21487047617621e-03
78	1.03864702458096e-04
79	1.84412831696714e-03
80	2.74260671042721e-03
81	1.50495657407564e-03
82	3.32632373838702e-03
83	3.52784114908933e-03
84	2.07166647152263e-05
85	-2.59991606339420e-03
86	-2.05487881464465e-03
87	-2.30218928286595e-03
88	-5.55809346103832e-03
89	-3.29804181220604e-03
90	-5.80217935056763e-03
91	-4.25286484041659e-03
92	-4.44636427099197e-03
93	-4.89365182112567e-04
94	-3.97385910310100e-04
95	3.34835219815856e-03
96	1.60784641183189e-03
97	7.48799873067240e-04
98	-2.35954284718416e-03
99	-4.75853363854419e-03
