0	9.99999999990375e-01
1	4.75176324468142e-01
2	2.40293268496543e-01
3	1.24419376763253e-01
4	7.60337558315012e-02
5	4.96200346624616e-02
6	3.75391968372115e-02
7	1.53584034687776e-02
8	3.84756839260936e-04
9	-3.06047884376312e-03
10	-1.02057491237298e-02
11	-1.92553822006406e-02
12	-1.90353966211889e-02
13	-1.06596609555540e-02
14	-5.06201712499973e-03
15	-6.85012703038184e-03
16	-6.48290066958176e-04
17	8.13596507476355e-03
18	1.28765921802200e-03
19	1.74162065815637e-03
20	2.40432442800811e-03
21	-6.93642345609380e-03
22	-8.96918042737151e-03
23	-9.65847733842859e-03
24	-1.56056193644393e-02
25	-2.19713428299249e-02
26	-2.44881380686356e-02
27	-2.31958151891584e-02
28	-1.68808264367095e-02
29	-1.32434856427159e-02
30	-1.39916830749255e-02
31	-2.16886087863913e-02
32	-1.51916579935877e-02
33	-1.08666002732679e-02
34	-1.04701920357953e-02
35	-1.11297239166766e-02
36	-1.59827087878613e-02
37	-1.63151182620178e-02
38	-1.59798120733253e-02
39	-2.05500032534901e-02
40	-2.29206964576462e-02
41	-2.82428164010279e-02
42	-2.43043438887678e-02
43	-2.34621438155376e-02
44	-1.34127762639313e-02
45	-1.27751938482887e-02
46	-1.55238188744007e-02
47	-1.40987975121290e-02
48	-1.72972877080404e-02
49	-1.96591209419388e-02
50	-1.84294296916040e-02
51	-1.06646749655826e-02
52	-1.39065151767344e-02
53	-2.10016007896074e-02
54	-2.32096691553221e-02
55	-2.45101951689803e-02
56	-1.75615304743404e-02
57	-1.10487052249580e-02
58	-2.28496633187132e-02
59	-2.50542740789076e-02
60	-2.94737763029851e-02
61	-2.81623983665356e-02
62	-2.86282560627432e-02
63	-3.43272335206217e-02
64	-2.18036917111357e-02
65	-2.38111813829474e-02
66	-1.43764186715307e-02
67	-2.75506159827249e-02
68	-2.76741412807914e-02
69	-2.53666396498459e-02
70	-1.82714730167375e-02
71	-2.11216911072270e-02
72	-1.25989441771189e-02
73	-1.45977819705555e-02
74	-1.33248942606173e-02
75	-8.50704902980993e-03
76	-1.53008231268759e-02
77	-1.86698019519370e-02
78	-1.97774569776582e-02
79	-1.06739775494755e-02
80	-9.55408002604332e-03
81	-1.42371770245849e-02
82	-1.47446726634570e-02
83	-1.98754875582540e-02
84	-2.07923666492920e-02
85	-1.91514034030494e-02
86	-1.63635305231678e-02
87	-1.96129205275750e-02
88	-2.51287618236429e-02
89	-3.54366696967627e-02
90	-3.92684326050005e-02
91	-3.82401756580421e-02
92	-3.00304615838378e-02
93	-1.60714580453810e-02
94	-1.70594749729716e-02
95	-3.49051182518934e-02
96	-3.96398116398193e-02
97	-4.26886671050575e-02
98	-3.09259149513237e-02
99	-2.16193996038528e-02
