0	9.99999999998064e-01
1	6.31945902641917e-01
2	4.43818787185113e-01
3	3.36227139519743e-01
4	2.62524756857649e-01
5	2.17987575305981e-01
6	1.94225616900444e-01
7	1.67202547758999e-01
8	1.51744429829109e-01
9	1.34167340524373e-01
10	1.20608210439127e-01
11	1.09810111744492e-01
12	1.00908758302995e-01
13	1.02165647528783e-01
14	9.61912908848189e-02
15	8.84920380316557e-02
16	8.75959604277353e-02
17	8.92497141156963e-02
18	8.70659069519023e-02
19	9.02385976982236e-02
20	8.56382397298926e-02
21	8.39214038496817e-02
22	8.06310441771047e-02
23	8.58699555177603e-02
24	8.55387173221413e-02
25	8.49470790282374e-02
26	8.53711232648175e-02
27	8.65170894339951e-02
28	7.86914298741622e-02
29	7.77611598754835e-02
30	7.65428484110937e-02
31	7.50462350138000e-02
32	6.65028161226110e-02
33	7.03110657031989e-02
34	8.07410944732872e-02
35	8.93866792852936e-02
36	9.30517562768868e-02
37	1.01471012648174e-01
38	1.05858416732077e-01
39	1.02203589270637e-01
40	9.74457582374642e-02
41	8.86422075563906e-02
42	9.23725314183623e-02
43	9.21696748341254e-02
44	9.49386825393129e-02
45	1.07340305712790e-01
46	1.14683386195542e-01
47	1.18313316395131e-01
48	1.19372621131876e-01
49	1.28302108095148e-01
50	1.33753796865063e-01
51	1.38082180500927e-01
52	1.37656227378068e-01
53	1.32515669831248e-01
54	1.33805577730641e-01
55	1.48594376740878e-01
56	1.57307808988581e-01
57	1.59139516907181e-01
58	1.71430175754829e-01
59	1.69129407355305e-01
60	1.66675491107417e-01
61	1.63542866899533e-01
62	1.66660505472230e-01
63	1.66874288925730e-01
64	1.66848929200999e-01
65	1.69830234477280e-01
66	1.80650994833294e-01
67	1.77473858794026e-01
68	1.75007265161095e-01
69	1.80697387677445e-01
70	1.86376332961374e-01
71	1.86595490573131e-01
72	1.91689410853724e-01
73	1.86034080582339e-01
74	1.91337082445430e-01
75	1.95997225902357e-01
76	1.94701173908375e-01
77	1.96746418082280e-01
78	2.03910154658397e-01
79	2.04208198818960e-01
80	2.03658822711931e-01
81	2.08221780410707e-01
82	2.08705271480271e-01
83	2.20542150784550e-01
84	2.17700719591146e-01
85	2.15728778960170e-01
86	2.09814788510705e-01
87	2.01047473520482e-01
88	1.88692292209343e-01
89	1.84441052166087e-01
90	1.85842245814298e-01
91	1.85243703800384e-01
92	1.83733526040464e-01
93	1.84029953166719e-01
94	1.80981485288368e-01
95	1.84265575028120e-01
96	1.91884789075515e-01
97	1.93233454773679e-01
98	1.88998833693356e-01
99	1.92339938681952e-01
