0	1.00000000005230e+00
1	4.85502921006997e-01
2	2.57780235692302e-01
3	1.44891672828808e-01
4	7.99337677786091e-02
5	4.36319056990941e-02
6	1.96958467052782e-02
7	1.36312834580482e-02
8	1.28484419024742e-03
9	-1.39212088182620e-02
10	-1.71830594418792e-02
11	-2.70288972579254e-03
12	5.13173471300616e-03
13	5.41317364336980e-03
14	4.08239235881896e-03
15	-8.69738885464912e-03
16	-1.43288662991604e-02
17	-1.47412688418255e-02
18	-2.31843006150931e-02
19	-1.37858484787244e-02
20	-1.38904731445567e-02
21	-2.14038767564532e-02
22	-2.75222593373318e-02
23	-3.98621613134097e-02
24	-4.64061406972713e-02
25	-5.23264326154920e-02
26	-4.62798828039150e-02
27	-4.79947955742063e-02
28	-5.02603829992645e-02
29	-3.76613855286783e-02
30	-4.04098311707487e-02
31	-3.18349657412161e-02
32	-2.70695285436087e-02
33	-2.70526437025778e-02
34	-3.64554269247183e-02
35	-4.57529758968176e-02
36	-3.74551231844333e-02
37	-3.59515726835483e-02
38	-2.40415721244224e-02
39	-1.60366362024857e-02
40	-1.41199085331836e-02
41	-1.95495042530113e-02
42	-2.61043164333727e-02
43	-2.17650084542933e-02
44	-1.47524236026729e-02
45	-1.89221450946478e-02
46	-2.37671527434567e-02
47	-1.63018589019122e-02
48	-1.92746956842179e-02
49	-1.76431128543117e-02
50	-2.59593783283025e-02
51	-3.38393731482539e-02
52	-2.57314325856560e-02
53	-2.96297871794876e-02
54	-4.08821074811474e-02
55	-4.11513401978777e-02
56	-4.18579118428849e-02
57	-5.36534822866399e-02
58	-6.29980237343116e-02
59	-6.79742102482192e-02
60	-7.31923244884062e-02
61	-7.26113315617330e-02
62	-8.55342845590091e-02
63	-9.52106766721882e-02
64	-8.90027202068926e-02
65	-8.77997860647257e-02
66	-9.26698017955203e-02
67	-9.57581971008386e-02
68	-9.50844375120894e-02
69	-9.35995478457983e-02
70	-1.01520233524980e-01
71	-1.08373507746224e-01
72	-1.13955948340656e-01
73	-1.11682902595534e-01
74	-1.06792265438527e-01
75	-9.54294017315294e-02
76	-1.02960836974429e-01
77	-1.07754933784308e-01
78	-1.03837192885353e-01
79	-1.04705343387780e-01
80	-1.02908671495564e-01
81	-9.56411377712899e-02
82	-9.24869487498644e-02
83	-9.15268882534593e-02
84	-9.24163457158062e-02
85	-9.06194488711233e-02
86	-9.88319230602037e-02
87	-1.08270966178247e-01
88	-1.11652908014156e-01
89	-1.19348398584723e-01
90	-1.31889297477665e-01
91	-1.24948977962331e-01
92	-1.21374464538313e-01
93	-1.31037224188224e-01
94	-1.27527144498934e-01
95	-1.30962529168496e-01
96	-1.32659328722591e-01
97	-1.33913141320056e-01
98	-1.26282450077841e-01
99	-1.28984397797459e-01
