0	1.00000000089978e+00
1	1.78145649299878e-01
2	3.62763307091340e-02
3	-1.69759226521301e-03
4	-1.54914682695210e-03
5	8.55436034233719e-03
6	1.50838006972098e-02
7	6.23168583365975e-03
8	-8.00719210338885e-03
9	6.13578826609764e-03
10	-3.26811541168501e-03
11	-1.84788401964221e-02
12	-3.19114483394847e-02
13	-4.98173891841972e-02
14	-2.60519313419149e-02
15	-9.69701975931657e-03
16	-2.39864510713706e-02
17	-7.77936333110028e-03
18	6.38816259015365e-03
19	3.57058269587421e-02
20	5.31491706220058e-02
21	6.93261262376344e-02
22	8.87083137137827e-02
23	9.43222227200969e-02
24	9.31464705721553e-02
25	9.34543417756167e-02
26	7.75520301951174e-02
27	6.84080470312084e-02
28	6.46602197962948e-02
29	4.54286913427485e-02
30	3.20805047406567e-02
31	5.14442953491630e-02
32	6.56315541877012e-02
33	6.28182705569195e-02
34	5.44371091930080e-02
35	2.60596564605336e-02
36	5.57924658691715e-03
37	2.62118817849766e-03
38	1.41451970872180e-02
39	3.03012547069042e-02
40	4.97944049425493e-02
41	3.90925540660098e-02
42	2.13070690686125e-02
43	3.89060100636897e-02
44	4.45514509836886e-02
45	5.93162574388063e-02
46	4.19969168649746e-02
47	2.89056707642141e-02
48	2.52675825664540e-02
49	-8.23168036950614e-03
50	-1.37561881404683e-02
51	-7.92854316282776e-04
52	3.33120386714147e-02
53	3.93312986436199e-02
54	3.18704519635151e-02
55	3.79142510895838e-02
56	2.46973686162434e-02
57	3.76070239086303e-02
58	2.01470834313954e-02
59	3.53316834582003e-02
60	5.23429122221668e-02
61	5.91917031529925e-02
62	4.37932347566818e-02
63	1.67369716867290e-02
64	-9.15856891093729e-03
65	2.24176751043016e-03
66	-1.11669149857618e-02
67	-1.66047155227391e-02
68	1.37722776888243e-02
69	3.00085607333013e-02
70	3.85012843425714e-02
71	1.41847546898845e-02
72	2.88109597388084e-02
73	3.40058896921713e-02
74	4.06697375571077e-02
75	8.06738119063902e-02
76	7.31835455297268e-02
77	9.55710127383093e-02
78	1.00731185727984e-01
79	1.19885339359806e-01
80	1.29498611478645e-01
81	1.40790610361024e-01
82	1.33414581598039e-01
83	1.60480601629785e-01
84	1.76521396564977e-01
85	1.95581975253756e-01
86	2.15625883110724e-01
87	2.16119781759234e-01
88	2.23098819455536e-01
89	2.16766921009464e-01
90	2.00023222842320e-01
91	1.92087473731564e-01
92	2.02500115796602e-01
93	1.73335150884616e-01
94	1.72809206767417e-01
95	1.62183051513755e-01
96	1.88437347504477e-01
97	1.81216468812343e-01
98	1.78574165253856e-01
99	1.66312677099401e-01
