0	9.99999999973454e-01
1	5.24778576088256e-01
2	2.97692584655363e-01
3	1.79130314303865e-01
4	1.14428094877194e-01
5	7.54085736956790e-02
6	5.63073933982367e-02
7	4.31122489397741e-02
8	3.40576923105246e-02
9	2.74565926307166e-02
10	2.23546682111558e-02
11	1.16424053952454e-02
12	7.07973618314089e-03
13	7.75977811742396e-04
14	-2.63229325392288e-03
15	4.31987582809191e-03
16	8.36235070948242e-04
17	1.24891557096834e-02
18	1.66995801080335e-02
19	1.94554879773806e-02
20	2.97873540932983e-02
21	3.13935012029335e-02
22	2.23564642249757e-02
23	1.93847327281586e-02
24	2.20886376978713e-02
25	1.99822366231961e-02
26	1.36526102708898e-02
27	2.43219460516916e-02
28	2.76846396629831e-02
29	2.43594449556420e-02
30	2.05002029365866e-02
31	2.40297593670148e-02
32	1.83620208037250e-02
33	2.89764067683064e-02
34	3.24415330721433e-02
35	3.81360049925297e-02
36	3.41187396088942e-02
37	2.99880163060983e-02
38	2.40314450214365e-02
39	2.28475543160273e-02
40	2.43987727796144e-02
41	1.73112682680242e-02
42	2.55222833918079e-02
43	2.51316472744015e-02
44	3.34540724349521e-02
45	4.36574830257554e-02
46	4.03351179080697e-02
47	3.92164854207875e-02
48	3.85927804280517e-02
49	5.06001091102845e-02
50	5.48614288653831e-02
51	5.39263124323400e-02
52	5.11387895922481e-02
53	5.61652390357664e-02
54	4.77884805184522e-02
55	5.20167632493388e-02
56	4.72844150854143e-02
57	4.78472283841424e-02
58	4.32213965259855e-02
59	4.46314629315359e-02
60	5.28552721957764e-02
61	4.46350359250577e-02
62	3.92625157194446e-02
63	3.87690478800369e-02
64	4.10427374793928e-02
65	4.09675020532038e-02
66	3.59983572575533e-02
67	4.64193710429705e-02
68	4.61132348374689e-02
69	4.28111556653842e-02
70	5.03056555074977e-02
71	6.46910356259789e-02
72	6.37002519939594e-02
73	6.97740072421197e-02
74	6.70846546332146e-02
75	5.33658803410919e-02
76	5.72123405589809e-02
77	5.54265888528517e-02
78	6.13277617964462e-02
79	6.30055303048163e-02
80	7.06387833103402e-02
81	6.78119817307856e-02
82	6.53340578975270e-02
83	6.33170136199050e-02
84	6.48936892129833e-02
85	5.38394988164243e-02
86	5.50465395862469e-02
87	5.83365469309426e-02
88	6.37896719845108e-02
89	5.36055614639947e-02
90	5.72238366974477e-02
91	5.01995175697768e-02
92	4.00146431543661e-02
93	4.13167468008340e-02
94	4.47194889918884e-02
95	4.12887820839522e-02
96	3.81438578186487e-02
97	4.48036331258653e-02
98	3.99118710677469e-02
99	4.26875501015121e-02
