0	9.99999999356183e-01
1	5.36132100786080e-01
2	3.17889871905255e-01
3	2.02288970180213e-01
4	1.28921534347846e-01
5	8.42486891343732e-02
6	5.79761875556828e-02
7	4.09023077016727e-02
8	2.91342493586745e-02
9	2.00966505178521e-02
10	1.56996720891536e-02
11	1.43488328617096e-02
12	1.48247210376739e-02
13	1.43190785543735e-02
14	1.35073153733371e-02
15	9.20387029845831e-03
16	5.30801963870252e-03
17	1.40535562667531e-03
18	-2.57230950542734e-03
19	-3.61616519816493e-04
20	1.32518842532806e-03
21	1.57540746808061e-03
22	2.02539283357711e-03
23	-1.99641818396695e-03
24	-2.44785753450313e-03
25	-4.11092740773713e-03
26	-4.49840824933116e-03
27	-4.80974584890042e-03
28	-5.80037614911779e-03
29	-7.01430831228016e-03
30	-1.17058043141156e-02
31	-9.17459111176983e-03
32	-4.37741888754262e-03
33	-2.08689981033409e-03
34	-1.83003127376333e-03
35	-6.50327968522466e-03
36	-5.40339283380779e-03
37	-7.52061767921090e-03
38	-1.26395135836685e-02
39	-8.33499233011170e-03
40	-6.78173711747663e-03
41	-1.38178854883880e-02
42	-1.14803435206104e-02
43	-1.13484894346037e-02
44	-1.04629892517951e-02
45	-1.08383853236468e-02
46	-1.20052729996716e-02
47	-1.19176678575913e-02
48	-1.07713258417519e-02
49	-7.88249743149908e-03
50	-1.03118926073953e-02
51	-8.66410640361253e-03
52	-5.02028301430353e-03
53	-8.18815627459631e-03
54	-9.31647161421602e-03
55	-1.25749536723623e-02
56	-1.43008687220658e-02
57	-1.58276815403701e-02
58	-1.56850955069397e-02
59	-1.38761456360236e-02
60	-1.20192438965701e-02
61	-1.01507304834941e-02
62	-1.17596781163314e-02
63	-1.04390521230616e-02
64	-8.03291758179077e-03
65	-5.99386063620747e-03
66	-7.97564167333529e-03
67	-5.08819053791349e-03
68	-5.75613255731307e-03
69	-1.01915552375298e-02
70	-1.09731994184831e-02
71	-9.72974287895493e-03
72	-1.02477103717582e-02
73	-7.15071856723420e-03
74	-5.71219809611339e-03
75	-8.25184883353153e-03
76	-9.96189861880345e-03
77	-1.64782253923034e-02
78	-1.90495686584238e-02
79	-1.73908820653649e-02
80	-1.83924441509506e-02
81	-1.56669372779014e-02
82	-1.48644188614334e-02
83	-1.54955925243758e-02
84	-1.66541226756422e-02
85	-1.50021924866974e-02
86	-1.67806589136296e-02
87	-1.68912626967896e-02
88	-1.47236202389432e-02
89	-1.40960327102548e-02
90	-1.36428247684935e-02
91	-1.35745110237613e-02
92	-1.03995060303625e-02
93	-1.02295935794658e-02
94	-8.52767547272444e-03
95	-9.78104127856907e-03
96	-9.66122922152773e-03
97	-1.08544323282510e-02
98	-7.57094721939940e-03
99	-6.88853423032010e-03
