5.000000e-01	4.450284e-02
1.000000e+00	5.663349e-02
1.500000e+00	6.477740e-02
2.000000e+00	7.183314e-02
2.500000e+00	7.814137e-02
3.000000e+00	8.339468e-02
3.500000e+00	8.834580e-02
4.000000e+00	9.265968e-02
4.500000e+00	9.651050e-02
5.000000e+00	1.004368e-01
5.500000e+00	1.038049e-01
6.000000e+00	1.072410e-01
6.500000e+00	1.103055e-01
7.000000e+00	1.132487e-01
7.500000e+00	1.158912e-01
8.000000e+00	1.187746e-01
8.500000e+00	1.213759e-01
9.000000e+00	1.236037e-01
9.500000e+00	1.257061e-01
1.000000e+01	1.281745e-01
1.050000e+01	1.301723e-01
1.100000e+01	1.319952e-01
1.150000e+01	1.337934e-01
1.200000e+01	1.357103e-01
1.250000e+01	1.375821e-01
1.300000e+01	1.394764e-01
1.350000e+01	1.412988e-01
1.400000e+01	1.427717e-01
1.450000e+01	1.443062e-01
1.500000e+01	1.460193e-01
1.550000e+01	1.475224e-01
1.600000e+01	1.490633e-01
1.650000e+01	1.504529e-01
1.700000e+01	1.520265e-01
1.750000e+01	1.532449e-01
1.800000e+01	1.548220e-01
1.850000e+01	1.561422e-01
1.900000e+01	1.574595e-01
1.950000e+01	1.588790e-01
2.000000e+01	1.598997e-01
2.050000e+01	1.608902e-01
2.100000e+01	1.619951e-01
2.150000e+01	1.630995e-01
2.200000e+01	1.639272e-01
2.250000e+01	1.649449e-01
2.300000e+01	1.661389e-01
2.350000e+01	1.672120e-01
2.400000e+01	1.681908e-01
2.450000e+01	1.691679e-01
2.500000e+01	1.703864e-01
2.550000e+01	1.711509e-01
2.600000e+01	1.721720e-01
2.650000e+01	1.733517e-01
2.700000e+01	1.741683e-01
2.750000e+01	1.749749e-01
2.800000e+01	1.758498e-01
2.850000e+01	1.765873e-01
2.900000e+01	1.775508e-01
2.950000e+01	1.782767e-01
3.000000e+01	1.791895e-01
3.050000e+01	1.799745e-01
3.100000e+01	1.806959e-01
3.150000e+01	1.813884e-01
3.200000e+01	1.822183e-01
3.250000e+01	1.829919e-01
3.300000e+01	1.835555e-01
3.350000e+01	1.843243e-01
3.400000e+01	1.849237e-01
3.450000e+01	1.853668e-01
3.500000e+01	1.862218e-01
3.550000e+01	1.870429e-01
3.600000e+01	1.876368e-01
3.650000e+01	1.885503e-01
3.700000e+01	1.893448e-01
3.750000e+01	1.901887e-01
3.800000e+01	1.908252e-01
3.850000e+01	1.916828e-01
3.900000e+01	1.922677e-01
3.950000e+01	1.927367e-01
4.000000e+01	1.934873e-01
4.050000e+01	1.940348e-01
4.100000e+01	1.944102e-01
4.150000e+01	1.950511e-01
4.200000e+01	1.959429e-01
4.250000e+01	1.965672e-01
4.300000e+01	1.972990e-01
4.350000e+01	1.979101e-01
4.400000e+01	1.986372e-01
4.450000e+01	1.991609e-01
4.500000e+01	1.995972e-01
4.550000e+01	2.002250e-01
4.600000e+01	2.005684e-01
4.650000e+01	2.011061e-01
4.700000e+01	2.017434e-01
4.750000e+01	2.022571e-01
4.800000e+01	2.027494e-01
4.850000e+01	2.030502e-01
4.900000e+01	2.037962e-01
4.950000e+01	2.043178e-01
5.000000e+01	2.046294e-01
5.050000e+01	2.052617e-01
5.100000e+01	2.057354e-01
5.150000e+01	2.060649e-01
5.200000e+01	2.065892e-01
5.250000e+01	2.071295e-01
5.300000e+01	2.076087e-01
5.350000e+01	2.079857e-01
5.400000e+01	2.084597e-01
5.450000e+01	2.088150e-01
5.500000e+01	2.093022e-01
5.550000e+01	2.095891e-01
5.600000e+01	2.101991e-01
5.650000e+01	2.106717e-01
5.700000e+01	2.107300e-01
5.750000e+01	2.112234e-01
5.800000e+01	2.116558e-01
5.850000e+01	2.120608e-01
5.900000e+01	2.123949e-01
5.950000e+01	2.130031e-01
6.000000e+01	2.133534e-01
6.050000e+01	2.137720e-01
6.100000e+01	2.142305e-01
6.150000e+01	2.147355e-01
6.200000e+01	2.150855e-01
6.250000e+01	2.154803e-01
6.300000e+01	2.159628e-01
6.350000e+01	2.162105e-01
6.400000e+01	2.167093e-01
6.450000e+01	2.171026e-01
6.500000e+01	2.176161e-01
6.550000e+01	2.179435e-01
6.600000e+01	2.182697e-01
6.650000e+01	2.189019e-01
6.700000e+01	2.193076e-01
6.750000e+01	2.197901e-01
6.800000e+01	2.202241e-01
6.850000e+01	2.206551e-01
6.900000e+01	2.212478e-01
6.950000e+01	2.217290e-01
7.000000e+01	2.220297e-01
7.050000e+01	2.225226e-01
7.100000e+01	2.228608e-01
7.150000e+01	2.232234e-01
7.200000e+01	2.236949e-01
7.250000e+01	2.242932e-01
7.300000e+01	2.246623e-01
7.350000e+01	2.250494e-01
7.400000e+01	2.255392e-01
7.450000e+01	2.256947e-01
7.500000e+01	2.261296e-01
7.550000e+01	2.263323e-01
7.600000e+01	2.267978e-01
7.650000e+01	2.272339e-01
7.700000e+01	2.275042e-01
7.750000e+01	2.279272e-01
7.800000e+01	2.282029e-01
7.850000e+01	2.283670e-01
7.900000e+01	2.286135e-01
7.950000e+01	2.287907e-01
8.000000e+01	2.291723e-01
8.050000e+01	2.294727e-01
8.100000e+01	2.296548e-01
8.150000e+01	2.297839e-01
8.200000e+01	2.300585e-01
8.250000e+01	2.302634e-01
8.300000e+01	2.303471e-01
8.350000e+01	2.305917e-01
8.400000e+01	2.309828e-01
8.450000e+01	2.311618e-01
8.500000e+01	2.315606e-01
8.550000e+01	2.319828e-01
8.600000e+01	2.320315e-01
8.650000e+01	2.323737e-01
8.700000e+01	2.325945e-01
8.750000e+01	2.329653e-01
8.800000e+01	2.333269e-01
8.850000e+01	2.336010e-01
8.900000e+01	2.338026e-01
8.950000e+01	2.337806e-01
9.000000e+01	2.339930e-01
9.050000e+01	2.344386e-01
9.100000e+01	2.347753e-01
9.150000e+01	2.350809e-01
9.200000e+01	2.352697e-01
9.250000e+01	2.355102e-01
9.300000e+01	2.358796e-01
9.350000e+01	2.360654e-01
9.400000e+01	2.364980e-01
9.450000e+01	2.368839e-01
9.500000e+01	2.371181e-01
9.550000e+01	2.373961e-01
9.600000e+01	2.377151e-01
9.650000e+01	2.380134e-01
9.700000e+01	2.383276e-01
9.750000e+01	2.385599e-01
9.800000e+01	2.388204e-01
9.850000e+01	2.390361e-01
9.900000e+01	2.392710e-01
9.950000e+01	2.395742e-01
1.000000e+02	2.395954e-01
1.005000e+02	2.398966e-01
1.010000e+02	2.400901e-01
1.015000e+02	2.403421e-01
1.020000e+02	2.405376e-01
1.025000e+02	2.405189e-01
1.030000e+02	2.407018e-01
1.035000e+02	2.409385e-01
1.040000e+02	2.411404e-01
1.045000e+02	2.414000e-01
1.050000e+02	2.416992e-01
1.055000e+02	2.418112e-01
1.060000e+02	2.419289e-01
1.065000e+02	2.422763e-01
1.070000e+02	2.424732e-01
1.075000e+02	2.424902e-01
1.080000e+02	2.427214e-01
1.085000e+02	2.430045e-01
1.090000e+02	2.430057e-01
1.095000e+02	2.433157e-01
1.100000e+02	2.433626e-01
1.105000e+02	2.433357e-01
1.110000e+02	2.435530e-01
1.115000e+02	2.437529e-01
1.120000e+02	2.438971e-01
1.125000e+02	2.438572e-01
1.130000e+02	2.439544e-01
1.135000e+02	2.441877e-01
1.140000e+02	2.443628e-01
1.145000e+02	2.445701e-01
1.150000e+02	2.447593e-01
1.155000e+02	2.449469e-01
1.160000e+02	2.451274e-01
1.165000e+02	2.452755e-01
1.170000e+02	2.452117e-01
1.175000e+02	2.451813e-01
1.180000e+02	2.452297e-01
1.185000e+02	2.452148e-01
1.190000e+02	2.452792e-01
1.195000e+02	2.452581e-01
1.200000e+02	2.451312e-01
1.205000e+02	2.452033e-01
1.210000e+02	2.448913e-01
1.215000e+02	2.448838e-01
1.220000e+02	2.449001e-01
1.225000e+02	2.449346e-01
1.230000e+02	2.449809e-01
1.235000e+02	2.451576e-01
1.240000e+02	2.451616e-01
1.245000e+02	2.451677e-01
1.250000e+02	2.453873e-01
1.255000e+02	2.457080e-01
1.260000e+02	2.457495e-01
1.265000e+02	2.459148e-01
1.270000e+02	2.461011e-01
1.275000e+02	2.461697e-01
1.280000e+02	2.463359e-01
1.285000e+02	2.462238e-01
1.290000e+02	2.464320e-01
1.295000e+02	2.466246e-01
1.300000e+02	2.467314e-01
1.305000e+02	2.467444e-01
1.310000e+02	2.470117e-01
1.315000e+02	2.471102e-01
1.320000e+02	2.473008e-01
1.325000e+02	2.474110e-01
1.330000e+02	2.476867e-01
1.335000e+02	2.478375e-01
1.340000e+02	2.480818e-01
1.345000e+02	2.480890e-01
1.350000e+02	2.483459e-01
1.355000e+02	2.483841e-01
1.360000e+02	2.483285e-01
1.365000e+02	2.485683e-01
1.370000e+02	2.487529e-01
1.375000e+02	2.488153e-01
1.380000e+02	2.490147e-01
1.385000e+02	2.491384e-01
1.390000e+02	2.491303e-01
1.395000e+02	2.491983e-01
1.400000e+02	2.492392e-01
1.405000e+02	2.493594e-01
1.410000e+02	2.493602e-01
1.415000e+02	2.495295e-01
1.420000e+02	2.497154e-01
1.425000e+02	2.497977e-01
1.430000e+02	2.497814e-01
1.435000e+02	2.498140e-01
1.440000e+02	2.500186e-01
1.445000e+02	2.501214e-01
1.450000e+02	2.503289e-01
1.455000e+02	2.502347e-01
1.460000e+02	2.504813e-01
1.465000e+02	2.505388e-01
1.470000e+02	2.505293e-01
1.475000e+02	2.505461e-01
1.480000e+02	2.506923e-01
1.485000e+02	2.507559e-01
1.490000e+02	2.508773e-01
1.495000e+02	2.511237e-01
1.500000e+02	2.512825e-01
1.505000e+02	2.512368e-01
1.510000e+02	2.514884e-01
1.515000e+02	2.515865e-01
1.520000e+02	2.517708e-01
1.525000e+02	2.518239e-01
1.530000e+02	2.519616e-01
1.535000e+02	2.520404e-01
1.540000e+02	2.521631e-01
1.545000e+02	2.521509e-01
1.550000e+02	2.522955e-01
1.555000e+02	2.523367e-01
1.560000e+02	2.524662e-01
1.565000e+02	2.526242e-01
1.570000e+02	2.528901e-01
1.575000e+02	2.531360e-01
1.580000e+02	2.531732e-01
1.585000e+02	2.533811e-01
1.590000e+02	2.536676e-01
1.595000e+02	2.537302e-01
1.600000e+02	2.537610e-01
1.605000e+02	2.537411e-01
1.610000e+02	2.539677e-01
1.615000e+02	2.539625e-01
1.620000e+02	2.540196e-01
1.625000e+02	2.539582e-01
1.630000e+02	2.540888e-01
1.635000e+02	2.539192e-01
1.640000e+02	2.541315e-01
1.645000e+02	2.540901e-01
1.650000e+02	2.541564e-01
1.655000e+02	2.539863e-01
1.660000e+02	2.540327e-01
1.665000e+02	2.539960e-01
1.670000e+02	2.540921e-01
1.675000e+02	2.540495e-01
1.680000e+02	2.542077e-01
1.685000e+02	2.542227e-01
1.690000e+02	2.541355e-01
1.695000e+02	2.544414e-01
1.700000e+02	2.542598e-01
1.705000e+02	2.545993e-01
1.710000e+02	2.548478e-01
1.715000e+02	2.550438e-01
1.720000e+02	2.550291e-01
1.725000e+02	2.552100e-01
1.730000e+02	2.555576e-01
1.735000e+02	2.556918e-01
1.740000e+02	2.557459e-01
1.745000e+02	2.559041e-01
1.750000e+02	2.560831e-01
1.755000e+02	2.563748e-01
1.760000e+02	2.563820e-01
1.765000e+02	2.567523e-01
1.770000e+02	2.569462e-01
1.775000e+02	2.569964e-01
1.780000e+02	2.571967e-01
1.785000e+02	2.573810e-01
1.790000e+02	2.577412e-01
1.795000e+02	2.578546e-01
1.800000e+02	2.580249e-01
1.805000e+02	2.580870e-01
1.810000e+02	2.580226e-01
1.815000e+02	2.581384e-01
1.820000e+02	2.581121e-01
1.825000e+02	2.581634e-01
1.830000e+02	2.582898e-01
1.835000e+02	2.582251e-01
1.840000e+02	2.582729e-01
1.845000e+02	2.582679e-01
1.850000e+02	2.582720e-01
1.855000e+02	2.580565e-01
1.860000e+02	2.580290e-01
1.865000e+02	2.580647e-01
1.870000e+02	2.581139e-01
1.875000e+02	2.580092e-01
1.880000e+02	2.578194e-01
1.885000e+02	2.576770e-01
1.890000e+02	2.576014e-01
1.895000e+02	2.575774e-01
1.900000e+02	2.574965e-01
1.905000e+02	2.574042e-01
1.910000e+02	2.574151e-01
1.915000e+02	2.574807e-01
1.920000e+02	2.577582e-01
1.925000e+02	2.576286e-01
1.930000e+02	2.574713e-01
1.935000e+02	2.575468e-01
1.940000e+02	2.575150e-01
1.945000e+02	2.575606e-01
1.950000e+02	2.575053e-01
1.955000e+02	2.575057e-01
1.960000e+02	2.575892e-01
1.965000e+02	2.575144e-01
1.970000e+02	2.574001e-01
1.975000e+02	2.575306e-01
1.980000e+02	2.574572e-01
1.985000e+02	2.573974e-01
1.990000e+02	2.574044e-01
1.995000e+02	2.573410e-01
2.000000e+02	2.572191e-01
2.005000e+02	2.572543e-01
2.010000e+02	2.571893e-01
2.015000e+02	2.569011e-01
2.020000e+02	2.569296e-01
2.025000e+02	2.567393e-01
2.030000e+02	2.566432e-01
2.035000e+02	2.564864e-01
2.040000e+02	2.564819e-01
2.045000e+02	2.566624e-01
2.050000e+02	2.565861e-01
2.055000e+02	2.564043e-01
2.060000e+02	2.562049e-01
2.065000e+02	2.561643e-01
2.070000e+02	2.562768e-01
2.075000e+02	2.563544e-01
2.080000e+02	2.564245e-01
2.085000e+02	2.565709e-01
2.090000e+02	2.565671e-01
2.095000e+02	2.566252e-01
2.100000e+02	2.568401e-01
2.105000e+02	2.569754e-01
2.110000e+02	2.571568e-01
2.115000e+02	2.571512e-01
2.120000e+02	2.572130e-01
2.125000e+02	2.572546e-01
2.130000e+02	2.575597e-01
2.135000e+02	2.576733e-01
2.140000e+02	2.577333e-01
2.145000e+02	2.578097e-01
2.150000e+02	2.578842e-01
2.155000e+02	2.577053e-01
2.160000e+02	2.575160e-01
2.165000e+02	2.575572e-01
2.170000e+02	2.575483e-01
2.175000e+02	2.577341e-01
2.180000e+02	2.577061e-01
2.185000e+02	2.581155e-01
2.190000e+02	2.579776e-01
2.195000e+02	2.581288e-01
2.200000e+02	2.580881e-01
2.205000e+02	2.581359e-01
2.210000e+02	2.582098e-01
2.215000e+02	2.582033e-01
2.220000e+02	2.581924e-01
2.225000e+02	2.580842e-01
2.230000e+02	2.581987e-01
2.235000e+02	2.583772e-01
2.240000e+02	2.583814e-01
2.245000e+02	2.585084e-01
2.250000e+02	2.586269e-01
2.255000e+02	2.587830e-01
2.260000e+02	2.588785e-01
2.265000e+02	2.590075e-01
2.270000e+02	2.586386e-01
2.275000e+02	2.585619e-01
2.280000e+02	2.586964e-01
2.285000e+02	2.588480e-01
2.290000e+02	2.591280e-01
2.295000e+02	2.591833e-01
2.300000e+02	2.590303e-01
2.305000e+02	2.588053e-01
2.310000e+02	2.591010e-01
2.315000e+02	2.591546e-01
2.320000e+02	2.590186e-01
2.325000e+02	2.590136e-01
2.330000e+02	2.591893e-01
2.335000e+02	2.591417e-01
2.340000e+02	2.590066e-01
2.345000e+02	2.591385e-01
2.350000e+02	2.588410e-01
2.355000e+02	2.588164e-01
2.360000e+02	2.585992e-01
2.365000e+02	2.585610e-01
2.370000e+02	2.584686e-01
2.375000e+02	2.584423e-01
2.380000e+02	2.583402e-01
2.385000e+02	2.583291e-01
2.390000e+02	2.583108e-01
2.395000e+02	2.583488e-01
2.400000e+02	2.580754e-01
2.405000e+02	2.579801e-01
2.410000e+02	2.578404e-01
2.415000e+02	2.579665e-01
2.420000e+02	2.576999e-01
2.425000e+02	2.574201e-01
2.430000e+02	2.576574e-01
2.435000e+02	2.576589e-01
2.440000e+02	2.577485e-01
2.445000e+02	2.580659e-01
2.450000e+02	2.580812e-01
2.455000e+02	2.581548e-01
2.460000e+02	2.581685e-01
2.465000e+02	2.580566e-01
2.470000e+02	2.581763e-01
2.475000e+02	2.580898e-01
2.480000e+02	2.582674e-01
2.485000e+02	2.580381e-01
2.490000e+02	2.581633e-01
2.495000e+02	2.580287e-01
2.500000e+02	2.578123e-01
2.505000e+02	2.579358e-01
2.510000e+02	2.580510e-01
2.515000e+02	2.579213e-01
2.520000e+02	2.580309e-01
2.525000e+02	2.579703e-01
2.530000e+02	2.580950e-01
2.535000e+02	2.579053e-01
2.540000e+02	2.581396e-01
2.545000e+02	2.581232e-01
2.550000e+02	2.582271e-01
2.555000e+02	2.583718e-01
2.560000e+02	2.582059e-01
2.565000e+02	2.583313e-01
2.570000e+02	2.583674e-01
2.575000e+02	2.583682e-01
2.580000e+02	2.582998e-01
2.585000e+02	2.584389e-01
2.590000e+02	2.584614e-01
2.595000e+02	2.583942e-01
2.600000e+02	2.585559e-01
2.605000e+02	2.580959e-01
2.610000e+02	2.580144e-01
2.615000e+02	2.583696e-01
2.620000e+02	2.583340e-01
2.625000e+02	2.584495e-01
2.630000e+02	2.584880e-01
2.635000e+02	2.586873e-01
2.640000e+02	2.586219e-01
2.645000e+02	2.586300e-01
2.650000e+02	2.588310e-01
2.655000e+02	2.584896e-01
2.660000e+02	2.584004e-01
2.665000e+02	2.584725e-01
2.670000e+02	2.586051e-01
2.675000e+02	2.584465e-01
2.680000e+02	2.585677e-01
2.685000e+02	2.585156e-01
2.690000e+02	2.586347e-01
2.695000e+02	2.586041e-01
2.700000e+02	2.588254e-01
2.705000e+02	2.591613e-01
2.710000e+02	2.592976e-01
2.715000e+02	2.600182e-01
2.720000e+02	2.602719e-01
2.725000e+02	2.605061e-01
2.730000e+02	2.606462e-01
2.735000e+02	2.609009e-01
2.740000e+02	2.611320e-01
2.745000e+02	2.612069e-01
2.750000e+02	2.616210e-01
2.755000e+02	2.618770e-01
2.760000e+02	2.618509e-01
2.765000e+02	2.620721e-01
2.770000e+02	2.620015e-01
2.775000e+02	2.619817e-01
2.780000e+02	2.620881e-01
2.785000e+02	2.619806e-01
2.790000e+02	2.618198e-01
2.795000e+02	2.616278e-01
2.800000e+02	2.616769e-01
2.805000e+02	2.616421e-01
2.810000e+02	2.617668e-01
2.815000e+02	2.617750e-01
2.820000e+02	2.615038e-01
2.825000e+02	2.614689e-01
2.830000e+02	2.609908e-01
2.835000e+02	2.610223e-01
2.840000e+02	2.614591e-01
2.845000e+02	2.613545e-01
2.850000e+02	2.614813e-01
2.855000e+02	2.613969e-01
2.860000e+02	2.615338e-01
2.865000e+02	2.617213e-01
2.870000e+02	2.615105e-01
2.875000e+02	2.615161e-01
2.880000e+02	2.613742e-01
2.885000e+02	2.612975e-01
2.890000e+02	2.611257e-01
2.895000e+02	2.609401e-01
2.900000e+02	2.606193e-01
2.905000e+02	2.608032e-01
2.910000e+02	2.606693e-01
2.915000e+02	2.607072e-01
2.920000e+02	2.602803e-01
2.925000e+02	2.600166e-01
2.930000e+02	2.595215e-01
2.935000e+02	2.593573e-01
2.940000e+02	2.594034e-01
2.945000e+02	2.590136e-01
2.950000e+02	2.589043e-01
2.955000e+02	2.586192e-01
2.960000e+02	2.587518e-01
2.965000e+02	2.583827e-01
2.970000e+02	2.584820e-01
2.975000e+02	2.585444e-01
2.980000e+02	2.582869e-01
2.985000e+02	2.582253e-01
2.990000e+02	2.581399e-01
2.995000e+02	2.584786e-01
3.000000e+02	2.583933e-01
3.005000e+02	2.585730e-01
3.010000e+02	2.585707e-01
3.015000e+02	2.586248e-01
3.020000e+02	2.583664e-01
3.025000e+02	2.582573e-01
3.030000e+02	2.580759e-01
3.035000e+02	2.578537e-01
3.040000e+02	2.577424e-01
3.045000e+02	2.577320e-01
3.050000e+02	2.576110e-01
3.055000e+02	2.579035e-01
3.060000e+02	2.581825e-01
3.065000e+02	2.579166e-01
3.070000e+02	2.578840e-01
3.075000e+02	2.576698e-01
3.080000e+02	2.575336e-01
3.085000e+02	2.576032e-01
3.090000e+02	2.571055e-01
3.095000e+02	2.568680e-01
3.100000e+02	2.567431e-01
3.105000e+02	2.566862e-01
3.110000e+02	2.566578e-01
3.115000e+02	2.567133e-01
3.120000e+02	2.568061e-01
3.125000e+02	2.570518e-01
3.130000e+02	2.567637e-01
3.135000e+02	2.567559e-01
3.140000e+02	2.564433e-01
3.145000e+02	2.565353e-01
3.150000e+02	2.566454e-01
3.155000e+02	2.565446e-01
3.160000e+02	2.564035e-01
3.165000e+02	2.563396e-01
3.170000e+02	2.563264e-01
3.175000e+02	2.564390e-01
3.180000e+02	2.563369e-01
3.185000e+02	2.563319e-01
3.190000e+02	2.560565e-01
3.195000e+02	2.559681e-01
3.200000e+02	2.558706e-01
3.205000e+02	2.559372e-01
3.210000e+02	2.554785e-01
3.215000e+02	2.557155e-01
3.220000e+02	2.555826e-01
3.225000e+02	2.552324e-01
3.230000e+02	2.554273e-01
3.235000e+02	2.550668e-01
3.240000e+02	2.549335e-01
3.245000e+02	2.548865e-01
3.250000e+02	2.546278e-01
3.255000e+02	2.546437e-01
3.260000e+02	2.547708e-01
3.265000e+02	2.548328e-01
3.270000e+02	2.548362e-01
3.275000e+02	2.548897e-01
3.280000e+02	2.547716e-01
3.285000e+02	2.545561e-01
3.290000e+02	2.549290e-01
3.295000e+02	2.548780e-01
3.300000e+02	2.547128e-01
3.305000e+02	2.541477e-01
3.310000e+02	2.539948e-01
3.315000e+02	2.536191e-01
3.320000e+02	2.536342e-01
3.325000e+02	2.540858e-01
3.330000e+02	2.544353e-01
3.335000e+02	2.545033e-01
3.340000e+02	2.549549e-01
3.345000e+02	2.552039e-01
3.350000e+02	2.555763e-01
3.355000e+02	2.558628e-01
3.360000e+02	2.556994e-01
3.365000e+02	2.556795e-01
3.370000e+02	2.557825e-01
3.375000e+02	2.555885e-01
3.380000e+02	2.557337e-01
3.385000e+02	2.556403e-01
3.390000e+02	2.562416e-01
3.395000e+02	2.568975e-01
3.400000e+02	2.566829e-01
3.405000e+02	2.571953e-01
3.410000e+02	2.573900e-01
3.415000e+02	2.571698e-01
3.420000e+02	2.570598e-01
3.425000e+02	2.570740e-01
3.430000e+02	2.568430e-01
3.435000e+02	2.571532e-01
3.440000e+02	2.567075e-01
3.445000e+02	2.567787e-01
3.450000e+02	2.571005e-01
3.455000e+02	2.567837e-01
3.460000e+02	2.572488e-01
3.465000e+02	2.577959e-01
3.470000e+02	2.579592e-01
3.475000e+02	2.584296e-01
3.480000e+02	2.586581e-01
3.485000e+02	2.589244e-01
3.490000e+02	2.589662e-01
3.495000e+02	2.591425e-01
3.500000e+02	2.598403e-01
3.505000e+02	2.599109e-01
3.510000e+02	2.603517e-01
3.515000e+02	2.605356e-01
3.520000e+02	2.600540e-01
3.525000e+02	2.601137e-01
3.530000e+02	2.605148e-01
3.535000e+02	2.610568e-01
3.540000e+02	2.614060e-01
3.545000e+02	2.617943e-01
3.550000e+02	2.619798e-01
3.555000e+02	2.619250e-01
3.560000e+02	2.618458e-01
3.565000e+02	2.622955e-01
3.570000e+02	2.627007e-01
3.575000e+02	2.623745e-01
3.580000e+02	2.628175e-01
3.585000e+02	2.631021e-01
3.590000e+02	2.631824e-01
3.595000e+02	2.635788e-01
3.600000e+02	2.636042e-01
3.605000e+02	2.635897e-01
3.610000e+02	2.638065e-01
3.615000e+02	2.643884e-01
3.620000e+02	2.643955e-01
3.625000e+02	2.641533e-01
3.630000e+02	2.642213e-01
3.635000e+02	2.641230e-01
3.640000e+02	2.642666e-01
3.645000e+02	2.643791e-01
3.650000e+02	2.648241e-01
3.655000e+02	2.650169e-01
3.660000e+02	2.653011e-01
3.665000e+02	2.658194e-01
3.670000e+02	2.660848e-01
3.675000e+02	2.663093e-01
3.680000e+02	2.664414e-01
3.685000e+02	2.657111e-01
3.690000e+02	2.658312e-01
3.695000e+02	2.657603e-01
3.700000e+02	2.655914e-01
3.705000e+02	2.663567e-01
3.710000e+02	2.662528e-01
3.715000e+02	2.655113e-01
3.720000e+02	2.662148e-01
3.725000e+02	2.665933e-01
3.730000e+02	2.666179e-01
3.735000e+02	2.659302e-01
3.740000e+02	2.661940e-01
3.745000e+02	2.663880e-01
3.750000e+02	2.664256e-01
3.755000e+02	2.668381e-01
3.760000e+02	2.675376e-01
3.765000e+02	2.674969e-01
3.770000e+02	2.669681e-01
3.775000e+02	2.669079e-01
3.780000e+02	2.671183e-01
3.785000e+02	2.671495e-01
3.790000e+02	2.678251e-01
3.795000e+02	2.679085e-01
3.800000e+02	2.683109e-01
3.805000e+02	2.684239e-01
3.810000e+02	2.692303e-01
3.815000e+02	2.696249e-01
3.820000e+02	2.697109e-01
3.825000e+02	2.692005e-01
3.830000e+02	2.691721e-01
3.835000e+02	2.687552e-01
3.840000e+02	2.687737e-01
3.845000e+02	2.696177e-01
3.850000e+02	2.707389e-01
3.855000e+02	2.705776e-01
3.860000e+02	2.697987e-01
3.865000e+02	2.697798e-01
3.870000e+02	2.700074e-01
3.875000e+02	2.707178e-01
3.880000e+02	2.705550e-01
3.885000e+02	2.702178e-01
3.890000e+02	2.707753e-01
3.895000e+02	2.689916e-01
3.900000e+02	2.676761e-01
3.905000e+02	2.671861e-01
3.910000e+02	2.681597e-01
3.915000e+02	2.681877e-01
3.920000e+02	2.685692e-01
3.925000e+02	2.691200e-01
3.930000e+02	2.674612e-01
3.935000e+02	2.684560e-01
3.940000e+02	2.694203e-01
3.945000e+02	2.698778e-01
3.950000e+02	2.686398e-01
3.955000e+02	2.701645e-01
3.960000e+02	2.707213e-01
3.965000e+02	2.716184e-01
3.970000e+02	2.734798e-01
3.975000e+02	2.737111e-01
3.980000e+02	2.716086e-01
3.985000e+02	2.771579e-01
3.990000e+02	2.758647e-01
