1.000000e-01	3.408366e-03
2.000000e-01	7.541917e-03
3.000000e-01	1.192995e-02
4.000000e-01	1.643518e-02
5.000000e-01	2.102795e-02
6.000000e-01	2.570605e-02
7.000000e-01	3.041580e-02
8.000000e-01	3.512891e-02
9.000000e-01	3.987472e-02
1.000000e+00	4.462929e-02
1.100000e+00	4.938529e-02
1.200000e+00	5.413672e-02
1.300000e+00	5.880616e-02
1.400000e+00	6.340064e-02
1.500000e+00	6.788124e-02
1.600000e+00	7.225216e-02
1.700000e+00	7.651352e-02
1.800000e+00	8.061300e-02
1.900000e+00	8.454509e-02
2.000000e+00	8.833876e-02
2.100000e+00	9.200358e-02
2.200000e+00	9.554270e-02
2.300000e+00	9.895274e-02
2.400000e+00	1.022183e-01
2.500000e+00	1.052984e-01
2.600000e+00	1.082819e-01
2.700000e+00	1.111373e-01
2.800000e+00	1.138749e-01
2.900000e+00	1.165489e-01
3.000000e+00	1.190675e-01
3.100000e+00	1.214961e-01
3.200000e+00	1.238755e-01
3.300000e+00	1.260857e-01
3.400000e+00	1.281830e-01
3.500000e+00	1.300982e-01
3.600000e+00	1.319327e-01
3.700000e+00	1.337071e-01
3.800000e+00	1.354490e-01
3.900000e+00	1.371465e-01
4.000000e+00	1.387714e-01
4.100000e+00	1.402981e-01
4.200000e+00	1.416951e-01
4.300000e+00	1.430484e-01
4.400000e+00	1.443748e-01
4.500000e+00	1.456441e-01
4.600000e+00	1.468602e-01
4.700000e+00	1.479817e-01
4.800000e+00	1.490594e-01
4.900000e+00	1.500620e-01
5.000000e+00	1.510250e-01
5.100000e+00	1.519032e-01
5.200000e+00	1.526468e-01
5.300000e+00	1.533565e-01
5.400000e+00	1.539926e-01
5.500000e+00	1.546318e-01
5.600000e+00	1.551901e-01
5.700000e+00	1.557048e-01
5.800000e+00	1.561083e-01
5.900000e+00	1.564664e-01
6.000000e+00	1.567419e-01
6.100000e+00	1.570055e-01
6.200000e+00	1.572856e-01
6.300000e+00	1.575456e-01
6.400000e+00	1.578905e-01
6.500000e+00	1.582130e-01
6.600000e+00	1.584707e-01
6.700000e+00	1.587733e-01
6.800000e+00	1.590573e-01
6.900000e+00	1.592232e-01
7.000000e+00	1.594411e-01
7.100000e+00	1.596828e-01
7.200000e+00	1.599176e-01
7.300000e+00	1.602043e-01
7.400000e+00	1.604037e-01
7.500000e+00	1.606117e-01
7.600000e+00	1.608092e-01
7.700000e+00	1.610037e-01
7.800000e+00	1.612269e-01
7.900000e+00	1.613863e-01
8.000000e+00	1.614962e-01
8.100000e+00	1.617030e-01
8.200000e+00	1.618325e-01
8.300000e+00	1.619560e-01
8.400000e+00	1.621225e-01
8.500000e+00	1.623048e-01
8.600000e+00	1.624729e-01
8.700000e+00	1.627725e-01
8.800000e+00	1.630639e-01
8.900000e+00	1.633112e-01
9.000000e+00	1.635613e-01
9.100000e+00	1.638237e-01
9.200000e+00	1.640835e-01
9.300000e+00	1.642846e-01
9.400000e+00	1.645018e-01
9.500000e+00	1.646570e-01
9.600000e+00	1.649175e-01
9.700000e+00	1.651374e-01
9.800000e+00	1.652062e-01
9.900000e+00	1.653541e-01
1.000000e+01	1.654207e-01
1.010000e+01	1.655247e-01
1.020000e+01	1.656157e-01
1.030000e+01	1.657843e-01
1.040000e+01	1.659192e-01
1.050000e+01	1.660218e-01
1.060000e+01	1.661606e-01
1.070000e+01	1.661478e-01
1.080000e+01	1.660982e-01
1.090000e+01	1.660418e-01
1.100000e+01	1.660271e-01
1.110000e+01	1.659740e-01
1.120000e+01	1.658453e-01
1.130000e+01	1.658553e-01
1.140000e+01	1.658641e-01
1.150000e+01	1.658494e-01
1.160000e+01	1.658816e-01
1.170000e+01	1.659995e-01
1.180000e+01	1.660262e-01
1.190000e+01	1.661081e-01
1.200000e+01	1.661204e-01
1.210000e+01	1.661392e-01
1.220000e+01	1.661189e-01
1.230000e+01	1.659901e-01
1.240000e+01	1.658929e-01
1.250000e+01	1.659630e-01
1.260000e+01	1.660647e-01
1.270000e+01	1.660971e-01
1.280000e+01	1.662152e-01
1.290000e+01	1.661620e-01
1.300000e+01	1.661090e-01
1.310000e+01	1.660211e-01
1.320000e+01	1.660206e-01
1.330000e+01	1.659297e-01
1.340000e+01	1.657913e-01
1.350000e+01	1.656363e-01
1.360000e+01	1.655152e-01
1.370000e+01	1.654549e-01
1.380000e+01	1.654209e-01
1.390000e+01	1.653723e-01
1.400000e+01	1.651379e-01
1.410000e+01	1.650182e-01
1.420000e+01	1.650893e-01
1.430000e+01	1.650225e-01
1.440000e+01	1.649109e-01
1.450000e+01	1.647957e-01
1.460000e+01	1.647915e-01
1.470000e+01	1.647036e-01
1.480000e+01	1.646685e-01
1.490000e+01	1.645494e-01
1.500000e+01	1.645633e-01
1.510000e+01	1.645616e-01
1.520000e+01	1.644950e-01
1.530000e+01	1.643929e-01
1.540000e+01	1.643616e-01
1.550000e+01	1.643512e-01
1.560000e+01	1.644584e-01
1.570000e+01	1.645799e-01
1.580000e+01	1.647686e-01
1.590000e+01	1.649497e-01
1.600000e+01	1.651007e-01
1.610000e+01	1.651783e-01
1.620000e+01	1.652606e-01
1.630000e+01	1.654598e-01
1.640000e+01	1.655349e-01
1.650000e+01	1.655358e-01
1.660000e+01	1.654702e-01
1.670000e+01	1.654806e-01
1.680000e+01	1.654602e-01
1.690000e+01	1.655417e-01
1.700000e+01	1.656434e-01
1.710000e+01	1.656061e-01
1.720000e+01	1.654171e-01
1.730000e+01	1.653469e-01
1.740000e+01	1.653038e-01
1.750000e+01	1.653089e-01
1.760000e+01	1.652396e-01
1.770000e+01	1.652988e-01
1.780000e+01	1.654276e-01
1.790000e+01	1.654699e-01
1.800000e+01	1.655537e-01
1.810000e+01	1.655288e-01
1.820000e+01	1.654539e-01
1.830000e+01	1.653320e-01
1.840000e+01	1.652240e-01
1.850000e+01	1.651697e-01
1.860000e+01	1.649790e-01
1.870000e+01	1.648700e-01
1.880000e+01	1.647206e-01
1.890000e+01	1.644120e-01
1.900000e+01	1.644120e-01
1.910000e+01	1.643309e-01
1.920000e+01	1.641089e-01
1.930000e+01	1.640000e-01
1.940000e+01	1.641061e-01
1.950000e+01	1.642830e-01
1.960000e+01	1.643175e-01
1.970000e+01	1.644626e-01
1.980000e+01	1.646932e-01
1.990000e+01	1.649156e-01
2.000000e+01	1.650355e-01
2.010000e+01	1.652625e-01
2.020000e+01	1.652811e-01
2.030000e+01	1.652640e-01
2.040000e+01	1.651158e-01
2.050000e+01	1.650009e-01
2.060000e+01	1.650452e-01
2.070000e+01	1.651836e-01
2.080000e+01	1.653076e-01
2.090000e+01	1.653567e-01
2.100000e+01	1.653567e-01
2.110000e+01	1.653761e-01
2.120000e+01	1.653301e-01
2.130000e+01	1.653230e-01
2.140000e+01	1.652832e-01
2.150000e+01	1.652437e-01
2.160000e+01	1.651324e-01
2.170000e+01	1.651252e-01
2.180000e+01	1.653057e-01
2.190000e+01	1.655338e-01
2.200000e+01	1.657282e-01
2.210000e+01	1.657924e-01
2.220000e+01	1.657792e-01
2.230000e+01	1.657575e-01
2.240000e+01	1.655820e-01
2.250000e+01	1.653969e-01
2.260000e+01	1.652800e-01
2.270000e+01	1.653975e-01
2.280000e+01	1.654623e-01
2.290000e+01	1.655584e-01
2.300000e+01	1.656654e-01
2.310000e+01	1.658243e-01
2.320000e+01	1.658838e-01
2.330000e+01	1.659779e-01
2.340000e+01	1.661189e-01
2.350000e+01	1.661366e-01
2.360000e+01	1.661150e-01
2.370000e+01	1.659013e-01
2.380000e+01	1.657079e-01
2.390000e+01	1.657512e-01
2.400000e+01	1.656115e-01
2.410000e+01	1.653990e-01
2.420000e+01	1.652250e-01
2.430000e+01	1.651058e-01
2.440000e+01	1.650564e-01
2.450000e+01	1.652348e-01
2.460000e+01	1.651955e-01
2.470000e+01	1.649283e-01
2.480000e+01	1.647045e-01
2.490000e+01	1.645312e-01
2.500000e+01	1.645563e-01
2.510000e+01	1.644380e-01
2.520000e+01	1.641839e-01
2.530000e+01	1.639430e-01
2.540000e+01	1.638180e-01
2.550000e+01	1.637426e-01
2.560000e+01	1.636431e-01
2.570000e+01	1.635133e-01
2.580000e+01	1.636185e-01
2.590000e+01	1.637106e-01
2.600000e+01	1.636978e-01
2.610000e+01	1.634851e-01
2.620000e+01	1.632779e-01
2.630000e+01	1.628833e-01
2.640000e+01	1.626564e-01
2.650000e+01	1.626328e-01
2.660000e+01	1.628612e-01
2.670000e+01	1.630093e-01
2.680000e+01	1.635177e-01
2.690000e+01	1.640616e-01
2.700000e+01	1.647348e-01
2.710000e+01	1.652440e-01
2.720000e+01	1.654290e-01
2.730000e+01	1.655606e-01
2.740000e+01	1.656645e-01
2.750000e+01	1.657048e-01
2.760000e+01	1.657217e-01
2.770000e+01	1.655011e-01
2.780000e+01	1.653501e-01
2.790000e+01	1.649628e-01
2.800000e+01	1.647689e-01
2.810000e+01	1.650589e-01
2.820000e+01	1.651987e-01
2.830000e+01	1.653139e-01
2.840000e+01	1.653030e-01
2.850000e+01	1.653834e-01
2.860000e+01	1.660354e-01
2.870000e+01	1.668220e-01
2.880000e+01	1.670545e-01
2.890000e+01	1.672945e-01
2.900000e+01	1.676431e-01
2.910000e+01	1.670079e-01
2.920000e+01	1.660388e-01
2.930000e+01	1.654635e-01
2.940000e+01	1.658609e-01
2.950000e+01	1.671112e-01
2.960000e+01	1.670113e-01
2.970000e+01	1.661185e-01
2.980000e+01	1.658410e-01
