#header: N=2	 eta=0.350000	TIME_MAX=30	TERM_TIME=20000	TEMP=0.675721
1.000000e-01	3.005679e-03
2.000000e-01	6.483721e-03
3.000000e-01	1.025126e-02
4.000000e-01	1.420491e-02
5.000000e-01	1.831151e-02
6.000000e-01	2.252110e-02
7.000000e-01	2.678781e-02
8.000000e-01	3.114770e-02
9.000000e-01	3.550139e-02
1.000000e+00	3.987213e-02
1.100000e+00	4.423781e-02
1.200000e+00	4.865105e-02
1.300000e+00	5.303615e-02
1.400000e+00	5.735058e-02
1.500000e+00	6.160451e-02
1.600000e+00	6.580078e-02
1.700000e+00	6.986712e-02
1.800000e+00	7.384663e-02
1.900000e+00	7.771792e-02
2.000000e+00	8.145044e-02
2.100000e+00	8.507015e-02
2.200000e+00	8.857512e-02
2.300000e+00	9.193015e-02
2.400000e+00	9.519660e-02
2.500000e+00	9.832380e-02
2.600000e+00	1.013498e-01
2.700000e+00	1.042770e-01
2.800000e+00	1.071492e-01
2.900000e+00	1.098709e-01
3.000000e+00	1.124894e-01
3.100000e+00	1.150300e-01
3.200000e+00	1.175566e-01
3.300000e+00	1.199511e-01
3.400000e+00	1.222431e-01
3.500000e+00	1.244048e-01
3.600000e+00	1.264724e-01
3.700000e+00	1.285463e-01
3.800000e+00	1.304953e-01
3.900000e+00	1.323862e-01
4.000000e+00	1.341200e-01
4.100000e+00	1.357674e-01
4.200000e+00	1.374089e-01
4.300000e+00	1.389587e-01
4.400000e+00	1.404526e-01
4.500000e+00	1.418898e-01
4.600000e+00	1.432774e-01
4.700000e+00	1.445452e-01
4.800000e+00	1.457320e-01
4.900000e+00	1.468682e-01
5.000000e+00	1.479136e-01
5.100000e+00	1.488177e-01
5.200000e+00	1.496793e-01
5.300000e+00	1.505672e-01
5.400000e+00	1.514592e-01
5.500000e+00	1.522417e-01
5.600000e+00	1.530097e-01
5.700000e+00	1.537401e-01
5.800000e+00	1.543540e-01
5.900000e+00	1.549583e-01
6.000000e+00	1.556042e-01
6.100000e+00	1.562585e-01
6.200000e+00	1.568777e-01
6.300000e+00	1.574692e-01
6.400000e+00	1.579826e-01
6.500000e+00	1.585144e-01
6.600000e+00	1.589774e-01
6.700000e+00	1.594639e-01
6.800000e+00	1.599296e-01
6.900000e+00	1.603166e-01
7.000000e+00	1.606646e-01
7.100000e+00	1.610628e-01
7.200000e+00	1.615434e-01
7.300000e+00	1.620534e-01
7.400000e+00	1.624824e-01
7.500000e+00	1.628456e-01
7.600000e+00	1.631082e-01
7.700000e+00	1.633342e-01
7.800000e+00	1.635727e-01
7.900000e+00	1.637715e-01
8.000000e+00	1.640041e-01
8.100000e+00	1.642165e-01
8.200000e+00	1.643905e-01
8.300000e+00	1.645307e-01
8.400000e+00	1.645986e-01
8.500000e+00	1.647404e-01
8.600000e+00	1.648326e-01
8.700000e+00	1.648496e-01
8.800000e+00	1.648581e-01
8.900000e+00	1.649173e-01
9.000000e+00	1.650750e-01
9.100000e+00	1.652982e-01
9.200000e+00	1.654420e-01
9.300000e+00	1.656557e-01
9.400000e+00	1.659102e-01
9.500000e+00	1.661708e-01
9.600000e+00	1.664309e-01
9.700000e+00	1.665948e-01
9.800000e+00	1.667831e-01
9.900000e+00	1.670327e-01
1.000000e+01	1.672551e-01
1.010000e+01	1.673307e-01
1.020000e+01	1.674234e-01
1.030000e+01	1.676185e-01
1.040000e+01	1.678473e-01
1.050000e+01	1.680088e-01
1.060000e+01	1.680849e-01
1.070000e+01	1.680918e-01
1.080000e+01	1.681588e-01
1.090000e+01	1.682284e-01
1.100000e+01	1.684201e-01
1.110000e+01	1.685781e-01
1.120000e+01	1.687685e-01
1.130000e+01	1.689149e-01
1.140000e+01	1.689521e-01
1.150000e+01	1.689934e-01
1.160000e+01	1.690651e-01
1.170000e+01	1.691967e-01
1.180000e+01	1.692983e-01
1.190000e+01	1.694438e-01
1.200000e+01	1.695301e-01
1.210000e+01	1.696941e-01
1.220000e+01	1.698293e-01
1.230000e+01	1.699973e-01
1.240000e+01	1.702010e-01
1.250000e+01	1.703362e-01
1.260000e+01	1.704699e-01
1.270000e+01	1.706885e-01
1.280000e+01	1.709876e-01
1.290000e+01	1.712002e-01
1.300000e+01	1.712544e-01
1.310000e+01	1.712489e-01
1.320000e+01	1.712281e-01
1.330000e+01	1.711609e-01
1.340000e+01	1.710163e-01
1.350000e+01	1.709562e-01
1.360000e+01	1.709693e-01
1.370000e+01	1.709310e-01
1.380000e+01	1.709936e-01
1.390000e+01	1.710594e-01
1.400000e+01	1.711048e-01
1.410000e+01	1.710133e-01
1.420000e+01	1.709237e-01
1.430000e+01	1.708361e-01
1.440000e+01	1.707714e-01
1.450000e+01	1.706520e-01
1.460000e+01	1.705442e-01
1.470000e+01	1.705216e-01
1.480000e+01	1.704942e-01
1.490000e+01	1.705791e-01
1.500000e+01	1.706419e-01
1.510000e+01	1.706381e-01
1.520000e+01	1.705875e-01
1.530000e+01	1.707153e-01
1.540000e+01	1.708425e-01
1.550000e+01	1.709309e-01
1.560000e+01	1.710283e-01
1.570000e+01	1.710356e-01
1.580000e+01	1.709198e-01
1.590000e+01	1.709168e-01
1.600000e+01	1.708523e-01
1.610000e+01	1.707447e-01
1.620000e+01	1.705905e-01
1.630000e+01	1.706141e-01
1.640000e+01	1.707728e-01
1.650000e+01	1.708627e-01
1.660000e+01	1.708190e-01
1.670000e+01	1.707482e-01
1.680000e+01	1.705502e-01
1.690000e+01	1.703533e-01
1.700000e+01	1.701244e-01
1.710000e+01	1.699167e-01
1.720000e+01	1.698398e-01
1.730000e+01	1.697410e-01
1.740000e+01	1.697456e-01
1.750000e+01	1.697969e-01
1.760000e+01	1.699515e-01
1.770000e+01	1.702103e-01
1.780000e+01	1.704779e-01
1.790000e+01	1.706587e-01
1.800000e+01	1.708463e-01
1.810000e+01	1.709390e-01
1.820000e+01	1.710986e-01
1.830000e+01	1.712278e-01
1.840000e+01	1.712972e-01
1.850000e+01	1.714440e-01
1.860000e+01	1.715353e-01
1.870000e+01	1.715074e-01
1.880000e+01	1.714874e-01
1.890000e+01	1.714729e-01
1.900000e+01	1.713719e-01
1.910000e+01	1.713882e-01
1.920000e+01	1.713786e-01
1.930000e+01	1.712625e-01
1.940000e+01	1.711284e-01
1.950000e+01	1.707902e-01
1.960000e+01	1.705990e-01
1.970000e+01	1.703487e-01
1.980000e+01	1.703034e-01
1.990000e+01	1.703523e-01
2.000000e+01	1.702726e-01
2.010000e+01	1.702811e-01
2.020000e+01	1.701792e-01
2.030000e+01	1.700585e-01
2.040000e+01	1.697863e-01
2.050000e+01	1.695324e-01
2.060000e+01	1.693711e-01
2.070000e+01	1.694260e-01
2.080000e+01	1.694819e-01
2.090000e+01	1.694830e-01
2.100000e+01	1.695039e-01
2.110000e+01	1.695897e-01
2.120000e+01	1.698074e-01
2.130000e+01	1.699336e-01
2.140000e+01	1.700796e-01
2.150000e+01	1.701973e-01
2.160000e+01	1.702160e-01
2.170000e+01	1.703083e-01
2.180000e+01	1.705111e-01
2.190000e+01	1.707176e-01
2.200000e+01	1.708345e-01
2.210000e+01	1.708764e-01
2.220000e+01	1.708901e-01
2.230000e+01	1.708462e-01
2.240000e+01	1.707635e-01
2.250000e+01	1.706788e-01
2.260000e+01	1.707342e-01
2.270000e+01	1.708173e-01
2.280000e+01	1.709290e-01
2.290000e+01	1.710474e-01
2.300000e+01	1.711653e-01
2.310000e+01	1.711809e-01
2.320000e+01	1.712407e-01
2.330000e+01	1.712940e-01
2.340000e+01	1.714507e-01
2.350000e+01	1.714917e-01
2.360000e+01	1.713478e-01
2.370000e+01	1.712698e-01
2.380000e+01	1.712448e-01
2.390000e+01	1.709932e-01
2.400000e+01	1.707628e-01
2.410000e+01	1.706131e-01
2.420000e+01	1.704777e-01
2.430000e+01	1.703850e-01
2.440000e+01	1.703896e-01
2.450000e+01	1.701865e-01
2.460000e+01	1.699079e-01
2.470000e+01	1.697115e-01
2.480000e+01	1.695773e-01
2.490000e+01	1.695585e-01
2.500000e+01	1.695853e-01
2.510000e+01	1.696041e-01
2.520000e+01	1.694914e-01
2.530000e+01	1.693249e-01
2.540000e+01	1.691548e-01
2.550000e+01	1.688648e-01
2.560000e+01	1.685121e-01
2.570000e+01	1.679720e-01
2.580000e+01	1.673300e-01
2.590000e+01	1.667664e-01
2.600000e+01	1.660238e-01
2.610000e+01	1.655118e-01
2.620000e+01	1.652240e-01
2.630000e+01	1.649772e-01
2.640000e+01	1.648644e-01
2.650000e+01	1.647567e-01
2.660000e+01	1.647482e-01
2.670000e+01	1.649618e-01
2.680000e+01	1.651488e-01
2.690000e+01	1.653672e-01
2.700000e+01	1.653685e-01
2.710000e+01	1.655545e-01
2.720000e+01	1.657692e-01
2.730000e+01	1.662126e-01
2.740000e+01	1.664822e-01
2.750000e+01	1.668926e-01
2.760000e+01	1.676143e-01
2.770000e+01	1.681002e-01
2.780000e+01	1.681289e-01
2.790000e+01	1.681351e-01
2.800000e+01	1.681086e-01
2.810000e+01	1.683260e-01
2.820000e+01	1.685978e-01
2.830000e+01	1.689344e-01
2.840000e+01	1.689889e-01
2.850000e+01	1.692798e-01
2.860000e+01	1.695111e-01
2.870000e+01	1.698030e-01
2.880000e+01	1.703666e-01
2.890000e+01	1.705207e-01
2.900000e+01	1.709047e-01
2.910000e+01	1.705101e-01
2.920000e+01	1.696621e-01
2.930000e+01	1.693242e-01
2.940000e+01	1.691438e-01
2.950000e+01	1.691152e-01
2.960000e+01	1.688071e-01
2.970000e+01	1.688304e-01
2.980000e+01	1.673496e-01
