1.000000e-01	1.529208e-03
2.000000e-01	2.699140e-03
3.000000e-01	3.957624e-03
4.000000e-01	5.257820e-03
5.000000e-01	6.575751e-03
6.000000e-01	7.896754e-03
7.000000e-01	9.224686e-03
8.000000e-01	1.056216e-02
9.000000e-01	1.189070e-02
1.000000e+00	1.323454e-02
1.100000e+00	1.456241e-02
1.200000e+00	1.588923e-02
1.300000e+00	1.724067e-02
1.400000e+00	1.857935e-02
1.500000e+00	1.992886e-02
1.600000e+00	2.127034e-02
1.700000e+00	2.259987e-02
1.800000e+00	2.395297e-02
1.900000e+00	2.529722e-02
2.000000e+00	2.665662e-02
2.100000e+00	2.801485e-02
2.200000e+00	2.939119e-02
2.300000e+00	3.074075e-02
2.400000e+00	3.211044e-02
2.500000e+00	3.345493e-02
2.600000e+00	3.479846e-02
2.700000e+00	3.614295e-02
2.800000e+00	3.747936e-02
2.900000e+00	3.881852e-02
3.000000e+00	4.014399e-02
3.100000e+00	4.146418e-02
3.200000e+00	4.277873e-02
3.300000e+00	4.407309e-02
3.400000e+00	4.535772e-02
3.500000e+00	4.662636e-02
3.600000e+00	4.788441e-02
3.700000e+00	4.913713e-02
3.800000e+00	5.037591e-02
3.900000e+00	5.162805e-02
4.000000e+00	5.286297e-02
4.100000e+00	5.410899e-02
4.200000e+00	5.534579e-02
4.300000e+00	5.657053e-02
4.400000e+00	5.779136e-02
4.500000e+00	5.899000e-02
4.600000e+00	6.018222e-02
4.700000e+00	6.137249e-02
4.800000e+00	6.254942e-02
4.900000e+00	6.374430e-02
5.000000e+00	6.493193e-02
5.100000e+00	6.611268e-02
5.200000e+00	6.729184e-02
5.300000e+00	6.845754e-02
5.400000e+00	6.960754e-02
5.500000e+00	7.073802e-02
5.600000e+00	7.185727e-02
5.700000e+00	7.295715e-02
5.800000e+00	7.402750e-02
5.900000e+00	7.510224e-02
6.000000e+00	7.617311e-02
6.100000e+00	7.723364e-02
6.200000e+00	7.826215e-02
6.300000e+00	7.927490e-02
6.400000e+00	8.029935e-02
6.500000e+00	8.131223e-02
6.600000e+00	8.229410e-02
6.700000e+00	8.326053e-02
6.800000e+00	8.418871e-02
6.900000e+00	8.510279e-02
7.000000e+00	8.602142e-02
7.100000e+00	8.694210e-02
7.200000e+00	8.786482e-02
7.300000e+00	8.877811e-02
7.400000e+00	8.966660e-02
7.500000e+00	9.057251e-02
7.600000e+00	9.146623e-02
7.700000e+00	9.233825e-02
7.800000e+00	9.321998e-02
7.900000e+00	9.406479e-02
8.000000e+00	9.492579e-02
8.100000e+00	9.576575e-02
8.200000e+00	9.660634e-02
8.300000e+00	9.741004e-02
8.400000e+00	9.821578e-02
8.500000e+00	9.899821e-02
8.600000e+00	9.976531e-02
8.700000e+00	1.005257e-01
8.800000e+00	1.013120e-01
8.900000e+00	1.020855e-01
9.000000e+00	1.028938e-01
9.100000e+00	1.036910e-01
9.200000e+00	1.045047e-01
9.300000e+00	1.053074e-01
9.400000e+00	1.060845e-01
9.500000e+00	1.068423e-01
9.600000e+00	1.075424e-01
9.700000e+00	1.082423e-01
9.800000e+00	1.089512e-01
9.900000e+00	1.096350e-01
1.000000e+01	1.103023e-01
1.010000e+01	1.109887e-01
1.020000e+01	1.116744e-01
1.030000e+01	1.123662e-01
1.040000e+01	1.130312e-01
1.050000e+01	1.137166e-01
1.060000e+01	1.143469e-01
1.070000e+01	1.149827e-01
1.080000e+01	1.156001e-01
1.090000e+01	1.161866e-01
1.100000e+01	1.167985e-01
1.110000e+01	1.174542e-01
1.120000e+01	1.180979e-01
1.130000e+01	1.187140e-01
1.140000e+01	1.193479e-01
1.150000e+01	1.199255e-01
1.160000e+01	1.205058e-01
1.170000e+01	1.210978e-01
1.180000e+01	1.217205e-01
1.190000e+01	1.222768e-01
1.200000e+01	1.228532e-01
1.210000e+01	1.234126e-01
1.220000e+01	1.239314e-01
1.230000e+01	1.243991e-01
1.240000e+01	1.249240e-01
1.250000e+01	1.254158e-01
1.260000e+01	1.258625e-01
1.270000e+01	1.263414e-01
1.280000e+01	1.267978e-01
1.290000e+01	1.271904e-01
1.300000e+01	1.275796e-01
1.310000e+01	1.280081e-01
1.320000e+01	1.283920e-01
1.330000e+01	1.287851e-01
1.340000e+01	1.292058e-01
1.350000e+01	1.296710e-01
1.360000e+01	1.301369e-01
1.370000e+01	1.305727e-01
1.380000e+01	1.310020e-01
1.390000e+01	1.314258e-01
1.400000e+01	1.318253e-01
1.410000e+01	1.321773e-01
1.420000e+01	1.325454e-01
1.430000e+01	1.329583e-01
1.440000e+01	1.333211e-01
1.450000e+01	1.337469e-01
1.460000e+01	1.342081e-01
1.470000e+01	1.346615e-01
1.480000e+01	1.350897e-01
1.490000e+01	1.355315e-01
1.500000e+01	1.358938e-01
1.510000e+01	1.362794e-01
1.520000e+01	1.366309e-01
1.530000e+01	1.369710e-01
1.540000e+01	1.372183e-01
1.550000e+01	1.374864e-01
1.560000e+01	1.377574e-01
1.570000e+01	1.380847e-01
1.580000e+01	1.384261e-01
1.590000e+01	1.387709e-01
1.600000e+01	1.391270e-01
1.610000e+01	1.394505e-01
1.620000e+01	1.397494e-01
1.630000e+01	1.400487e-01
1.640000e+01	1.403817e-01
1.650000e+01	1.407247e-01
1.660000e+01	1.410271e-01
1.670000e+01	1.412993e-01
1.680000e+01	1.415856e-01
1.690000e+01	1.418853e-01
1.700000e+01	1.422138e-01
1.710000e+01	1.425135e-01
1.720000e+01	1.428753e-01
1.730000e+01	1.431875e-01
1.740000e+01	1.435019e-01
1.750000e+01	1.437692e-01
1.760000e+01	1.440643e-01
1.770000e+01	1.443741e-01
1.780000e+01	1.446649e-01
1.790000e+01	1.449817e-01
1.800000e+01	1.452700e-01
1.810000e+01	1.455166e-01
1.820000e+01	1.457688e-01
1.830000e+01	1.460890e-01
1.840000e+01	1.464616e-01
1.850000e+01	1.467567e-01
1.860000e+01	1.470786e-01
1.870000e+01	1.474941e-01
1.880000e+01	1.478552e-01
1.890000e+01	1.482680e-01
1.900000e+01	1.486524e-01
1.910000e+01	1.490740e-01
1.920000e+01	1.494602e-01
1.930000e+01	1.498607e-01
1.940000e+01	1.502456e-01
1.950000e+01	1.506099e-01
1.960000e+01	1.509987e-01
1.970000e+01	1.513421e-01
1.980000e+01	1.516973e-01
1.990000e+01	1.520671e-01
2.000000e+01	1.523970e-01
2.010000e+01	1.527797e-01
2.020000e+01	1.530645e-01
2.030000e+01	1.534885e-01
2.040000e+01	1.538532e-01
2.050000e+01	1.541153e-01
2.060000e+01	1.543934e-01
2.070000e+01	1.546154e-01
2.080000e+01	1.548874e-01
2.090000e+01	1.551514e-01
2.100000e+01	1.554677e-01
2.110000e+01	1.557147e-01
2.120000e+01	1.559924e-01
2.130000e+01	1.562602e-01
2.140000e+01	1.565799e-01
2.150000e+01	1.568253e-01
2.160000e+01	1.571351e-01
2.170000e+01	1.574090e-01
2.180000e+01	1.576376e-01
2.190000e+01	1.578424e-01
2.200000e+01	1.579998e-01
2.210000e+01	1.582251e-01
2.220000e+01	1.583844e-01
2.230000e+01	1.586009e-01
2.240000e+01	1.588568e-01
2.250000e+01	1.591279e-01
2.260000e+01	1.594403e-01
2.270000e+01	1.596648e-01
2.280000e+01	1.599146e-01
2.290000e+01	1.602843e-01
2.300000e+01	1.605370e-01
2.310000e+01	1.608160e-01
2.320000e+01	1.610401e-01
2.330000e+01	1.612863e-01
2.340000e+01	1.615074e-01
2.350000e+01	1.616905e-01
2.360000e+01	1.618308e-01
2.370000e+01	1.620326e-01
2.380000e+01	1.622833e-01
2.390000e+01	1.625542e-01
2.400000e+01	1.626972e-01
2.410000e+01	1.629185e-01
2.420000e+01	1.632380e-01
2.430000e+01	1.635350e-01
2.440000e+01	1.637154e-01
2.450000e+01	1.639656e-01
2.460000e+01	1.640311e-01
2.470000e+01	1.641547e-01
2.480000e+01	1.643464e-01
2.490000e+01	1.644833e-01
2.500000e+01	1.645916e-01
2.510000e+01	1.647908e-01
2.520000e+01	1.650005e-01
2.530000e+01	1.651741e-01
2.540000e+01	1.653986e-01
2.550000e+01	1.655904e-01
2.560000e+01	1.658629e-01
2.570000e+01	1.661364e-01
2.580000e+01	1.663012e-01
2.590000e+01	1.664885e-01
2.600000e+01	1.667668e-01
2.610000e+01	1.670449e-01
2.620000e+01	1.674827e-01
2.630000e+01	1.677286e-01
2.640000e+01	1.678703e-01
2.650000e+01	1.679481e-01
2.660000e+01	1.680215e-01
2.670000e+01	1.680498e-01
2.680000e+01	1.680501e-01
2.690000e+01	1.679662e-01
2.700000e+01	1.680945e-01
2.710000e+01	1.682454e-01
2.720000e+01	1.685689e-01
2.730000e+01	1.687435e-01
2.740000e+01	1.690034e-01
2.750000e+01	1.692711e-01
2.760000e+01	1.693064e-01
2.770000e+01	1.690681e-01
2.780000e+01	1.688381e-01
2.790000e+01	1.688264e-01
2.800000e+01	1.685630e-01
2.810000e+01	1.684150e-01
2.820000e+01	1.681147e-01
2.830000e+01	1.679658e-01
2.840000e+01	1.681208e-01
2.850000e+01	1.682379e-01
2.860000e+01	1.683341e-01
2.870000e+01	1.685411e-01
2.880000e+01	1.687952e-01
2.890000e+01	1.691184e-01
2.900000e+01	1.692605e-01
2.910000e+01	1.695657e-01
2.920000e+01	1.701330e-01
2.930000e+01	1.705851e-01
2.940000e+01	1.713228e-01
2.950000e+01	1.712046e-01
2.960000e+01	1.721760e-01
2.970000e+01	1.721040e-01
2.980000e+01	1.698516e-01
