#header: N=2	 eta=0.693500	TIME_MAX=30	TERM_TIME=20000	TEMP=0.664119
1.000000e-01	9.781918e-04
2.000000e-01	1.277469e-03
3.000000e-01	1.535297e-03
4.000000e-01	1.777345e-03
5.000000e-01	2.005936e-03
6.000000e-01	2.240768e-03
7.000000e-01	2.471055e-03
8.000000e-01	2.707029e-03
9.000000e-01	2.928951e-03
1.000000e+00	3.167210e-03
1.100000e+00	3.402966e-03
1.200000e+00	3.640564e-03
1.300000e+00	3.870166e-03
1.400000e+00	4.095898e-03
1.500000e+00	4.321016e-03
1.600000e+00	4.558391e-03
1.700000e+00	4.795897e-03
1.800000e+00	5.026760e-03
1.900000e+00	5.262268e-03
2.000000e+00	5.492182e-03
2.100000e+00	5.721377e-03
2.200000e+00	5.949407e-03
2.300000e+00	6.171318e-03
2.400000e+00	6.398878e-03
2.500000e+00	6.625059e-03
2.600000e+00	6.849482e-03
2.700000e+00	7.082793e-03
2.800000e+00	7.314302e-03
2.900000e+00	7.542381e-03
3.000000e+00	7.771510e-03
3.100000e+00	7.984473e-03
3.200000e+00	8.197638e-03
3.300000e+00	8.407948e-03
3.400000e+00	8.619401e-03
3.500000e+00	8.819062e-03
3.600000e+00	9.019168e-03
3.700000e+00	9.206613e-03
3.800000e+00	9.389600e-03
3.900000e+00	9.572196e-03
4.000000e+00	9.762402e-03
4.100000e+00	9.955038e-03
4.200000e+00	1.015825e-02
4.300000e+00	1.035219e-02
4.400000e+00	1.054895e-02
4.500000e+00	1.074398e-02
4.600000e+00	1.093292e-02
4.700000e+00	1.112293e-02
4.800000e+00	1.130080e-02
4.900000e+00	1.148753e-02
5.000000e+00	1.167171e-02
5.100000e+00	1.185645e-02
5.200000e+00	1.203924e-02
5.300000e+00	1.222584e-02
5.400000e+00	1.240865e-02
5.500000e+00	1.259310e-02
5.600000e+00	1.275257e-02
5.700000e+00	1.291196e-02
5.800000e+00	1.307594e-02
5.900000e+00	1.324552e-02
6.000000e+00	1.341885e-02
6.100000e+00	1.358200e-02
6.200000e+00	1.374776e-02
6.300000e+00	1.391747e-02
6.400000e+00	1.407790e-02
6.500000e+00	1.423924e-02
6.600000e+00	1.439526e-02
6.700000e+00	1.457121e-02
6.800000e+00	1.474245e-02
6.900000e+00	1.489752e-02
7.000000e+00	1.507483e-02
7.100000e+00	1.525908e-02
7.200000e+00	1.544243e-02
7.300000e+00	1.560080e-02
7.400000e+00	1.577119e-02
7.500000e+00	1.594086e-02
7.600000e+00	1.609337e-02
7.700000e+00	1.625818e-02
7.800000e+00	1.642991e-02
7.900000e+00	1.659916e-02
8.000000e+00	1.676398e-02
8.100000e+00	1.694672e-02
8.200000e+00	1.712424e-02
8.300000e+00	1.729265e-02
8.400000e+00	1.745390e-02
8.500000e+00	1.763054e-02
8.600000e+00	1.780767e-02
8.700000e+00	1.797348e-02
8.800000e+00	1.813494e-02
8.900000e+00	1.830551e-02
9.000000e+00	1.846104e-02
9.100000e+00	1.862840e-02
9.200000e+00	1.879541e-02
9.300000e+00	1.897256e-02
9.400000e+00	1.912956e-02
9.500000e+00	1.929467e-02
9.600000e+00	1.945899e-02
9.700000e+00	1.962481e-02
9.800000e+00	1.979644e-02
9.900000e+00	1.995864e-02
1.000000e+01	2.010476e-02
1.010000e+01	2.026217e-02
1.020000e+01	2.041067e-02
1.030000e+01	2.056635e-02
1.040000e+01	2.071428e-02
1.050000e+01	2.087109e-02
1.060000e+01	2.102433e-02
1.070000e+01	2.117502e-02
1.080000e+01	2.132502e-02
1.090000e+01	2.147230e-02
1.100000e+01	2.160527e-02
1.110000e+01	2.174585e-02
1.120000e+01	2.188439e-02
1.130000e+01	2.201026e-02
1.140000e+01	2.214808e-02
1.150000e+01	2.229501e-02
1.160000e+01	2.243447e-02
1.170000e+01	2.258411e-02
1.180000e+01	2.272944e-02
1.190000e+01	2.287406e-02
1.200000e+01	2.303010e-02
1.210000e+01	2.318124e-02
1.220000e+01	2.332530e-02
1.230000e+01	2.347182e-02
1.240000e+01	2.361992e-02
1.250000e+01	2.376974e-02
1.260000e+01	2.391490e-02
1.270000e+01	2.405469e-02
1.280000e+01	2.420460e-02
1.290000e+01	2.434362e-02
1.300000e+01	2.448570e-02
1.310000e+01	2.463113e-02
1.320000e+01	2.477400e-02
1.330000e+01	2.492596e-02
1.340000e+01	2.507539e-02
1.350000e+01	2.523104e-02
1.360000e+01	2.538102e-02
1.370000e+01	2.552105e-02
1.380000e+01	2.568587e-02
1.390000e+01	2.583683e-02
1.400000e+01	2.597971e-02
1.410000e+01	2.613627e-02
1.420000e+01	2.631852e-02
1.430000e+01	2.647509e-02
1.440000e+01	2.664650e-02
1.450000e+01	2.680886e-02
1.460000e+01	2.698498e-02
1.470000e+01	2.715719e-02
1.480000e+01	2.732557e-02
1.490000e+01	2.749473e-02
1.500000e+01	2.768282e-02
1.510000e+01	2.786958e-02
1.520000e+01	2.803163e-02
1.530000e+01	2.820853e-02
1.540000e+01	2.838679e-02
1.550000e+01	2.856109e-02
1.560000e+01	2.876099e-02
1.570000e+01	2.892363e-02
1.580000e+01	2.910239e-02
1.590000e+01	2.929259e-02
1.600000e+01	2.949481e-02
1.610000e+01	2.968798e-02
1.620000e+01	2.989041e-02
1.630000e+01	3.013899e-02
1.640000e+01	3.035997e-02
1.650000e+01	3.060168e-02
1.660000e+01	3.081231e-02
1.670000e+01	3.103756e-02
1.680000e+01	3.123091e-02
1.690000e+01	3.143950e-02
1.700000e+01	3.167592e-02
1.710000e+01	3.189577e-02
1.720000e+01	3.214361e-02
1.730000e+01	3.237460e-02
1.740000e+01	3.265196e-02
1.750000e+01	3.290341e-02
1.760000e+01	3.314737e-02
1.770000e+01	3.339469e-02
1.780000e+01	3.364263e-02
1.790000e+01	3.390352e-02
1.800000e+01	3.415154e-02
1.810000e+01	3.441300e-02
1.820000e+01	3.469058e-02
1.830000e+01	3.494690e-02
1.840000e+01	3.521712e-02
1.850000e+01	3.547967e-02
1.860000e+01	3.575896e-02
1.870000e+01	3.603842e-02
1.880000e+01	3.632132e-02
1.890000e+01	3.660196e-02
1.900000e+01	3.690531e-02
1.910000e+01	3.717085e-02
1.920000e+01	3.745179e-02
1.930000e+01	3.772720e-02
1.940000e+01	3.799666e-02
1.950000e+01	3.826797e-02
1.960000e+01	3.852505e-02
1.970000e+01	3.878633e-02
1.980000e+01	3.905905e-02
1.990000e+01	3.936311e-02
2.000000e+01	3.967899e-02
2.010000e+01	3.996234e-02
2.020000e+01	4.026205e-02
2.030000e+01	4.056092e-02
2.040000e+01	4.087488e-02
2.050000e+01	4.120029e-02
2.060000e+01	4.154711e-02
2.070000e+01	4.184248e-02
2.080000e+01	4.216497e-02
2.090000e+01	4.249628e-02
2.100000e+01	4.284050e-02
2.110000e+01	4.316409e-02
2.120000e+01	4.351139e-02
2.130000e+01	4.385646e-02
2.140000e+01	4.421586e-02
2.150000e+01	4.458916e-02
2.160000e+01	4.491575e-02
2.170000e+01	4.526306e-02
2.180000e+01	4.561190e-02
2.190000e+01	4.592552e-02
2.200000e+01	4.628813e-02
2.210000e+01	4.664238e-02
2.220000e+01	4.700063e-02
2.230000e+01	4.736843e-02
2.240000e+01	4.768672e-02
2.250000e+01	4.802801e-02
2.260000e+01	4.834065e-02
2.270000e+01	4.864122e-02
2.280000e+01	4.898748e-02
2.290000e+01	4.932754e-02
2.300000e+01	4.969095e-02
2.310000e+01	5.003469e-02
2.320000e+01	5.039363e-02
2.330000e+01	5.071081e-02
2.340000e+01	5.102610e-02
2.350000e+01	5.129498e-02
2.360000e+01	5.164399e-02
2.370000e+01	5.193771e-02
2.380000e+01	5.224716e-02
2.390000e+01	5.258882e-02
2.400000e+01	5.295360e-02
2.410000e+01	5.326934e-02
2.420000e+01	5.360701e-02
2.430000e+01	5.389225e-02
2.440000e+01	5.423702e-02
2.450000e+01	5.463144e-02
2.460000e+01	5.501062e-02
2.470000e+01	5.537550e-02
2.480000e+01	5.575467e-02
2.490000e+01	5.612543e-02
2.500000e+01	5.649052e-02
2.510000e+01	5.679657e-02
2.520000e+01	5.717364e-02
2.530000e+01	5.757693e-02
2.540000e+01	5.803700e-02
2.550000e+01	5.845477e-02
2.560000e+01	5.884480e-02
2.570000e+01	5.929987e-02
2.580000e+01	5.969740e-02
2.590000e+01	6.014765e-02
2.600000e+01	6.057846e-02
2.610000e+01	6.092580e-02
2.620000e+01	6.135427e-02
2.630000e+01	6.174300e-02
2.640000e+01	6.211004e-02
2.650000e+01	6.255192e-02
2.660000e+01	6.297137e-02
2.670000e+01	6.335353e-02
2.680000e+01	6.388351e-02
2.690000e+01	6.441088e-02
2.700000e+01	6.491319e-02
2.710000e+01	6.544393e-02
2.720000e+01	6.592440e-02
2.730000e+01	6.637521e-02
2.740000e+01	6.691288e-02
2.750000e+01	6.739288e-02
2.760000e+01	6.783575e-02
2.770000e+01	6.837368e-02
2.780000e+01	6.891988e-02
2.790000e+01	6.959887e-02
2.800000e+01	7.013062e-02
2.810000e+01	7.081553e-02
2.820000e+01	7.150729e-02
2.830000e+01	7.215485e-02
2.840000e+01	7.299504e-02
2.850000e+01	7.376243e-02
2.860000e+01	7.437445e-02
2.870000e+01	7.492483e-02
2.880000e+01	7.581573e-02
2.890000e+01	7.697958e-02
2.900000e+01	7.823303e-02
2.910000e+01	7.950841e-02
2.920000e+01	8.082475e-02
2.930000e+01	8.263256e-02
2.940000e+01	8.522636e-02
2.950000e+01	8.912157e-02
2.960000e+01	9.493770e-02
2.970000e+01	1.030432e-01
2.980000e+01	1.192545e-01
