#header: N=2	 eta=0.692000	TIME_MAX=30	TERM_TIME=20000	TEMP=0.659237
1.000000e-01	9.811576e-04
2.000000e-01	1.304076e-03
3.000000e-01	1.595190e-03
4.000000e-01	1.877194e-03
5.000000e-01	2.156352e-03
6.000000e-01	2.439617e-03
7.000000e-01	2.712835e-03
8.000000e-01	2.996623e-03
9.000000e-01	3.274208e-03
1.000000e+00	3.561144e-03
1.100000e+00	3.846759e-03
1.200000e+00	4.131074e-03
1.300000e+00	4.412923e-03
1.400000e+00	4.699738e-03
1.500000e+00	4.987423e-03
1.600000e+00	5.264911e-03
1.700000e+00	5.552596e-03
1.800000e+00	5.843414e-03
1.900000e+00	6.131794e-03
2.000000e+00	6.432584e-03
2.100000e+00	6.725155e-03
2.200000e+00	6.993559e-03
2.300000e+00	7.276939e-03
2.400000e+00	7.557532e-03
2.500000e+00	7.837385e-03
2.600000e+00	8.123061e-03
2.700000e+00	8.408157e-03
2.800000e+00	8.688654e-03
2.900000e+00	8.966980e-03
3.000000e+00	9.238154e-03
3.100000e+00	9.513540e-03
3.200000e+00	9.803503e-03
3.300000e+00	1.009979e-02
3.400000e+00	1.039410e-02
3.500000e+00	1.068355e-02
3.600000e+00	1.098013e-02
3.700000e+00	1.127022e-02
3.800000e+00	1.156770e-02
3.900000e+00	1.186649e-02
4.000000e+00	1.217010e-02
4.100000e+00	1.247681e-02
4.200000e+00	1.278444e-02
4.300000e+00	1.309393e-02
4.400000e+00	1.339995e-02
4.500000e+00	1.370583e-02
4.600000e+00	1.401065e-02
4.700000e+00	1.431027e-02
4.800000e+00	1.461357e-02
4.900000e+00	1.489682e-02
5.000000e+00	1.518428e-02
5.100000e+00	1.546378e-02
5.200000e+00	1.574703e-02
5.300000e+00	1.602832e-02
5.400000e+00	1.631401e-02
5.500000e+00	1.659492e-02
5.600000e+00	1.686665e-02
5.700000e+00	1.713590e-02
5.800000e+00	1.740283e-02
5.900000e+00	1.766940e-02
6.000000e+00	1.793172e-02
6.100000e+00	1.821134e-02
6.200000e+00	1.847081e-02
6.300000e+00	1.874091e-02
6.400000e+00	1.900442e-02
6.500000e+00	1.924506e-02
6.600000e+00	1.949892e-02
6.700000e+00	1.974794e-02
6.800000e+00	2.000808e-02
6.900000e+00	2.027058e-02
7.000000e+00	2.053386e-02
7.100000e+00	2.079451e-02
7.200000e+00	2.105722e-02
7.300000e+00	2.130471e-02
7.400000e+00	2.154512e-02
7.500000e+00	2.179191e-02
7.600000e+00	2.202018e-02
7.700000e+00	2.224303e-02
7.800000e+00	2.247274e-02
7.900000e+00	2.268122e-02
8.000000e+00	2.288637e-02
8.100000e+00	2.311041e-02
8.200000e+00	2.331958e-02
8.300000e+00	2.351604e-02
8.400000e+00	2.372732e-02
8.500000e+00	2.394512e-02
8.600000e+00	2.415028e-02
8.700000e+00	2.436773e-02
8.800000e+00	2.457764e-02
8.900000e+00	2.479316e-02
9.000000e+00	2.499540e-02
9.100000e+00	2.520776e-02
9.200000e+00	2.544185e-02
9.300000e+00	2.566178e-02
9.400000e+00	2.587704e-02
9.500000e+00	2.610931e-02
9.600000e+00	2.633446e-02
9.700000e+00	2.655215e-02
9.800000e+00	2.677769e-02
9.900000e+00	2.699162e-02
1.000000e+01	2.720780e-02
1.010000e+01	2.741506e-02
1.020000e+01	2.762836e-02
1.030000e+01	2.782772e-02
1.040000e+01	2.804855e-02
1.050000e+01	2.826392e-02
1.060000e+01	2.845211e-02
1.070000e+01	2.864335e-02
1.080000e+01	2.885127e-02
1.090000e+01	2.904741e-02
1.100000e+01	2.923154e-02
1.110000e+01	2.941215e-02
1.120000e+01	2.959187e-02
1.130000e+01	2.976823e-02
1.140000e+01	2.993446e-02
1.150000e+01	3.009712e-02
1.160000e+01	3.026553e-02
1.170000e+01	3.043481e-02
1.180000e+01	3.059609e-02
1.190000e+01	3.074169e-02
1.200000e+01	3.090519e-02
1.210000e+01	3.106068e-02
1.220000e+01	3.125239e-02
1.230000e+01	3.144249e-02
1.240000e+01	3.162601e-02
1.250000e+01	3.181848e-02
1.260000e+01	3.201078e-02
1.270000e+01	3.218866e-02
1.280000e+01	3.235885e-02
1.290000e+01	3.253862e-02
1.300000e+01	3.271540e-02
1.310000e+01	3.289533e-02
1.320000e+01	3.306568e-02
1.330000e+01	3.324200e-02
1.340000e+01	3.341716e-02
1.350000e+01	3.361110e-02
1.360000e+01	3.377975e-02
1.370000e+01	3.397162e-02
1.380000e+01	3.416817e-02
1.390000e+01	3.435904e-02
1.400000e+01	3.455011e-02
1.410000e+01	3.473710e-02
1.420000e+01	3.493718e-02
1.430000e+01	3.514971e-02
1.440000e+01	3.534490e-02
1.450000e+01	3.552196e-02
1.460000e+01	3.570863e-02
1.470000e+01	3.586537e-02
1.480000e+01	3.605249e-02
1.490000e+01	3.624218e-02
1.500000e+01	3.645270e-02
1.510000e+01	3.666245e-02
1.520000e+01	3.686925e-02
1.530000e+01	3.708731e-02
1.540000e+01	3.728767e-02
1.550000e+01	3.749581e-02
1.560000e+01	3.767952e-02
1.570000e+01	3.788102e-02
1.580000e+01	3.808564e-02
1.590000e+01	3.829180e-02
1.600000e+01	3.849537e-02
1.610000e+01	3.869558e-02
1.620000e+01	3.889163e-02
1.630000e+01	3.909993e-02
1.640000e+01	3.931434e-02
1.650000e+01	3.953249e-02
1.660000e+01	3.975296e-02
1.670000e+01	3.997520e-02
1.680000e+01	4.018877e-02
1.690000e+01	4.040705e-02
1.700000e+01	4.061725e-02
1.710000e+01	4.081939e-02
1.720000e+01	4.102251e-02
1.730000e+01	4.123610e-02
1.740000e+01	4.146177e-02
1.750000e+01	4.169133e-02
1.760000e+01	4.193935e-02
1.770000e+01	4.215166e-02
1.780000e+01	4.237826e-02
1.790000e+01	4.261099e-02
1.800000e+01	4.284921e-02
1.810000e+01	4.308669e-02
1.820000e+01	4.331144e-02
1.830000e+01	4.354299e-02
1.840000e+01	4.379881e-02
1.850000e+01	4.402324e-02
1.860000e+01	4.427789e-02
1.870000e+01	4.451191e-02
1.880000e+01	4.475452e-02
1.890000e+01	4.501532e-02
1.900000e+01	4.528482e-02
1.910000e+01	4.555446e-02
1.920000e+01	4.580997e-02
1.930000e+01	4.608625e-02
1.940000e+01	4.635125e-02
1.950000e+01	4.662882e-02
1.960000e+01	4.694572e-02
1.970000e+01	4.723334e-02
1.980000e+01	4.756925e-02
1.990000e+01	4.789584e-02
2.000000e+01	4.821724e-02
2.010000e+01	4.853584e-02
2.020000e+01	4.881455e-02
2.030000e+01	4.911097e-02
2.040000e+01	4.941654e-02
2.050000e+01	4.971284e-02
2.060000e+01	4.998538e-02
2.070000e+01	5.026217e-02
2.080000e+01	5.059013e-02
2.090000e+01	5.089868e-02
2.100000e+01	5.115760e-02
2.110000e+01	5.144834e-02
2.120000e+01	5.174635e-02
2.130000e+01	5.205076e-02
2.140000e+01	5.234773e-02
2.150000e+01	5.265453e-02
2.160000e+01	5.296985e-02
2.170000e+01	5.324876e-02
2.180000e+01	5.357081e-02
2.190000e+01	5.389583e-02
2.200000e+01	5.423399e-02
2.210000e+01	5.462457e-02
2.220000e+01	5.497507e-02
2.230000e+01	5.535192e-02
2.240000e+01	5.575652e-02
2.250000e+01	5.614722e-02
2.260000e+01	5.653835e-02
2.270000e+01	5.689124e-02
2.280000e+01	5.726610e-02
2.290000e+01	5.760010e-02
2.300000e+01	5.793461e-02
2.310000e+01	5.830484e-02
2.320000e+01	5.863481e-02
2.330000e+01	5.894597e-02
2.340000e+01	5.928738e-02
2.350000e+01	5.960000e-02
2.360000e+01	5.988599e-02
2.370000e+01	6.020258e-02
2.380000e+01	6.056073e-02
2.390000e+01	6.087309e-02
2.400000e+01	6.119018e-02
2.410000e+01	6.154323e-02
2.420000e+01	6.188786e-02
2.430000e+01	6.220717e-02
2.440000e+01	6.255800e-02
2.450000e+01	6.287537e-02
2.460000e+01	6.320570e-02
2.470000e+01	6.351101e-02
2.480000e+01	6.381603e-02
2.490000e+01	6.411064e-02
2.500000e+01	6.446815e-02
2.510000e+01	6.487659e-02
2.520000e+01	6.524100e-02
2.530000e+01	6.564808e-02
2.540000e+01	6.601680e-02
2.550000e+01	6.640800e-02
2.560000e+01	6.675396e-02
2.570000e+01	6.718741e-02
2.580000e+01	6.761212e-02
2.590000e+01	6.796842e-02
2.600000e+01	6.833243e-02
2.610000e+01	6.867762e-02
2.620000e+01	6.905264e-02
2.630000e+01	6.941746e-02
2.640000e+01	6.984662e-02
2.650000e+01	7.022457e-02
2.660000e+01	7.056233e-02
2.670000e+01	7.091024e-02
2.680000e+01	7.127354e-02
2.690000e+01	7.159683e-02
2.700000e+01	7.200061e-02
2.710000e+01	7.236319e-02
2.720000e+01	7.285983e-02
2.730000e+01	7.332041e-02
2.740000e+01	7.378476e-02
2.750000e+01	7.419525e-02
2.760000e+01	7.460355e-02
2.770000e+01	7.499832e-02
2.780000e+01	7.544483e-02
2.790000e+01	7.583803e-02
2.800000e+01	7.624932e-02
2.810000e+01	7.663707e-02
2.820000e+01	7.705631e-02
2.830000e+01	7.757923e-02
2.840000e+01	7.820991e-02
2.850000e+01	7.887141e-02
2.860000e+01	7.932876e-02
2.870000e+01	8.014764e-02
2.880000e+01	8.095150e-02
2.890000e+01	8.188784e-02
2.900000e+01	8.298645e-02
2.910000e+01	8.462057e-02
2.920000e+01	8.617652e-02
2.930000e+01	8.804908e-02
2.940000e+01	9.037604e-02
2.950000e+01	9.314314e-02
2.960000e+01	9.784528e-02
2.970000e+01	1.059051e-01
2.980000e+01	1.218706e-01
