1.000000e-01	8.535848e-04
2.000000e-01	9.560036e-04
3.000000e-01	1.009041e-03
4.000000e-01	1.049727e-03
5.000000e-01	1.095299e-03
6.000000e-01	1.144823e-03
7.000000e-01	1.194992e-03
8.000000e-01	1.247206e-03
9.000000e-01	1.289332e-03
1.000000e+00	1.339040e-03
1.100000e+00	1.388136e-03
1.200000e+00	1.431205e-03
1.300000e+00	1.480679e-03
1.400000e+00	1.533890e-03
1.500000e+00	1.585913e-03
1.600000e+00	1.630334e-03
1.700000e+00	1.675542e-03
1.800000e+00	1.719093e-03
1.900000e+00	1.761973e-03
2.000000e+00	1.808121e-03
2.100000e+00	1.846703e-03
2.200000e+00	1.884092e-03
2.300000e+00	1.930360e-03
2.400000e+00	1.965514e-03
2.500000e+00	2.012924e-03
2.600000e+00	2.053297e-03
2.700000e+00	2.092493e-03
2.800000e+00	2.134779e-03
2.900000e+00	2.180177e-03
3.000000e+00	2.225347e-03
3.100000e+00	2.269756e-03
3.200000e+00	2.310441e-03
3.300000e+00	2.351979e-03
3.400000e+00	2.388310e-03
3.500000e+00	2.435883e-03
3.600000e+00	2.483790e-03
3.700000e+00	2.526459e-03
3.800000e+00	2.571775e-03
3.900000e+00	2.622629e-03
4.000000e+00	2.660494e-03
4.100000e+00	2.702566e-03
4.200000e+00	2.746726e-03
4.300000e+00	2.781384e-03
4.400000e+00	2.825671e-03
4.500000e+00	2.875315e-03
4.600000e+00	2.913368e-03
4.700000e+00	2.952445e-03
4.800000e+00	2.982786e-03
4.900000e+00	3.039502e-03
5.000000e+00	3.085407e-03
5.100000e+00	3.127260e-03
5.200000e+00	3.166724e-03
5.300000e+00	3.217965e-03
5.400000e+00	3.270606e-03
5.500000e+00	3.312494e-03
5.600000e+00	3.355909e-03
5.700000e+00	3.397941e-03
5.800000e+00	3.436042e-03
5.900000e+00	3.484643e-03
6.000000e+00	3.521941e-03
6.100000e+00	3.558293e-03
6.200000e+00	3.597419e-03
6.300000e+00	3.651035e-03
6.400000e+00	3.685515e-03
6.500000e+00	3.729913e-03
6.600000e+00	3.767565e-03
6.700000e+00	3.813761e-03
6.800000e+00	3.854854e-03
6.900000e+00	3.887257e-03
7.000000e+00	3.930619e-03
7.100000e+00	3.974415e-03
7.200000e+00	4.017035e-03
7.300000e+00	4.048616e-03
7.400000e+00	4.082425e-03
7.500000e+00	4.127525e-03
7.600000e+00	4.166437e-03
7.700000e+00	4.206278e-03
7.800000e+00	4.249129e-03
7.900000e+00	4.288189e-03
8.000000e+00	4.331854e-03
8.100000e+00	4.360080e-03
8.200000e+00	4.409975e-03
8.300000e+00	4.455384e-03
8.400000e+00	4.503730e-03
8.500000e+00	4.533967e-03
8.600000e+00	4.569351e-03
8.700000e+00	4.612489e-03
8.800000e+00	4.643825e-03
8.900000e+00	4.679879e-03
9.000000e+00	4.718650e-03
9.100000e+00	4.748830e-03
9.200000e+00	4.780479e-03
9.300000e+00	4.832630e-03
9.400000e+00	4.870683e-03
9.500000e+00	4.901474e-03
9.600000e+00	4.934001e-03
9.700000e+00	4.969477e-03
9.800000e+00	5.007331e-03
9.900000e+00	5.037609e-03
1.000000e+01	5.069939e-03
1.010000e+01	5.103359e-03
1.020000e+01	5.131666e-03
1.030000e+01	5.164760e-03
1.040000e+01	5.196773e-03
1.050000e+01	5.234023e-03
1.060000e+01	5.267283e-03
1.070000e+01	5.298796e-03
1.080000e+01	5.329116e-03
1.090000e+01	5.356980e-03
1.100000e+01	5.396839e-03
1.110000e+01	5.429762e-03
1.120000e+01	5.464104e-03
1.130000e+01	5.498523e-03
1.140000e+01	5.532055e-03
1.150000e+01	5.568938e-03
1.160000e+01	5.600023e-03
1.170000e+01	5.640860e-03
1.180000e+01	5.676874e-03
1.190000e+01	5.701921e-03
1.200000e+01	5.742994e-03
1.210000e+01	5.765210e-03
1.220000e+01	5.789074e-03
1.230000e+01	5.828862e-03
1.240000e+01	5.851379e-03
1.250000e+01	5.881788e-03
1.260000e+01	5.920045e-03
1.270000e+01	5.951283e-03
1.280000e+01	5.983824e-03
1.290000e+01	6.011720e-03
1.300000e+01	6.039805e-03
1.310000e+01	6.073754e-03
1.320000e+01	6.094447e-03
1.330000e+01	6.127701e-03
1.340000e+01	6.160270e-03
1.350000e+01	6.191296e-03
1.360000e+01	6.216005e-03
1.370000e+01	6.238614e-03
1.380000e+01	6.272705e-03
1.390000e+01	6.293777e-03
1.400000e+01	6.324097e-03
1.410000e+01	6.347638e-03
1.420000e+01	6.379219e-03
1.430000e+01	6.404890e-03
1.440000e+01	6.430084e-03
1.450000e+01	6.455531e-03
1.460000e+01	6.498258e-03
1.470000e+01	6.515297e-03
1.480000e+01	6.535853e-03
1.490000e+01	6.567563e-03
1.500000e+01	6.585204e-03
1.510000e+01	6.624667e-03
1.520000e+01	6.666612e-03
1.530000e+01	6.691548e-03
1.540000e+01	6.722477e-03
1.550000e+01	6.769768e-03
1.560000e+01	6.797601e-03
1.570000e+01	6.839691e-03
1.580000e+01	6.851595e-03
1.590000e+01	6.888643e-03
1.600000e+01	6.927290e-03
1.610000e+01	6.976655e-03
1.620000e+01	7.020159e-03
1.630000e+01	7.051602e-03
1.640000e+01	7.089487e-03
1.650000e+01	7.145106e-03
1.660000e+01	7.175932e-03
1.670000e+01	7.215953e-03
1.680000e+01	7.251387e-03
1.690000e+01	7.289989e-03
1.700000e+01	7.315742e-03
1.710000e+01	7.338379e-03
1.720000e+01	7.391152e-03
1.730000e+01	7.413245e-03
1.740000e+01	7.457397e-03
1.750000e+01	7.504357e-03
1.760000e+01	7.523787e-03
1.770000e+01	7.578713e-03
1.780000e+01	7.621322e-03
1.790000e+01	7.646444e-03
1.800000e+01	7.674671e-03
1.810000e+01	7.727733e-03
1.820000e+01	7.784992e-03
1.830000e+01	7.830463e-03
1.840000e+01	7.862615e-03
1.850000e+01	7.885647e-03
1.860000e+01	7.940178e-03
1.870000e+01	7.992896e-03
1.880000e+01	8.029570e-03
1.890000e+01	8.076688e-03
1.900000e+01	8.131111e-03
1.910000e+01	8.173123e-03
1.920000e+01	8.214777e-03
1.930000e+01	8.266214e-03
1.940000e+01	8.307989e-03
1.950000e+01	8.375788e-03
1.960000e+01	8.430154e-03
1.970000e+01	8.482801e-03
1.980000e+01	8.540991e-03
1.990000e+01	8.591889e-03
2.000000e+01	8.651201e-03
2.010000e+01	8.706994e-03
2.020000e+01	8.748255e-03
2.030000e+01	8.808586e-03
2.040000e+01	8.866511e-03
2.050000e+01	8.915220e-03
2.060000e+01	8.980873e-03
2.070000e+01	9.052913e-03
2.080000e+01	9.113455e-03
2.090000e+01	9.167200e-03
2.100000e+01	9.235932e-03
2.110000e+01	9.301984e-03
2.120000e+01	9.354039e-03
2.130000e+01	9.400920e-03
2.140000e+01	9.449493e-03
2.150000e+01	9.513235e-03
2.160000e+01	9.567801e-03
2.170000e+01	9.649592e-03
2.180000e+01	9.730499e-03
2.190000e+01	9.771708e-03
2.200000e+01	9.833648e-03
2.210000e+01	9.908448e-03
2.220000e+01	9.979932e-03
2.230000e+01	1.005027e-02
2.240000e+01	1.009803e-02
2.250000e+01	1.016476e-02
2.260000e+01	1.026926e-02
2.270000e+01	1.032041e-02
2.280000e+01	1.043086e-02
2.290000e+01	1.048763e-02
2.300000e+01	1.058597e-02
2.310000e+01	1.064515e-02
2.320000e+01	1.072791e-02
2.330000e+01	1.079972e-02
2.340000e+01	1.089206e-02
2.350000e+01	1.094625e-02
2.360000e+01	1.102162e-02
2.370000e+01	1.109919e-02
2.380000e+01	1.118863e-02
2.390000e+01	1.124730e-02
2.400000e+01	1.130714e-02
2.410000e+01	1.137818e-02
2.420000e+01	1.145478e-02
2.430000e+01	1.155208e-02
2.440000e+01	1.159138e-02
2.450000e+01	1.168172e-02
2.460000e+01	1.172021e-02
2.470000e+01	1.181595e-02
2.480000e+01	1.188554e-02
2.490000e+01	1.195677e-02
2.500000e+01	1.204522e-02
2.510000e+01	1.213323e-02
2.520000e+01	1.221182e-02
2.530000e+01	1.225511e-02
2.540000e+01	1.239936e-02
2.550000e+01	1.249295e-02
2.560000e+01	1.259518e-02
2.570000e+01	1.272162e-02
2.580000e+01	1.281391e-02
2.590000e+01	1.296303e-02
2.600000e+01	1.313271e-02
2.610000e+01	1.326192e-02
2.620000e+01	1.343154e-02
2.630000e+01	1.353546e-02
2.640000e+01	1.368972e-02
2.650000e+01	1.389165e-02
2.660000e+01	1.406721e-02
2.670000e+01	1.430012e-02
2.680000e+01	1.455438e-02
2.690000e+01	1.480765e-02
2.700000e+01	1.503603e-02
2.710000e+01	1.526076e-02
2.720000e+01	1.550247e-02
2.730000e+01	1.582347e-02
2.740000e+01	1.605005e-02
2.750000e+01	1.640451e-02
2.760000e+01	1.676510e-02
2.770000e+01	1.715659e-02
2.780000e+01	1.758744e-02
2.790000e+01	1.803175e-02
2.800000e+01	1.842902e-02
2.810000e+01	1.912259e-02
2.820000e+01	1.952083e-02
2.830000e+01	2.012693e-02
2.840000e+01	2.081854e-02
2.850000e+01	2.156435e-02
2.860000e+01	2.235607e-02
2.870000e+01	2.333469e-02
2.880000e+01	2.451585e-02
2.890000e+01	2.572215e-02
2.900000e+01	2.724706e-02
2.910000e+01	2.914094e-02
2.920000e+01	3.116552e-02
2.930000e+01	3.383851e-02
2.940000e+01	3.804501e-02
2.950000e+01	4.336157e-02
2.960000e+01	5.111761e-02
2.970000e+01	6.389206e-02
2.980000e+01	8.943894e-02
