1.000000e-01	7.865891e-04
2.000000e-01	8.387248e-04
3.000000e-01	8.563622e-04
4.000000e-01	8.778512e-04
5.000000e-01	9.094418e-04
6.000000e-01	9.363809e-04
7.000000e-01	9.559961e-04
8.000000e-01	9.835920e-04
9.000000e-01	1.014340e-03
1.000000e+00	1.043072e-03
1.100000e+00	1.074040e-03
1.200000e+00	1.096639e-03
1.300000e+00	1.119953e-03
1.400000e+00	1.153278e-03
1.500000e+00	1.178948e-03
1.600000e+00	1.204342e-03
1.700000e+00	1.219477e-03
1.800000e+00	1.240481e-03
1.900000e+00	1.266138e-03
2.000000e+00	1.290029e-03
2.100000e+00	1.308604e-03
2.200000e+00	1.335639e-03
2.300000e+00	1.361365e-03
2.400000e+00	1.384525e-03
2.500000e+00	1.407751e-03
2.600000e+00	1.436981e-03
2.700000e+00	1.454424e-03
2.800000e+00	1.472153e-03
2.900000e+00	1.490934e-03
3.000000e+00	1.521333e-03
3.100000e+00	1.540010e-03
3.200000e+00	1.557569e-03
3.300000e+00	1.581839e-03
3.400000e+00	1.609438e-03
3.500000e+00	1.628106e-03
3.600000e+00	1.644117e-03
3.700000e+00	1.664189e-03
3.800000e+00	1.681992e-03
3.900000e+00	1.700246e-03
4.000000e+00	1.724911e-03
4.100000e+00	1.743057e-03
4.200000e+00	1.763159e-03
4.300000e+00	1.784883e-03
4.400000e+00	1.802544e-03
4.500000e+00	1.819846e-03
4.600000e+00	1.847086e-03
4.700000e+00	1.866961e-03
4.800000e+00	1.890726e-03
4.900000e+00	1.911829e-03
5.000000e+00	1.926715e-03
5.100000e+00	1.939334e-03
5.200000e+00	1.962598e-03
5.300000e+00	1.979953e-03
5.400000e+00	1.996717e-03
5.500000e+00	2.021038e-03
5.600000e+00	2.041683e-03
5.700000e+00	2.066672e-03
5.800000e+00	2.084036e-03
5.900000e+00	2.101206e-03
6.000000e+00	2.113547e-03
6.100000e+00	2.140263e-03
6.200000e+00	2.161659e-03
6.300000e+00	2.183578e-03
6.400000e+00	2.203271e-03
6.500000e+00	2.222993e-03
6.600000e+00	2.240621e-03
6.700000e+00	2.255322e-03
6.800000e+00	2.280743e-03
6.900000e+00	2.309569e-03
7.000000e+00	2.317922e-03
7.100000e+00	2.346256e-03
7.200000e+00	2.358201e-03
7.300000e+00	2.378813e-03
7.400000e+00	2.395488e-03
7.500000e+00	2.416483e-03
7.600000e+00	2.441146e-03
7.700000e+00	2.466790e-03
7.800000e+00	2.478653e-03
7.900000e+00	2.500570e-03
8.000000e+00	2.519953e-03
8.100000e+00	2.538622e-03
8.200000e+00	2.561589e-03
8.300000e+00	2.589373e-03
8.400000e+00	2.605105e-03
8.500000e+00	2.623542e-03
8.600000e+00	2.642201e-03
8.700000e+00	2.673450e-03
8.800000e+00	2.684629e-03
8.900000e+00	2.697943e-03
9.000000e+00	2.721683e-03
9.100000e+00	2.747628e-03
9.200000e+00	2.772945e-03
9.300000e+00	2.783377e-03
9.400000e+00	2.810337e-03
9.500000e+00	2.828464e-03
9.600000e+00	2.855001e-03
9.700000e+00	2.877428e-03
9.800000e+00	2.896429e-03
9.900000e+00	2.921602e-03
1.000000e+01	2.942086e-03
1.010000e+01	2.956604e-03
1.020000e+01	2.977143e-03
1.030000e+01	2.996759e-03
1.040000e+01	3.017163e-03
1.050000e+01	3.031056e-03
1.060000e+01	3.051885e-03
1.070000e+01	3.078135e-03
1.080000e+01	3.104333e-03
1.090000e+01	3.121281e-03
1.100000e+01	3.145880e-03
1.110000e+01	3.163933e-03
1.120000e+01	3.182833e-03
1.130000e+01	3.198327e-03
1.140000e+01	3.226564e-03
1.150000e+01	3.256859e-03
1.160000e+01	3.278382e-03
1.170000e+01	3.283467e-03
1.180000e+01	3.295882e-03
1.190000e+01	3.330552e-03
1.200000e+01	3.356534e-03
1.210000e+01	3.370510e-03
1.220000e+01	3.388788e-03
1.230000e+01	3.407735e-03
1.240000e+01	3.428512e-03
1.250000e+01	3.450503e-03
1.260000e+01	3.480102e-03
1.270000e+01	3.505643e-03
1.280000e+01	3.533227e-03
1.290000e+01	3.549262e-03
1.300000e+01	3.570254e-03
1.310000e+01	3.592253e-03
1.320000e+01	3.619108e-03
1.330000e+01	3.646353e-03
1.340000e+01	3.668503e-03
1.350000e+01	3.687362e-03
1.360000e+01	3.705293e-03
1.370000e+01	3.725936e-03
1.380000e+01	3.755587e-03
1.390000e+01	3.770548e-03
1.400000e+01	3.797316e-03
1.410000e+01	3.832988e-03
1.420000e+01	3.863988e-03
1.430000e+01	3.878895e-03
1.440000e+01	3.902904e-03
1.450000e+01	3.917661e-03
1.460000e+01	3.943327e-03
1.470000e+01	3.971222e-03
1.480000e+01	3.999013e-03
1.490000e+01	4.022430e-03
1.500000e+01	4.053193e-03
1.510000e+01	4.069462e-03
1.520000e+01	4.079228e-03
1.530000e+01	4.111280e-03
1.540000e+01	4.139495e-03
1.550000e+01	4.155770e-03
1.560000e+01	4.183928e-03
1.570000e+01	4.212265e-03
1.580000e+01	4.234427e-03
1.590000e+01	4.257138e-03
1.600000e+01	4.285423e-03
1.610000e+01	4.314169e-03
1.620000e+01	4.338072e-03
1.630000e+01	4.358240e-03
1.640000e+01	4.396957e-03
1.650000e+01	4.417385e-03
1.660000e+01	4.464261e-03
1.670000e+01	4.477764e-03
1.680000e+01	4.502972e-03
1.690000e+01	4.528100e-03
1.700000e+01	4.559515e-03
1.710000e+01	4.584966e-03
1.720000e+01	4.618256e-03
1.730000e+01	4.642211e-03
1.740000e+01	4.668716e-03
1.750000e+01	4.700001e-03
1.760000e+01	4.730890e-03
1.770000e+01	4.755222e-03
1.780000e+01	4.773828e-03
1.790000e+01	4.820974e-03
1.800000e+01	4.859972e-03
1.810000e+01	4.892357e-03
1.820000e+01	4.913867e-03
1.830000e+01	4.938945e-03
1.840000e+01	4.960677e-03
1.850000e+01	5.000995e-03
1.860000e+01	5.019438e-03
1.870000e+01	5.059367e-03
1.880000e+01	5.085336e-03
1.890000e+01	5.113591e-03
1.900000e+01	5.139537e-03
1.910000e+01	5.158811e-03
1.920000e+01	5.183040e-03
1.930000e+01	5.205712e-03
1.940000e+01	5.230925e-03
1.950000e+01	5.244070e-03
1.960000e+01	5.275497e-03
1.970000e+01	5.318338e-03
1.980000e+01	5.366336e-03
1.990000e+01	5.376694e-03
2.000000e+01	5.417683e-03
2.010000e+01	5.467460e-03
2.020000e+01	5.489926e-03
2.030000e+01	5.546896e-03
2.040000e+01	5.567501e-03
2.050000e+01	5.628609e-03
2.060000e+01	5.655435e-03
2.070000e+01	5.691193e-03
2.080000e+01	5.721383e-03
2.090000e+01	5.783856e-03
2.100000e+01	5.808288e-03
2.110000e+01	5.860648e-03
2.120000e+01	5.880776e-03
2.130000e+01	5.940106e-03
2.140000e+01	5.967380e-03
2.150000e+01	6.026918e-03
2.160000e+01	6.057888e-03
2.170000e+01	6.109159e-03
2.180000e+01	6.162513e-03
2.190000e+01	6.215093e-03
2.200000e+01	6.272907e-03
2.210000e+01	6.310896e-03
2.220000e+01	6.354203e-03
2.230000e+01	6.417926e-03
2.240000e+01	6.470561e-03
2.250000e+01	6.518550e-03
2.260000e+01	6.540999e-03
2.270000e+01	6.622016e-03
2.280000e+01	6.667177e-03
2.290000e+01	6.715057e-03
2.300000e+01	6.755798e-03
2.310000e+01	6.805138e-03
2.320000e+01	6.872567e-03
2.330000e+01	6.918284e-03
2.340000e+01	6.970896e-03
2.350000e+01	7.018089e-03
2.360000e+01	7.082541e-03
2.370000e+01	7.141286e-03
2.380000e+01	7.192567e-03
2.390000e+01	7.257271e-03
2.400000e+01	7.316088e-03
2.410000e+01	7.367335e-03
2.420000e+01	7.441870e-03
2.430000e+01	7.504986e-03
2.440000e+01	7.555837e-03
2.450000e+01	7.629481e-03
2.460000e+01	7.665899e-03
2.470000e+01	7.764791e-03
2.480000e+01	7.850961e-03
2.490000e+01	7.946608e-03
2.500000e+01	8.039804e-03
2.510000e+01	8.104372e-03
2.520000e+01	8.172497e-03
2.530000e+01	8.280021e-03
2.540000e+01	8.395307e-03
2.550000e+01	8.477390e-03
2.560000e+01	8.566664e-03
2.570000e+01	8.666185e-03
2.580000e+01	8.769004e-03
2.590000e+01	8.888148e-03
2.600000e+01	8.998071e-03
2.610000e+01	9.080042e-03
2.620000e+01	9.227703e-03
2.630000e+01	9.396310e-03
2.640000e+01	9.557555e-03
2.650000e+01	9.718394e-03
2.660000e+01	9.840036e-03
2.670000e+01	1.003839e-02
2.680000e+01	1.021436e-02
2.690000e+01	1.042195e-02
2.700000e+01	1.062389e-02
2.710000e+01	1.091791e-02
2.720000e+01	1.109892e-02
2.730000e+01	1.135161e-02
2.740000e+01	1.160656e-02
2.750000e+01	1.193808e-02
2.760000e+01	1.226263e-02
2.770000e+01	1.267029e-02
2.780000e+01	1.305811e-02
2.790000e+01	1.350464e-02
2.800000e+01	1.396606e-02
2.810000e+01	1.444119e-02
2.820000e+01	1.488046e-02
2.830000e+01	1.552473e-02
2.840000e+01	1.610102e-02
2.850000e+01	1.689071e-02
2.860000e+01	1.777817e-02
2.870000e+01	1.868274e-02
2.880000e+01	1.967624e-02
2.890000e+01	2.100268e-02
2.900000e+01	2.229373e-02
2.910000e+01	2.416100e-02
2.920000e+01	2.626987e-02
2.930000e+01	2.917571e-02
2.940000e+01	3.288881e-02
2.950000e+01	3.845090e-02
2.960000e+01	4.622579e-02
2.970000e+01	5.940182e-02
2.980000e+01	8.692760e-02
