0	9.99999999999603e-01
1	1.66257342774182e-01
2	6.46198178751109e-02
3	2.26519344847003e-02
4	1.64962600537983e-03
5	-2.91612684679436e-03
6	3.10849821334394e-03
7	-7.05423129633631e-03
8	4.23831733833114e-03
9	3.74944403563359e-03
10	2.30594354758555e-03
11	6.71280817721542e-03
12	5.70996360077703e-03
13	9.23569915178428e-03
14	1.90972045427947e-02
15	1.99362015245789e-02
16	-2.79712144907219e-03
17	-1.54408714105757e-03
18	-6.37949720171676e-03
19	-7.83012268531799e-03
20	-1.17387628634929e-02
21	2.02666235391777e-03
22	1.78685788894548e-04
23	3.76962890108389e-03
24	-4.46193675736919e-03
25	-2.65223402409706e-03
26	1.11554460592495e-02
27	-9.38986646909829e-03
28	-6.11727639610472e-03
29	7.16660332691299e-03
30	1.00900456253521e-02
31	9.48412797440840e-03
32	-1.45334168720333e-02
33	-4.36649404982021e-03
34	4.36165288325977e-03
35	3.30028049313196e-03
36	3.72409447601614e-03
37	1.20522118439270e-02
38	-1.08258083840695e-03
39	-6.45803839845684e-03
40	-3.13598640273944e-03
41	8.31602547156328e-03
42	-1.43293707564433e-03
43	1.58959591230658e-03
44	4.79706271453800e-03
45	6.48098600708258e-03
46	1.22284017858803e-03
47	4.18908838329667e-03
48	7.23807419927061e-03
49	5.53018760893607e-03
