0	1.00000000000111e+00
1	4.10966410272113e-02
2	2.37828485000106e-02
3	1.57098656816206e-02
4	2.84600820492314e-03
5	7.00682236349810e-03
6	4.39666463499986e-03
7	7.54174525693381e-03
8	-1.59608904136363e-02
9	6.38133234384513e-03
10	-1.56155362851584e-02
11	-2.07615293392419e-02
12	7.45326427201943e-04
13	-5.63238150533031e-03
14	3.65027610709448e-03
15	1.19640780570747e-02
16	2.42815987035732e-03
17	-5.89987468176839e-03
18	-1.71783062739787e-04
19	2.90935533271296e-03
20	6.26728336622596e-03
21	1.17906443969781e-02
22	-4.66369411332483e-04
23	2.11856761910722e-03
24	-1.14994051310754e-02
25	-3.74936223446110e-03
26	-3.40015310456015e-03
27	-5.45104450099864e-03
28	8.42497574930305e-04
29	-1.99601009499044e-03
30	-1.62788934309148e-03
31	-4.19954890732544e-03
32	-3.08127148602400e-03
33	3.65005837569234e-03
34	4.49685529201734e-03
35	-1.48170383451345e-02
36	-6.67832142922573e-03
37	-5.61147933040219e-03
38	1.22328437888454e-02
39	-2.34235341720547e-03
40	2.05065607416302e-03
41	3.55441723688841e-03
42	-3.62993602075812e-03
43	-1.34469536223950e-02
44	-1.98314070864607e-03
45	-1.63351057221259e-03
46	-6.56260220544260e-03
47	1.92046064780965e-04
48	4.40862146425653e-03
49	-1.42664473205190e-03
