0	9.99999999999920e-01
1	4.42981352312072e-01
2	2.46669797250232e-01
3	1.50838603338556e-01
4	1.03746465403242e-01
5	7.10171197191721e-02
6	4.64242065480567e-02
7	3.29368390540636e-02
8	2.86130146195622e-02
9	2.63543916746359e-02
10	1.86088978480525e-02
11	1.48521017861378e-02
12	1.37502882516877e-02
13	9.02530552246512e-03
14	7.65149706331019e-04
15	1.78370912362640e-03
16	6.45640495462057e-03
17	6.58281771187878e-04
18	-5.49096584311277e-03
19	-2.84787979156908e-03
20	-6.61644193979562e-03
21	-1.03428434309303e-02
22	-1.69326016880099e-02
23	-1.46708963539586e-02
24	-2.19251233748188e-02
25	-1.74289263775190e-02
26	-1.85253306405367e-02
27	-2.44508087501019e-02
28	-1.15158754624065e-02
29	-1.34759312804383e-03
30	-1.17775343535506e-02
31	-8.27724534220172e-03
32	-1.45366117560850e-02
33	-1.43857479152293e-02
34	-2.19104850006500e-02
35	-1.53153970870656e-02
36	-1.99830668607764e-02
37	-1.32887567286542e-02
38	-5.71122925133694e-03
39	-2.35845195519108e-03
40	-1.78522322118693e-03
41	-3.10527025003663e-03
42	-6.07496171127175e-03
43	-6.29580049729956e-03
44	3.81963352419419e-03
45	-6.98094341419195e-04
46	7.61971389999710e-03
47	1.08756583210479e-02
48	8.85313223309864e-03
49	1.33551209130784e-02
