0	9.99999999999886e-01
1	7.45066984783799e-01
2	5.81909793032803e-01
3	4.66209695026302e-01
4	3.79274232992661e-01
5	3.10463792796539e-01
6	2.51257124532692e-01
7	2.09453593913320e-01
8	1.74984471779878e-01
9	1.45038486332527e-01
10	1.26878440670372e-01
11	1.09779892016756e-01
12	9.57752184676208e-02
13	8.63691507092804e-02
14	7.59373847862806e-02
15	6.27132077186366e-02
16	5.30803298476931e-02
17	4.72296371942024e-02
18	4.07130042184435e-02
19	2.85592902891142e-02
20	2.48039093613199e-02
21	2.29396273307058e-02
22	1.88115076297157e-02
23	1.83297481126662e-02
24	1.16187037144940e-02
25	7.02881983660392e-03
26	3.62924888759350e-03
27	-1.94681147273300e-03
28	-6.94405152836482e-03
29	-6.84170879182995e-03
30	-9.65037095817579e-03
31	-1.41586513221854e-02
32	-2.25937636377003e-02
33	-2.78783120960524e-02
34	-2.69340805203306e-02
35	-3.20997956282627e-02
36	-2.91095314845792e-02
37	-2.31748509380929e-02
38	-2.04944534636096e-02
39	-2.15162543466947e-02
40	-2.27472048456795e-02
41	-2.62127024543240e-02
42	-2.91363891516134e-02
43	-2.24426906706971e-02
44	-2.29125497686591e-02
45	-2.01460785028750e-02
46	-2.48195725534908e-02
47	-2.38010290887082e-02
48	-2.70823534146316e-02
49	-2.22127785103685e-02
