0	1.00000000000011e+00
1	4.39990475184611e-01
2	2.42369873900030e-01
3	1.32168810010087e-01
4	7.02876807329659e-02
5	4.86476146127562e-02
6	2.36173352096710e-02
7	1.56810125213916e-02
8	7.24316855438898e-03
9	1.52395399446855e-03
10	8.78980640408001e-04
11	1.52143865314032e-03
12	-1.14477577265688e-03
13	-6.19665928339630e-03
14	-8.84617985791559e-03
15	-6.45262176428326e-03
16	-6.80394943620200e-03
17	-7.36431970877619e-03
18	-1.36826757309891e-02
19	-1.04775383055442e-02
20	-2.70898651493395e-03
21	-7.93550827972537e-03
22	-4.75747807470853e-03
23	-8.08365869912433e-03
24	-8.08692647071266e-03
25	-9.63891583625678e-04
26	-1.33153806080482e-03
27	8.25667740974218e-03
28	-2.42955417690509e-03
29	1.68391853271904e-03
30	-3.64811581840486e-04
31	8.50242805714385e-03
32	7.76943712822551e-03
33	5.64730936906644e-03
34	4.10205645734442e-03
35	3.84717559551826e-03
36	3.35264018687394e-03
37	-2.70804400657610e-04
38	-1.26868014245479e-03
39	-3.23702402029785e-03
40	-1.07583978024620e-02
41	1.39871027948452e-03
42	-1.90474473580437e-03
43	-5.09414433876279e-03
44	-1.79823984674324e-02
45	-1.69596422356979e-02
46	-1.33880238656250e-02
47	-8.88959336735718e-03
48	-1.08468777917845e-02
49	7.53794994522896e-04
50	6.35663947851048e-03
51	-2.58477426658917e-03
52	-1.59567064974078e-02
53	-1.09401591579951e-02
54	-4.57606045909635e-03
55	8.43421633230277e-04
56	-3.50808561642615e-03
57	-9.95159171249967e-04
58	5.98192281524216e-03
59	2.25024770132409e-03
60	7.12186879514764e-03
61	1.82796683507740e-02
62	1.97198488584205e-02
63	2.89595091040773e-02
64	2.34152142483303e-02
65	2.42519853443712e-02
66	2.05222200257446e-02
67	7.53537030402883e-03
68	2.94595188223986e-03
69	-6.67642030763717e-05
70	1.03622683459481e-02
71	1.28340455496152e-02
72	1.66578521661145e-02
73	1.30743644015142e-02
74	1.88430273307902e-02
75	2.39668403311034e-02
76	1.54193280842730e-02
77	9.40328336940820e-03
78	-1.74004333488875e-03
79	-1.98837720463013e-03
80	8.89070496577827e-03
81	-1.94979382765092e-03
82	-2.45155265819982e-03
83	-1.88576714924242e-04
84	-3.20534327807868e-03
85	-5.21026837741422e-03
86	-1.30547775728303e-02
87	-6.31273459621498e-03
88	7.43177614443138e-03
89	3.90814537778805e-03
90	3.98940091928174e-03
91	-1.00127857504360e-02
92	-3.17657432161158e-03
93	7.82721735866307e-04
94	5.66744880795760e-03
95	4.31241463187853e-03
96	-6.17514519653622e-03
97	-7.11698265322616e-03
98	-7.33373018255413e-03
99	1.09244003661953e-03
100	-5.91233540954680e-03
101	-5.30166813195837e-03
102	-6.00258039658785e-03
103	-7.77607331276216e-03
104	-4.37632170326013e-03
105	-2.80299239412070e-03
106	-7.59316107335657e-03
107	-2.48190049665187e-03
108	-9.66174054781798e-03
109	-1.49335148093682e-02
110	-1.57097546921219e-02
111	-9.88884282719612e-03
112	2.56111581412574e-03
113	-3.23820552990185e-04
114	-5.11998434475850e-03
115	-4.81503791952386e-03
116	-4.25707661378258e-03
117	8.84582520428199e-04
118	6.44881166536933e-04
119	-1.78541784992288e-04
120	1.04260660878759e-02
121	-2.42631841577405e-03
122	-1.39265927695821e-02
123	-1.73948161132498e-02
124	-1.27615967307834e-02
125	-9.29175005718647e-03
126	-4.02463855903416e-04
127	-6.18075717702526e-03
128	-1.26002994304794e-02
129	-1.22770130009713e-02
130	-1.04505121302987e-02
131	-8.10174478589301e-04
132	-8.02435406040525e-03
133	-7.12910829903974e-03
134	-1.21995757311178e-03
135	6.76852651936782e-03
136	1.17650109210378e-02
137	1.86089711554525e-02
138	2.04403674474131e-02
139	1.80769736008398e-02
140	1.19915527979103e-02
141	1.14273706768653e-02
142	1.95625172624858e-02
143	2.33209202773266e-02
144	9.62233668474538e-03
145	5.84834222627985e-03
146	1.78820362959220e-02
147	1.10371895676482e-02
148	-5.45282783086467e-03
149	-7.45523012677434e-03
150	-9.59776013668527e-03
151	-2.38912635406386e-03
152	-1.28260745917248e-03
153	-2.08814207140678e-04
154	-4.48490685572869e-03
155	-4.38058149937811e-03
156	-6.34683029661241e-03
157	-6.40089663122956e-03
158	-1.50305357841494e-02
159	-8.78442746668185e-03
160	-4.96406717452048e-03
161	-6.49604919888289e-03
162	-5.80706959997999e-03
163	-3.17517962380009e-03
164	1.87058566755258e-03
165	4.91018409202686e-03
166	3.01430912035996e-03
167	2.36824950056136e-03
168	7.20325542298743e-03
169	8.28162654907847e-03
170	8.04458550257326e-03
171	2.86442795240925e-03
172	8.30116605356635e-03
173	1.17133101128908e-02
174	1.87148184928736e-03
175	9.63789062575175e-03
176	1.42528341758415e-02
177	5.69651241231563e-03
178	9.26316154363765e-03
179	3.68386886039721e-03
180	7.93439623565803e-03
181	8.63198135198042e-03
182	8.69123404469409e-03
183	-2.00554766290891e-03
184	-5.42119136360752e-03
185	-5.79047113715416e-03
186	-2.85185662350562e-03
187	5.46637412924761e-03
188	9.83580168439142e-04
189	-2.24447862778457e-03
190	-1.73292967639310e-02
191	-1.24507284838271e-02
192	-7.48848144976532e-03
193	-2.72734782194752e-03
194	3.83465196383207e-03
195	-4.15560081132184e-03
196	7.10097239861760e-03
197	2.29239087131912e-03
198	9.05494757078400e-03
199	-4.63817876396207e-03
