0	1.00000004578710e+00
1	4.63319062833056e-01
2	1.45757433919271e-01
3	-5.89882005365130e-02
4	-1.75667087100752e-01
5	-3.03127219445208e-01
6	-3.67245269202556e-01
7	-4.38669287671011e-01
8	-4.53665167165575e-01
9	-4.35181579938680e-01
10	-4.26202890519694e-01
11	-4.41183886688764e-01
12	-4.41206091142468e-01
13	-3.74137257062331e-01
14	-4.08927637429256e-01
15	-4.21924210421634e-01
16	-4.25027269968235e-01
17	-3.67492801891424e-01
18	-3.82751343811256e-01
19	-4.14336471184131e-01
20	-4.64100178304717e-01
21	-4.52877596476062e-01
22	-3.97047676024954e-01
23	-3.57556967964141e-01
24	-3.13613933071396e-01
25	-3.23947514262964e-01
26	-2.81039020330400e-01
27	-2.31232421228999e-01
28	-1.13882862483753e-01
29	-5.10667215757158e-02
30	-2.31814279181847e-02
31	-2.70489554340232e-02
32	-1.40860654463691e-01
33	-2.33224900264217e-01
34	-3.41241677577950e-01
35	-3.95346752448144e-01
36	-3.34902468208078e-01
37	-3.02867779058104e-01
38	-2.98558289278936e-01
39	-1.87103338929712e-01
40	-1.42978817407053e-01
41	-9.44913051772408e-02
42	-9.40828979131689e-02
43	-9.00153037441650e-02
44	-4.13856193665788e-02
45	-8.55108618834245e-02
46	-2.15614773761912e-01
47	-3.65155275016738e-01
48	-4.54877291481784e-01
49	-5.39514800850796e-01
