0	9.99999997320157e-01
1	5.37051099384751e-01
2	2.87796609045349e-01
3	1.77651300101694e-01
4	1.37398705093661e-01
5	1.31234424278141e-01
6	1.43827608322828e-01
7	1.56965977183547e-01
8	1.43399328660110e-01
9	1.39890194495096e-01
10	1.18547590672207e-01
11	1.07835013668743e-01
12	1.11803746940104e-01
13	1.08405893729191e-01
14	1.15057788534735e-01
15	1.00242305686582e-01
16	1.12620987631357e-01
17	1.30969589247938e-01
18	1.52597827013556e-01
19	1.82058032560212e-01
20	1.96536763889827e-01
21	2.08143921487591e-01
22	1.78153758228366e-01
23	1.54955806562156e-01
24	1.60452221578582e-01
25	1.56490556824318e-01
26	1.07197065481094e-01
27	7.20176075109702e-02
28	1.03795101132313e-01
29	1.15827481929894e-01
30	1.00304241922118e-01
31	1.14968949746295e-01
32	9.84680007409402e-02
33	9.07921250354625e-02
34	6.56098949137307e-02
35	7.08950148188331e-02
36	9.19695709654841e-02
37	1.18540076846683e-01
38	1.05377656464832e-01
39	8.38501352965904e-02
40	8.03286072491151e-02
41	7.82472243426005e-02
42	1.01289037537488e-01
43	1.32225576058167e-01
44	1.26264586955594e-01
45	1.21587032454519e-01
46	1.24576800022940e-01
47	1.60035356746648e-01
48	1.96442669231719e-01
49	2.12297076529228e-01
