0	9.99999999998698e-01
1	4.62210393126730e-02
2	6.76538739403399e-03
3	8.06296757061568e-03
4	-2.55886620053441e-03
5	1.18666601952778e-02
6	1.29423616141476e-02
7	-5.28614801919208e-03
8	1.68870633873912e-02
9	1.53986027899571e-02
10	-1.09053164999363e-02
11	4.61663930096189e-03
12	4.69893508987771e-03
13	-6.07524871711894e-03
14	8.62284470581502e-03
15	-5.87593937487907e-03
16	-4.05655919806404e-04
17	-1.06169646519681e-02
18	5.48659090405919e-04
19	3.80170551279635e-04
20	5.08429116962549e-03
21	-1.52326917873257e-03
22	-1.38304971699423e-02
23	-1.07433440812396e-02
24	6.87743883882346e-03
25	-9.21289749244432e-04
26	-9.38125267237101e-03
27	-2.24371470726358e-03
28	4.16004547024615e-03
29	-1.65107925909596e-02
30	2.65003371452315e-03
31	-1.45522462444033e-02
32	3.00032649392581e-03
33	-4.14561947215098e-03
34	4.56997296237294e-03
35	3.78314709050533e-03
36	-6.33026805742488e-03
37	-1.24778274317124e-02
38	-1.23486873451051e-02
39	4.63048620535637e-03
40	-4.19997938880867e-03
41	-7.66905521129780e-03
42	-4.34631686310731e-03
43	8.22814021670506e-03
44	5.53661364044664e-03
45	-1.05251189038714e-02
46	4.57897025459767e-03
47	6.39847969661974e-03
48	3.03050544399780e-03
49	1.24526704117101e-02
