0	9.99999999908476e-01
1	5.31929334604105e-01
2	2.75065973922441e-01
3	1.38795133512327e-01
4	6.72682701763532e-02
5	2.45302513152569e-02
6	1.62060876640927e-02
7	3.45258834269124e-02
8	6.30933399611575e-02
9	9.84427450569003e-02
10	1.00809611503858e-01
11	1.08056538615175e-01
12	1.12777061843548e-01
13	1.19848430346772e-01
14	1.13232967437050e-01
15	1.07755965409023e-01
16	1.05438631402386e-01
17	8.69144288742913e-02
18	9.19757563300337e-02
19	1.13318233961141e-01
20	1.37778116122381e-01
21	1.43073324909049e-01
22	1.28342987689019e-01
23	1.26130445513520e-01
24	1.14607531843825e-01
25	1.05295809154193e-01
26	8.47438865483870e-02
27	6.88242241898769e-02
28	8.21210162575696e-02
29	7.72742923591710e-02
30	7.25397354471709e-02
31	9.87814579836656e-02
32	1.05426962690113e-01
33	9.64034644673700e-02
34	1.01721512148197e-01
35	1.02736602407232e-01
36	5.99957018456003e-02
37	5.55403614068346e-02
38	4.95067503291682e-02
39	3.33449712711150e-02
40	2.28977320170864e-02
41	4.34175194735006e-03
42	1.84444488994934e-02
43	1.65785768928619e-03
44	-5.16941910206174e-03
45	8.43295419283709e-03
46	3.15963346873080e-03
47	-2.92526923005715e-02
48	-5.24140361582589e-02
49	-6.49537293137059e-02
