0	1.00000000000001e+00
1	6.71304768040011e-01
2	4.89737515161821e-01
3	3.70778642630290e-01
4	2.84361520722305e-01
5	2.21707691662928e-01
6	1.78827652468110e-01
7	1.42615717505990e-01
8	1.14369145178777e-01
9	9.84216407982973e-02
10	8.56042185425073e-02
11	7.28610842475432e-02
12	6.16271717160427e-02
13	4.50656022835486e-02
14	2.99147549059280e-02
15	2.19618154340384e-02
16	9.75378928470286e-03
17	3.60382158460880e-03
18	-3.68300508397623e-03
19	-1.17526090126406e-02
20	-1.11479690684919e-02
21	-1.38171825916878e-02
22	-1.56923778750428e-02
23	-1.69888268939344e-02
24	-1.61819784799810e-02
25	-1.05966950892826e-02
26	-6.43674161710703e-03
27	-6.94276320379298e-03
28	-1.05786412802164e-02
29	-9.53471012838491e-03
30	-5.69017534939137e-03
31	-4.61583199056169e-03
32	2.14908774736736e-04
33	3.92939110688383e-04
34	-1.69836935996985e-03
35	2.55972895591973e-03
36	3.83702862558943e-03
37	5.68268474527943e-04
38	-1.06256014047684e-03
39	4.04689417188396e-03
40	1.30747409840066e-02
41	1.58269484336969e-02
42	1.32076371386956e-02
43	9.25904095690257e-03
44	8.59472998188384e-03
45	5.40035439687958e-03
46	2.68232884551427e-03
47	9.99635812297991e-03
48	1.42586251649034e-02
49	1.47075781088340e-02
