0	1.00000000005574e+00
1	6.65077406251070e-01
2	4.38478454597632e-01
3	2.94319612649085e-01
4	2.04260683539185e-01
5	1.40056160523707e-01
6	1.02404008980151e-01
7	7.03007944420798e-02
8	4.76719802380442e-02
9	2.86640100959382e-02
10	2.15618332567069e-02
11	1.46800534267884e-02
12	1.30911505217850e-02
13	1.70879237125530e-02
14	2.34348371608025e-02
15	2.55387262178027e-02
16	2.76104587889318e-02
17	2.63987877796371e-02
18	3.31627059388074e-02
19	3.11163529196221e-02
20	3.33810383006944e-02
21	4.07917514706009e-02
22	5.73781135087014e-02
23	6.19959776748437e-02
24	5.92297429281730e-02
25	7.01405053469058e-02
26	7.39245156152937e-02
27	6.92092467425466e-02
28	7.27157623807043e-02
29	7.16473886605541e-02
30	6.86567936605035e-02
31	6.66808148091252e-02
32	6.89110946896919e-02
33	7.15232495633894e-02
34	7.07671010351280e-02
35	7.20586613829738e-02
36	8.11435695914279e-02
37	7.74152021518820e-02
38	7.77221812501453e-02
39	7.69302381820228e-02
40	7.82911274885854e-02
41	7.51480465612781e-02
42	7.94905346164515e-02
43	7.95011512318905e-02
44	8.02045493210635e-02
45	7.63847893972866e-02
46	6.94466253714350e-02
47	6.45494038067058e-02
48	6.55570403678681e-02
49	5.83587353005127e-02
