0	1.00000000000003e+00
1	4.60470368884082e-01
2	2.57130210668151e-01
3	1.55045942688548e-01
4	1.02799620282577e-01
5	6.50276478776076e-02
6	4.44551531377276e-02
7	1.79332538028438e-02
8	1.11909608557286e-02
9	5.17276958286735e-03
10	6.48022222507206e-03
11	-8.84270427078791e-03
12	-2.60679105008139e-03
13	-1.87891425622545e-03
14	-5.67228614933811e-03
15	-1.31538299680415e-02
16	-1.21598861505548e-02
17	-1.34051252198733e-02
18	-1.68103832866700e-02
19	-1.02371278482454e-02
20	-4.90758402101307e-04
21	-1.74180231529265e-03
22	2.22818383462171e-03
23	7.37678879266116e-03
24	-1.60725983946384e-05
25	-6.60073617884232e-03
26	-1.21066416513210e-02
27	-1.58113924144387e-02
28	-1.59867285809389e-02
29	-1.21607166051211e-02
30	-1.75508298163050e-02
31	-9.50136063011039e-03
32	-1.13094776620976e-03
33	-1.19559632687658e-04
34	-4.52557662458774e-03
35	-3.11901080852042e-03
36	-2.06174790307132e-03
37	2.27294099637216e-03
38	1.64458785082850e-03
39	-1.48876546182583e-03
40	-3.93579697945043e-03
41	-1.10907265987893e-02
42	-3.47425938654357e-03
43	2.91354693202538e-03
44	1.16508313155155e-02
45	4.53273813695011e-03
46	1.17431010944253e-02
47	2.41692794327128e-03
48	-6.10317522685392e-03
49	-2.87114029620798e-03
