0	9.99999999999827e-01
1	2.63797377146892e-01
2	1.19872813482318e-01
3	5.79747576726130e-02
4	3.65505348186815e-02
5	3.24816639558570e-02
6	1.47648506413567e-02
7	3.73129988805608e-03
8	-5.69941769086552e-03
9	-1.12013208715138e-02
10	-7.06779102666166e-03
11	6.58760651383675e-03
12	1.18282203951346e-02
13	8.71972908124064e-03
14	-2.27258407465077e-03
15	5.81077814073149e-03
16	3.02469397246633e-03
17	-3.78088068642239e-03
18	-3.03244020768338e-03
19	-1.89496127791522e-02
20	-8.74810019254165e-03
21	-2.66615504420754e-03
22	3.44666069132069e-03
23	-3.62463258330366e-03
24	9.60871859868108e-03
25	1.79731198608400e-03
26	-1.50413847574305e-02
27	-3.86909632840225e-03
28	3.97579062703851e-04
29	2.97906098046924e-05
30	-8.29309505515645e-05
31	1.64532683739919e-02
32	-6.39697407423836e-03
33	5.74966387562247e-03
34	3.81942811952070e-03
35	1.48602263273871e-02
36	7.88063826139023e-03
37	6.39038602165918e-03
38	-3.25360630936434e-03
39	-1.08798713386989e-03
40	-1.51597386207708e-04
41	4.47132325776580e-03
42	-9.36475043136870e-03
43	-4.89192763402350e-03
44	7.11179498443350e-03
45	1.05286099707025e-03
46	7.56632307855231e-03
47	-5.75910533274024e-03
48	-1.08142382281858e-02
49	-5.03122387545081e-03
