0	9.99999999998999e-01
1	7.83643129628223e-02
2	2.39611204622102e-02
3	7.00986361116366e-03
4	-1.63972396002265e-03
5	-6.88719666689511e-03
6	4.87292572195511e-03
7	-5.45059360715394e-03
8	-1.32421133634242e-03
9	-6.01313431958087e-03
10	-3.39910044655385e-03
11	-1.79310189198683e-03
12	9.06048186757033e-03
13	1.50949086088468e-02
14	2.54502140500181e-03
15	2.95336498767309e-03
16	-3.10898648296233e-03
17	-1.76236022328349e-02
18	5.49078297652734e-03
19	-1.48913665718477e-02
20	3.98670254488219e-03
21	8.57227571880654e-03
22	-2.64376753407897e-03
23	8.58357146091452e-03
24	1.21224350497385e-02
25	5.55100569457665e-03
26	1.12188824700436e-02
27	1.46657688495486e-02
28	9.04249939836519e-04
29	-4.89863153458137e-03
30	-5.81965667530577e-03
31	-1.15546893033598e-02
32	1.58888123027478e-03
33	-8.05371646405843e-03
34	-3.70605588582393e-03
35	1.35830908764360e-02
36	1.25694862995821e-03
37	6.08420795270933e-03
38	-4.70450375487685e-04
39	6.07370032833830e-04
40	-1.00086219826909e-02
41	7.23809851643176e-04
42	-2.52155566154202e-03
43	7.00229712001823e-04
44	2.84186315036102e-03
45	1.98497937226073e-03
46	7.86420685318772e-03
47	-2.20547715339105e-05
48	1.91458825402407e-03
49	6.84432476988882e-03
