1	4.49504011472697e-05
2	5.45381501874778e-05
3	6.04054017067637e-05
4	6.43117149913844e-05
5	6.71366448460482e-05
6	6.93436743094563e-05
7	7.12476809176074e-05
8	7.22093386037995e-05
9	7.33026336103375e-05
10	7.44700810702986e-05
11	7.47096914278131e-05
12	7.54444371730611e-05
13	7.58186705038535e-05
14	7.62890190448775e-05
15	7.62345617190518e-05
16	7.68346935313337e-05
17	7.75708235500177e-05
18	7.70350408958748e-05
19	7.71837905134682e-05
20	7.77050810842512e-05
21	7.85663338654493e-05
22	7.82587957602578e-05
23	7.80778704999778e-05
24	7.86818971872580e-05
25	7.84888394585041e-05
26	7.87274720424828e-05
27	7.90220900169764e-05
28	7.92023006179794e-05
29	7.97355643163606e-05
30	7.94369977516465e-05
31	7.91574754749633e-05
32	7.98215604677029e-05
33	7.92528293792380e-05
34	7.98480924549952e-05
35	8.04291993243963e-05
36	7.93581455064723e-05
37	7.94422005762552e-05
38	7.92451589090320e-05
39	8.01736032934596e-05
40	7.90192986103911e-05
41	8.05576572627392e-05
42	8.01756961432784e-05
43	8.05424282791321e-05
44	7.97511681195499e-05
45	7.98116418411113e-05
46	8.06045035266535e-05
47	7.98528165104844e-05
48	8.03593702688103e-05
49	8.04664667745247e-05
50	8.04858680782924e-05
51	8.05606738030025e-05
52	8.12857141666588e-05
53	8.10445697662546e-05
54	8.16199708197976e-05
55	8.06098322556396e-05
56	8.01217165830834e-05
57	8.13934509731155e-05
58	8.09104139325011e-05
59	7.89600858627963e-05
60	8.00752976976085e-05
61	8.12217506140132e-05
62	8.07722823603541e-05
63	8.09303839405267e-05
64	8.03924596950789e-05
65	8.07507203514357e-05
66	8.06754653059515e-05
67	8.08287585839049e-05
68	8.06891165604710e-05
69	7.96033065911703e-05
70	8.12178010109231e-05
71	8.04243487538751e-05
72	8.13482572429775e-05
73	8.08183330052583e-05
74	8.09332034083303e-05
75	8.01236142306380e-05
76	7.98957793288558e-05
77	8.07798545633659e-05
78	8.07637871626749e-05
79	8.09218396551292e-05
80	7.99526301760116e-05
81	8.09768976250713e-05
82	8.12531988739704e-05
83	8.09218090130439e-05
84	8.19375238922260e-05
85	8.12447046084359e-05
86	8.15087405758171e-05
87	8.17036026711279e-05
88	7.97868551089342e-05
89	8.04453760405629e-05
90	8.02518074339560e-05
91	8.02523949889889e-05
92	8.09902963604187e-05
93	7.98335279480978e-05
94	8.19002425019864e-05
95	7.98035779852684e-05
96	8.21193937837598e-05
97	8.03925495503780e-05
98	8.09009893437543e-05
99	8.04865394208814e-05
100	8.03453888512854e-05
101	8.11802722552663e-05
102	8.12302087393970e-05
103	8.19505185115119e-05
104	8.10297014792653e-05
105	8.22526097542379e-05
106	8.04031408458875e-05
107	8.15330814262731e-05
108	8.24439756013882e-05
109	8.11964356898723e-05
110	8.15408887462440e-05
111	8.04903111693965e-05
112	8.08111852021350e-05
113	8.22717149660835e-05
114	8.25473219811332e-05
115	8.02882079081003e-05
116	8.13187415009159e-05
117	8.16612813761280e-05
118	8.09811365008030e-05
119	8.06089829533262e-05
120	8.04748980333938e-05
121	8.17332733817578e-05
122	8.12753189651419e-05
123	8.01918561463495e-05
124	8.11615315972601e-05
125	7.99654539005569e-05
126	8.05213289830704e-05
127	8.14489722493226e-05
128	8.16108499731282e-05
129	8.31611192183957e-05
130	8.05455090274688e-05
131	8.18359689142161e-05
132	8.08780789572259e-05
133	8.10546736035438e-05
134	8.06383022815899e-05
135	7.97231876992053e-05
136	8.06928971478185e-05
137	8.12008386875910e-05
138	7.98316577163986e-05
139	8.06480797140935e-05
140	8.10709641811634e-05
141	8.14269468905774e-05
142	8.18370614352643e-05
143	8.16963678037990e-05
144	8.21718628073581e-05
145	8.26302581519293e-05
146	8.14604706390382e-05
147	8.09039798772989e-05
148	8.21350131692086e-05
149	8.06193567593664e-05
150	8.11527524916388e-05
151	8.15552227195828e-05
152	8.18774703856399e-05
153	8.17250605167825e-05
154	8.24925021556031e-05
155	8.09888223886788e-05
156	8.06173701636259e-05
157	8.03109816683970e-05
158	8.25679912871818e-05
159	8.38465109566175e-05
160	8.11060258084796e-05
161	8.08987702379292e-05
162	8.44625300860679e-05
163	8.05585051643171e-05
164	8.21586963838055e-05
165	8.30208126239314e-05
166	8.04280541692596e-05
167	8.15072648807502e-05
168	8.09761927902024e-05
169	8.24246615274005e-05
170	8.37602746668043e-05
171	8.35478570944092e-05
172	8.41342323287005e-05
173	8.22559999010378e-05
174	8.22892241138154e-05
175	8.26435636125865e-05
176	8.20704123462464e-05
177	8.13674582932032e-05
178	8.26474776560731e-05
179	8.18204272856711e-05
180	7.94357454677051e-05
181	8.13889502722842e-05
182	8.15331446326865e-05
183	8.23686564029517e-05
184	8.29276766396688e-05
185	8.24622667889143e-05
186	8.18002916270001e-05
187	7.95326981541010e-05
188	8.45128969712951e-05
189	8.26899719485790e-05
190	8.19836141111074e-05
191	8.32567233859766e-05
192	8.28143489541651e-05
193	8.23144364129908e-05
194	8.11078573562455e-05
195	8.30562127545707e-05
196	8.19471940138520e-05
197	8.36103928587459e-05
198	8.10196275347631e-05
199	8.15822201067390e-05
200	8.22779216149662e-05
201	8.32649663503936e-05
202	8.44178041558634e-05
203	8.38631779919647e-05
204	8.22538481975335e-05
205	8.46008880177766e-05
206	8.36150618361105e-05
207	8.15202965777683e-05
208	8.27196154706956e-05
209	8.32480924538965e-05
210	8.08002551330180e-05
211	8.28227464494979e-05
212	8.23625941344319e-05
213	8.34546561566668e-05
214	8.51964985582830e-05
215	8.27354207954368e-05
216	8.37714008974177e-05
217	8.16080740988394e-05
218	8.14052883342807e-05
219	8.14724057118771e-05
220	8.20032042280007e-05
221	8.48014149001071e-05
222	8.33652700311088e-05
223	8.46287217417651e-05
224	8.25180537366739e-05
225	8.18412892564700e-05
226	8.53665175267108e-05
227	8.30957486213986e-05
228	8.31622020328983e-05
229	8.22428018073161e-05
230	8.35809839994381e-05
231	8.24820937166419e-05
232	8.38588056827992e-05
233	8.20238282250145e-05
234	8.76153011577771e-05
235	8.44983442596857e-05
236	8.18320363426167e-05
237	8.33248944897555e-05
238	8.07482447589025e-05
239	8.47925233591972e-05
240	8.25940189849577e-05
241	8.20499629885276e-05
242	8.52417554296421e-05
243	8.28101202911285e-05
244	8.19335221230689e-05
245	8.30521066873204e-05
246	8.41043777626791e-05
247	8.33822467586795e-05
248	8.08212471932494e-05
249	8.33009565509857e-05
250	8.11421719450375e-05
251	8.15135989508685e-05
252	8.42058628884399e-05
253	8.28874699892643e-05
254	8.55624712595069e-05
255	8.70355674089195e-05
256	8.40985282251194e-05
257	8.56792126149988e-05
258	8.28701623380198e-05
259	8.02626105364387e-05
260	8.33791882925374e-05
261	8.50958348714979e-05
262	8.49244254616771e-05
263	8.41830278794638e-05
264	8.29956387689481e-05
265	8.04811049006955e-05
266	8.43115048151491e-05
267	8.29677459706919e-05
268	8.21099344759393e-05
269	8.31915941467699e-05
270	8.09094400111424e-05
271	8.44653267001216e-05
272	8.24234230370371e-05
273	8.44248900535580e-05
274	8.47987908244173e-05
275	8.18839135792682e-05
276	8.11508884180587e-05
277	8.10954400849646e-05
278	8.30168031561079e-05
279	8.42653431272600e-05
280	8.28530531326879e-05
281	8.46628058744986e-05
282	8.39847272141741e-05
283	8.37454606767178e-05
284	8.54927988898890e-05
285	8.13303451171261e-05
286	8.58907954202876e-05
287	8.17930876971357e-05
288	8.32974947913854e-05
289	8.26754991923288e-05
290	8.42478081145153e-05
291	8.48038122137215e-05
292	8.44329554614160e-05
293	8.40011633536887e-05
294	8.45435946471574e-05
295	8.61500316842715e-05
296	8.30701975452643e-05
297	8.42128330592002e-05
298	8.55215290747702e-05
299	8.81529665216827e-05
300	8.49176873084882e-05
301	8.40493921575748e-05
302	8.57089473265073e-05
303	8.25044531883098e-05
304	8.46829249703625e-05
305	8.44302860125639e-05
306	8.23924341615577e-05
307	8.68956270715604e-05
308	8.32248902992951e-05
309	8.24437765177060e-05
310	8.32247199515297e-05
311	8.24864529240191e-05
312	8.51332520099579e-05
313	8.60124477663221e-05
314	8.15050689780796e-05
315	8.50026978641995e-05
316	8.37285090395293e-05
317	8.04933320898862e-05
318	8.57629540015874e-05
319	8.47505427923623e-05
320	7.87227178081268e-05
321	8.22432516018641e-05
322	8.64257919874393e-05
323	8.78196325324346e-05
324	8.54635084460286e-05
325	8.40384219549742e-05
326	8.33406892683898e-05
327	8.23242936137443e-05
328	8.33104280313153e-05
329	8.41172112898004e-05
330	8.49343974740954e-05
331	8.65130315640117e-05
332	8.36835519215641e-05
333	8.50870574669139e-05
334	8.50174216738104e-05
335	8.47430104419252e-05
336	8.36326247602220e-05
337	8.48152809272554e-05
338	8.56275237010098e-05
339	8.79269877210963e-05
340	8.32696234753331e-05
341	8.50708466407064e-05
342	8.85533505237484e-05
343	8.34220943519192e-05
344	8.23341092424062e-05
345	8.41015442001840e-05
346	8.46789501075801e-05
347	8.48592766685120e-05
348	8.49519766755074e-05
349	8.38381994809751e-05
350	8.36710736970403e-05
351	8.23378003573481e-05
352	8.49993985647604e-05
353	8.54443275065014e-05
354	8.36148098809971e-05
355	8.36944367018328e-05
356	8.53280191968434e-05
357	8.61716303295116e-05
358	8.28855456368632e-05
359	8.17557179072129e-05
360	8.26911523627598e-05
361	8.15633864550439e-05
362	8.45268434378938e-05
363	8.71743767042167e-05
364	8.35174886665422e-05
365	8.34818179780187e-05
366	8.30056821166176e-05
367	8.26272040140613e-05
368	8.68447833847748e-05
369	8.36005031362584e-05
370	8.60788679523989e-05
371	8.43142526362956e-05
372	8.29825883332740e-05
373	8.47901221942201e-05
374	8.34437575192905e-05
375	8.43273263077389e-05
376	8.55438077857929e-05
377	8.23121339097656e-05
378	8.58321608101913e-05
379	8.68432027801148e-05
380	8.23551357707204e-05
381	8.38340252093560e-05
382	8.62090189833961e-05
383	8.59911061277852e-05
384	8.59574721402458e-05
385	8.32025243557164e-05
386	8.50155812176605e-05
387	8.20194383185522e-05
388	8.21895964074077e-05
389	8.38224922392106e-05
390	8.65226154902041e-05
391	8.35671378864538e-05
392	8.48756679461065e-05
393	8.36976880970494e-05
394	8.78853973201453e-05
395	8.42012339923486e-05
396	8.62696043904494e-05
397	8.45973402941508e-05
398	8.40724154637248e-05
399	8.64250597504774e-05
400	8.19450147880386e-05
401	8.50338016150910e-05
402	8.51530488462301e-05
403	8.24630699735339e-05
404	8.75525843578722e-05
405	8.31314129968074e-05
406	8.43254556867258e-05
407	8.68070172431469e-05
408	8.35975282285078e-05
409	8.40800996191366e-05
410	8.53682737517695e-05
411	8.37622888781236e-05
412	8.37265057517911e-05
413	8.66005386267194e-05
414	8.57675447745317e-05
415	8.56866246521164e-05
416	8.47627241046747e-05
417	8.38984372309550e-05
418	8.35514630026312e-05
419	8.41989267033274e-05
420	8.37094038788749e-05
421	8.62111625203620e-05
422	8.69023298086404e-05
423	8.65632480450397e-05
424	8.39327922318257e-05
425	8.66281641244524e-05
426	8.27225553757964e-05
427	8.90611021142426e-05
428	8.64565534131086e-05
429	8.78976169022362e-05
430	8.37178347173419e-05
431	8.49872294817606e-05
432	8.36014270305173e-05
433	8.43306409756819e-05
434	8.25484274281041e-05
435	8.56554991833721e-05
436	8.52394756998436e-05
437	8.46691829241413e-05
438	8.21802334949172e-05
439	8.14427070362203e-05
440	8.27210872374540e-05
441	8.20197339488051e-05
442	9.06352625644596e-05
443	8.64732666859204e-05
444	8.61009747443313e-05
445	8.18061810236589e-05
446	8.50819700710696e-05
447	8.31896408122786e-05
448	8.47590198752612e-05
449	8.20732470784957e-05
450	8.15500297998489e-05
451	8.37504291427966e-05
452	8.80606123647285e-05
453	8.33191544095169e-05
454	8.29260730820399e-05
455	8.62770747815633e-05
456	8.29997019620431e-05
457	8.18914706120058e-05
458	8.30669145115237e-05
459	8.69821238837785e-05
460	8.39126130311792e-05
461	8.38438645478725e-05
462	8.56507150092182e-05
463	8.49388876197502e-05
464	8.63729789429542e-05
465	9.01911117189870e-05
466	8.22991466635724e-05
467	8.72075523665752e-05
468	8.79593881067192e-05
469	8.88562509104978e-05
470	8.71713321949100e-05
471	8.22886380451865e-05
472	8.50790045212344e-05
473	8.66419450045776e-05
474	8.25192422389412e-05
475	8.63822424537870e-05
476	8.30258731673697e-05
477	8.72032786265430e-05
478	8.54577897545550e-05
479	8.48182780893311e-05
480	8.28101786528655e-05
481	8.45888114331479e-05
482	8.45049962970583e-05
483	8.07061111557229e-05
484	8.37493930498725e-05
485	8.34379754065745e-05
486	8.54208103077709e-05
487	8.68414963915508e-05
488	8.35986375397925e-05
489	8.08827040943031e-05
490	8.70659031073846e-05
491	8.52933712369672e-05
492	8.57917550103792e-05
493	8.63891278596449e-05
494	8.34890517276664e-05
495	8.61334768493332e-05
496	8.64646982582696e-05
497	8.16058665195129e-05
498	8.41749206954203e-05
499	8.30181195265422e-05
