1	5.04229257093174e-06
2	5.14483573775336e-06
3	5.18282183537549e-06
4	5.19726610744121e-06
5	5.23503862053296e-06
6	5.24847133384334e-06
7	5.23434860582113e-06
8	5.23539591513191e-06
9	5.26028658453219e-06
10	5.25992980747003e-06
11	5.21915794133697e-06
12	5.27093031235723e-06
13	5.28944030802824e-06
14	5.27541032598986e-06
15	5.28684744739079e-06
16	5.27886968630820e-06
17	5.26880073077401e-06
18	5.26662425568039e-06
19	5.31106172505412e-06
20	5.28808368221817e-06
21	5.30576069121254e-06
22	5.25265871045671e-06
23	5.28676236891717e-06
24	5.30010538356659e-06
25	5.32137228557554e-06
26	5.28609304362798e-06
27	5.32422929845953e-06
28	5.29664641066131e-06
29	5.32963646988285e-06
30	5.33744346263684e-06
31	5.31331490732891e-06
32	5.33724106221796e-06
33	5.31020669880232e-06
34	5.28524434449035e-06
35	5.37902726668179e-06
36	5.28339739272544e-06
37	5.31465655622460e-06
38	5.29893134267298e-06
39	5.37271423227201e-06
40	5.34246390074255e-06
41	5.31626276234630e-06
42	5.35932545456592e-06
43	5.30659224255772e-06
44	5.26993535255292e-06
45	5.27195873539648e-06
46	5.38468868957557e-06
47	5.42828653884526e-06
48	5.31506734439638e-06
49	5.36266292330369e-06
50	5.43383422176834e-06
51	5.30196569078159e-06
52	5.29138384959343e-06
53	5.32134280023484e-06
54	5.25601973711948e-06
55	5.28607002966351e-06
56	5.35943000932941e-06
57	5.28717427000750e-06
58	5.35808772621226e-06
59	5.31356303198720e-06
60	5.37787187062610e-06
61	5.41463233884644e-06
62	5.27979512904854e-06
63	5.44819881312610e-06
64	5.30358902682105e-06
65	5.37094009466527e-06
66	5.30883728689316e-06
67	5.37223975886400e-06
68	5.31507141162043e-06
69	5.27837370880305e-06
70	5.38099637400003e-06
71	5.26009366566423e-06
72	5.34290827455495e-06
73	5.33486351640828e-06
74	5.27795116557060e-06
75	5.35355067247606e-06
76	5.28916627525582e-06
77	5.33345317238919e-06
78	5.38606487199006e-06
79	5.32532371466205e-06
80	5.25389302027966e-06
81	5.28806126847638e-06
82	5.29360212063549e-06
83	5.41449152978146e-06
84	5.38282995317138e-06
85	5.37010890575169e-06
86	5.27619356623211e-06
87	5.33275787752390e-06
88	5.32054415101137e-06
89	5.44118458576676e-06
90	5.30822033953339e-06
91	5.30007925007047e-06
92	5.34319942795695e-06
93	5.34960042976119e-06
94	5.39492221394292e-06
95	5.36640402483384e-06
96	5.37648677887037e-06
97	5.41227757893477e-06
98	5.34550891841656e-06
99	5.26501183930839e-06
100	5.28854439321418e-06
101	5.37588268330435e-06
102	5.30040847118814e-06
103	5.37597824049529e-06
104	5.25007721785767e-06
105	5.26639657222046e-06
106	5.29579477449797e-06
107	5.38460377322881e-06
108	5.27118805649639e-06
109	5.26772800006651e-06
110	5.23450668185590e-06
111	5.34454405418898e-06
112	5.48070576556815e-06
113	5.31022452388975e-06
114	5.34240695852614e-06
115	5.37942456024759e-06
116	5.31605595643131e-06
117	5.54214078532698e-06
118	5.32057499328619e-06
119	5.25319680369747e-06
120	5.51019389176211e-06
121	5.44494710499057e-06
122	5.39249912799042e-06
123	5.37071120404172e-06
124	5.40939979315484e-06
125	5.47501113100975e-06
126	5.34083852964933e-06
127	5.24388275637878e-06
128	5.32398142394425e-06
129	5.41132249486313e-06
130	5.26360205582161e-06
131	5.35618086559630e-06
132	5.06883970164641e-06
133	5.39574710764506e-06
134	5.26960383954553e-06
135	5.31199335115641e-06
136	5.14800843298800e-06
137	5.25945454721395e-06
138	5.27656001809939e-06
139	5.28738920061441e-06
140	5.28368863143972e-06
141	5.25946563128560e-06
142	5.12389733461900e-06
143	5.19884920944733e-06
144	5.32912344411167e-06
145	5.29878130477608e-06
146	5.24919419628652e-06
147	5.29885436458631e-06
148	5.27205889822312e-06
149	5.31267208880511e-06
150	5.28798253876257e-06
151	5.32726569444987e-06
152	5.29411537923331e-06
153	5.19013147525856e-06
154	5.24290710008227e-06
155	5.27756363855723e-06
156	5.27491034337279e-06
157	5.24137144896640e-06
158	5.35624343020557e-06
159	5.17194841103354e-06
160	5.25420477014501e-06
161	5.25653342111582e-06
162	5.24894311276458e-06
163	5.24079109260336e-06
164	5.31992327039537e-06
165	5.32717883669400e-06
166	5.32809068610391e-06
167	5.20441060118085e-06
168	5.25413698834586e-06
169	5.15029275191854e-06
170	5.26215676998198e-06
171	5.40395338702138e-06
172	5.32196985178489e-06
173	5.44592878226585e-06
174	5.16276622524936e-06
175	5.31226539194178e-06
176	5.33382407145793e-06
177	5.25867668038008e-06
178	5.15618424954038e-06
179	5.26806442476026e-06
180	5.37910517613386e-06
181	5.37948554527911e-06
182	5.26457613735979e-06
183	5.34863864539938e-06
184	5.34171893229274e-06
185	5.34733670867285e-06
186	5.17877258532765e-06
187	5.26437868786344e-06
188	5.35833552010240e-06
189	5.40972052575945e-06
190	5.33739299709986e-06
191	5.15140432676988e-06
192	5.23687134889203e-06
193	5.28557893615091e-06
194	5.33090690871095e-06
195	5.09800063394848e-06
196	5.33972470418388e-06
197	5.32208288096566e-06
198	5.25089900211697e-06
199	5.32047311393147e-06
200	5.21519737165296e-06
201	5.21981428621085e-06
202	5.30602569578831e-06
203	5.20202365894492e-06
204	5.22918684670829e-06
205	5.35492808198962e-06
206	5.47592231893646e-06
207	5.26226235646820e-06
208	5.29417658909949e-06
209	5.32753177039621e-06
210	5.17020214851199e-06
211	5.21168932228782e-06
212	5.16038476736434e-06
213	5.34865004543418e-06
214	5.21262052511284e-06
215	5.39433240700937e-06
216	5.42497270450453e-06
217	5.31000136773320e-06
218	5.19208337623943e-06
219	5.28223107387540e-06
220	5.03160211426794e-06
221	5.18738498308612e-06
222	5.32979207753454e-06
223	5.16517400262361e-06
224	5.23224440709216e-06
225	5.22124028851444e-06
226	5.32391468322391e-06
227	5.34665209003385e-06
228	5.20097059779717e-06
229	5.33058331091740e-06
230	5.35269442870013e-06
231	5.39717038435888e-06
232	5.27445127659408e-06
233	5.33038962658482e-06
234	5.31144213721930e-06
235	5.26334175619183e-06
236	5.20795764171119e-06
237	5.20428971325690e-06
238	5.20856124527201e-06
239	5.19311610836936e-06
240	5.29819707799726e-06
241	5.14940795711995e-06
242	5.25877755259198e-06
243	5.23187489266783e-06
244	5.21580110809537e-06
245	5.51482190462573e-06
246	5.40310796563290e-06
247	5.40552065030760e-06
248	5.16784529076204e-06
249	5.33783384028951e-06
250	5.40759149916233e-06
251	5.43768963325759e-06
252	5.47341230277387e-06
253	5.32210084910993e-06
254	5.16451537390806e-06
255	4.97133599032458e-06
256	5.14493275446685e-06
257	5.03466915998105e-06
258	5.50689211978415e-06
259	5.29691466605469e-06
260	5.26358792955727e-06
261	5.19224990870185e-06
262	5.42573247402991e-06
263	5.26014794846305e-06
264	4.97528454058432e-06
265	5.11216081764823e-06
266	5.20636792517724e-06
267	5.23300135575318e-06
268	5.14759508430642e-06
269	5.14176263187206e-06
270	5.15608422238166e-06
271	5.22952299579293e-06
272	5.26133943639612e-06
273	5.00984908454442e-06
274	5.14909167709842e-06
275	5.30606962411415e-06
276	5.21901313523290e-06
277	5.11152764089261e-06
278	5.03381684053658e-06
279	5.32740127673928e-06
280	5.19556694972873e-06
281	5.32704570581229e-06
282	5.20756285962908e-06
283	5.24391023915889e-06
284	5.01392343285700e-06
285	5.37324390555392e-06
286	5.18927014567832e-06
287	5.26949622448157e-06
288	5.41236921414538e-06
289	4.89843903892711e-06
290	4.97504355214409e-06
291	5.40976103902671e-06
292	5.29242399091411e-06
293	5.04985695046985e-06
294	5.22457821970620e-06
295	5.12592796592292e-06
296	5.20472151071336e-06
297	5.29290978904345e-06
298	5.08642022976656e-06
299	5.09851931671516e-06
300	5.18148644305321e-06
301	5.15293052957518e-06
302	5.21264562101954e-06
303	5.29250355166487e-06
304	5.13552546898118e-06
305	5.03455860741542e-06
306	5.00954015628515e-06
307	5.35535654136269e-06
308	5.15198201443281e-06
309	5.05686489108944e-06
310	5.13288228510792e-06
311	5.34002443410197e-06
312	5.26007142596868e-06
313	5.14219073369099e-06
314	5.33597036471705e-06
315	5.20369069360800e-06
316	5.12911061090484e-06
317	5.11345036964566e-06
318	5.17796002050904e-06
319	4.98639587686018e-06
320	5.03974983466927e-06
321	5.28966256172149e-06
322	5.13251061427954e-06
323	4.96374021708469e-06
324	5.29676368233838e-06
325	5.30016043160451e-06
326	5.07259704782130e-06
327	5.25750024180178e-06
328	5.20846152704394e-06
329	5.32180285372940e-06
330	5.05558228052294e-06
331	5.05562820942000e-06
332	5.03995266638857e-06
333	5.09916390989412e-06
334	5.14284044674265e-06
335	5.00239796165664e-06
336	5.46963179451788e-06
337	4.99917595428021e-06
338	5.06220939399468e-06
339	5.02235835491583e-06
340	5.00186806044829e-06
341	5.22588758928706e-06
342	5.07772954871519e-06
343	5.36090744651414e-06
344	5.14494998326351e-06
345	5.30419176322111e-06
346	5.16530433729233e-06
347	5.32370175762581e-06
348	5.06594492273136e-06
349	5.12076599060705e-06
350	5.10325756177326e-06
351	5.01663577490905e-06
352	5.07701930518898e-06
353	5.29816961177316e-06
354	5.13576167280098e-06
355	5.22840360971580e-06
356	5.06436860751371e-06
357	5.10778049923482e-06
358	5.13646303062620e-06
359	4.97409268027144e-06
360	5.31371872724270e-06
361	5.15738177633992e-06
362	5.30438151752489e-06
363	5.22941327853704e-06
364	5.25429728090634e-06
365	4.91822977798116e-06
366	5.36818882989714e-06
367	5.13468930107128e-06
368	5.06502778545005e-06
369	5.26350967050420e-06
370	5.24434829379539e-06
371	5.04243441699567e-06
372	4.94701364766303e-06
373	5.15786132991978e-06
374	5.23731963804810e-06
375	5.03164067599781e-06
376	5.08068408388920e-06
377	5.30338346636337e-06
378	5.29747088262839e-06
379	5.06902096809755e-06
380	5.27089416455492e-06
381	5.04935669606692e-06
382	5.08815421739392e-06
383	5.05714153089937e-06
384	5.10322321870847e-06
385	5.05448185503016e-06
386	5.07903794863637e-06
387	5.05278947825366e-06
388	4.97133796877074e-06
389	5.22368519683364e-06
390	5.08586907685805e-06
391	5.00283591359286e-06
392	5.36999278816530e-06
393	5.18757018745767e-06
394	5.20976501383763e-06
395	5.06780893154105e-06
396	4.97484412592520e-06
397	5.18323515787741e-06
398	5.06968861869857e-06
399	5.31998584894305e-06
400	5.07483731447600e-06
401	4.94588148538237e-06
402	4.93444537949232e-06
403	5.24199673213142e-06
404	5.18467899794272e-06
405	5.12891858796140e-06
406	5.14688358313850e-06
407	4.85084338651175e-06
408	5.20857318378732e-06
409	5.18651608370948e-06
410	5.14246799758189e-06
411	5.02100332708736e-06
412	5.26080854415575e-06
413	5.02530377946572e-06
414	5.08437562124801e-06
415	5.07476974911741e-06
416	5.17145154652332e-06
417	5.14259527098457e-06
418	5.11321546249952e-06
419	5.08178182141049e-06
420	5.22533108223278e-06
421	4.98510508380827e-06
422	5.10230379250879e-06
423	5.02753668579030e-06
424	4.87264694224758e-06
425	5.30894969746151e-06
426	5.00187672419891e-06
427	5.01690706670337e-06
428	5.10709665180013e-06
429	5.01996806552232e-06
430	5.14568392650102e-06
431	5.19504135080553e-06
432	5.22022942815474e-06
433	5.02586283747646e-06
434	5.15541072291055e-06
435	5.16885051733117e-06
436	4.89154360178267e-06
437	5.18216724435085e-06
438	5.17602487014783e-06
439	5.35542294114406e-06
440	5.05132686686197e-06
441	5.08886317223661e-06
442	5.01745146253220e-06
443	5.06356961509576e-06
444	5.09308684872117e-06
445	5.11409074340096e-06
446	5.00045863776244e-06
447	4.95487613846194e-06
448	5.01732592623229e-06
449	4.94720535225715e-06
450	4.99166792742955e-06
451	5.04219511964252e-06
452	5.00432611036345e-06
453	5.30206040158682e-06
454	5.28060432389229e-06
455	4.83841526967474e-06
456	4.95144296314569e-06
457	4.90803548986274e-06
458	4.99731325376990e-06
459	5.09129198481586e-06
460	4.97788090168808e-06
461	5.05311807332856e-06
462	5.17544726657975e-06
463	5.28037471055185e-06
464	4.89757414096223e-06
465	5.15414409710573e-06
466	5.03562403622439e-06
467	5.29714405043065e-06
468	4.88445884356523e-06
469	5.19363047275759e-06
470	5.10680297734742e-06
471	5.15812211815704e-06
472	5.03442189491086e-06
473	4.97130412299566e-06
474	5.13830375494137e-06
475	5.09782333341336e-06
476	5.17403912916737e-06
477	4.99251072163206e-06
478	5.07005224988829e-06
479	4.96492040041334e-06
480	4.96910825597705e-06
481	5.23708321094584e-06
482	4.92367356385151e-06
483	5.00478333819110e-06
484	4.99558901267513e-06
485	5.35655782423134e-06
486	5.19472375121212e-06
487	5.00333211244037e-06
488	5.09066136088784e-06
489	4.99884743593485e-06
490	5.01430634880512e-06
491	5.19012115723900e-06
492	4.92138828245829e-06
493	5.12746187040620e-06
494	5.13108867945576e-06
495	4.80440118159473e-06
496	5.02784647777956e-06
497	5.00289295203431e-06
498	5.21032246658007e-06
499	5.21727316378393e-06
