1	2.05048955211711e-04
2	2.70905550457491e-04
3	3.17683140826064e-04
4	3.54630170939978e-04
5	3.86637131919678e-04
6	4.13078677753657e-04
7	4.33994684659289e-04
8	4.57747685834933e-04
9	4.77601653440890e-04
10	4.96835789323001e-04
11	5.10389527365564e-04
12	5.27896491873090e-04
13	5.39952660379848e-04
14	5.53574802836895e-04
15	5.70124125804306e-04
16	5.82403501505880e-04
17	5.94613882973355e-04
18	6.03876463918698e-04
19	6.13646390749931e-04
20	6.28658422607327e-04
21	6.38458626449508e-04
22	6.43748563804786e-04
23	6.54828065884042e-04
24	6.64276002725276e-04
25	6.71413798852818e-04
26	6.73078940331539e-04
27	6.87756212709676e-04
28	7.00794148096775e-04
29	7.02043292156623e-04
30	7.15865144281940e-04
31	7.12479194980462e-04
32	7.30203047886002e-04
33	7.37740602822686e-04
34	7.35107028347514e-04
35	7.44113635567929e-04
36	7.60799375336664e-04
37	7.62482253120295e-04
38	7.73934911869071e-04
39	7.72817957438197e-04
40	7.82834352987657e-04
41	7.78247712962565e-04
42	7.97577406360430e-04
43	7.97594185345693e-04
44	7.89363835309745e-04
45	8.06127827263958e-04
46	8.15982058139100e-04
47	8.26666389557752e-04
48	8.16484455640219e-04
49	8.29347251667960e-04
50	8.34617310019116e-04
51	8.47084263198275e-04
52	8.38842778324986e-04
53	8.54195752164496e-04
54	8.67870851135821e-04
55	8.57549247025732e-04
56	8.63410562493260e-04
57	8.57237805187933e-04
58	8.66257705487012e-04
59	8.57527822152076e-04
60	8.76765123602221e-04
61	8.83073454936324e-04
62	8.79152134730353e-04
63	9.02930794973273e-04
64	8.96368302716643e-04
65	9.04397336234372e-04
66	8.91633205819756e-04
67	9.05499062738391e-04
68	9.20851694256629e-04
69	9.18899083545458e-04
70	9.32477365620919e-04
71	9.34299034502573e-04
72	9.27948370093904e-04
73	9.37856291593017e-04
74	9.43129045021964e-04
75	9.52710200262901e-04
76	9.63990769659295e-04
77	9.33557068111714e-04
78	9.45462806949537e-04
79	9.51994156731306e-04
80	9.49904644500174e-04
81	9.65037776531435e-04
82	9.67064690966663e-04
83	9.74134224680381e-04
84	9.61439224659330e-04
85	9.75431338838142e-04
86	9.86233047821542e-04
87	9.76453397001510e-04
88	9.94045578845304e-04
89	9.71531765902085e-04
90	9.80567828248895e-04
91	9.86898448781403e-04
92	1.00893211650375e-03
93	1.00335774836469e-03
94	1.00861864194872e-03
95	9.83761517440871e-04
96	1.01470022835587e-03
97	9.85717704938782e-04
98	1.02124914031070e-03
99	9.99305669728885e-04
100	1.02485322849155e-03
101	9.89089846934991e-04
102	1.02700103372390e-03
103	1.01962411874413e-03
104	1.00308996555171e-03
105	1.04932227325607e-03
106	1.03600494601287e-03
107	1.02972307883676e-03
108	1.05663490582618e-03
109	1.03216749203539e-03
110	1.03418259914592e-03
111	1.04263132096524e-03
112	1.04149813774811e-03
113	1.07230134569792e-03
114	1.03532537506668e-03
115	1.04768410223764e-03
116	1.06654823040543e-03
117	1.05302513171701e-03
118	1.04613852290077e-03
119	1.06337789091710e-03
120	1.06903625600156e-03
121	1.06140615352321e-03
122	1.05476091485224e-03
123	1.07462508869076e-03
124	1.09330253772985e-03
125	1.05404549618581e-03
126	1.06979143803492e-03
127	1.07401386851153e-03
128	1.08136579693482e-03
129	1.06723181639718e-03
130	1.07914763719595e-03
131	1.09012178997942e-03
132	1.09125043694126e-03
133	1.10700280996574e-03
134	1.10420338688248e-03
135	1.07678444526301e-03
136	1.11276363845485e-03
137	1.08541174360165e-03
138	1.10482391992032e-03
139	1.08108209428560e-03
140	1.08355990999555e-03
141	1.10906863362474e-03
142	1.11460976027616e-03
143	1.11201897090039e-03
144	1.11152003890067e-03
145	1.11419009682387e-03
146	1.12006907594719e-03
147	1.07605440793888e-03
148	1.12907393168233e-03
149	1.12358535956365e-03
150	1.10860226478567e-03
151	1.14922037425765e-03
152	1.12395025810630e-03
153	1.14028867921296e-03
154	1.14102211529345e-03
155	1.14684588977620e-03
156	1.11808593703001e-03
157	1.13408655941940e-03
158	1.14276428574321e-03
159	1.13116163201841e-03
160	1.14495871806779e-03
161	1.13437225082134e-03
162	1.13664247931595e-03
163	1.12689241601522e-03
164	1.16895209323050e-03
165	1.16313958501869e-03
166	1.11428364262893e-03
167	1.12797056938756e-03
168	1.14175713472735e-03
169	1.11627575971184e-03
170	1.17016888881445e-03
171	1.16488581017975e-03
172	1.11818833053531e-03
173	1.17108799864005e-03
174	1.16714402061544e-03
175	1.17391139875262e-03
176	1.19106313115697e-03
177	1.14981463897158e-03
178	1.15723023205358e-03
179	1.17705118655746e-03
180	1.17155054897140e-03
181	1.14747328720139e-03
182	1.15032484961133e-03
183	1.15730211029075e-03
184	1.14527858827035e-03
185	1.17007530338324e-03
186	1.18483542102645e-03
187	1.19120295559207e-03
188	1.16638901156801e-03
189	1.19814827992011e-03
190	1.13629166788802e-03
191	1.17451573680775e-03
192	1.17837679465671e-03
193	1.17037666754370e-03
194	1.19659553621518e-03
195	1.17031261767989e-03
196	1.18544665665900e-03
197	1.17142474813693e-03
198	1.18890593491675e-03
199	1.21122715169251e-03
200	1.18207155092117e-03
201	1.21226700811337e-03
202	1.19235788047379e-03
203	1.19766484445157e-03
204	1.19861943152645e-03
205	1.22162228590806e-03
206	1.17874781700119e-03
207	1.18593690595770e-03
208	1.17871735294152e-03
209	1.16094108980211e-03
210	1.19610613810939e-03
211	1.19196277164472e-03
212	1.23659710613799e-03
213	1.25798056191171e-03
214	1.22572334535717e-03
215	1.24514523686636e-03
216	1.22702424705097e-03
217	1.22158093551778e-03
218	1.20689596972423e-03
219	1.19407821686170e-03
220	1.20006571813077e-03
221	1.21197188848244e-03
222	1.23922394209545e-03
223	1.24295908102152e-03
224	1.24695442311170e-03
225	1.25072651427546e-03
226	1.22867178169495e-03
227	1.23337027854722e-03
228	1.25993307121160e-03
229	1.23364212680546e-03
230	1.26574616289383e-03
231	1.24711548682208e-03
232	1.23937179570247e-03
233	1.26204436324962e-03
234	1.21744617137040e-03
235	1.22443570419850e-03
236	1.23899103199186e-03
237	1.20457818216918e-03
238	1.21123727015470e-03
239	1.20023251380865e-03
240	1.22478165121577e-03
241	1.28507102885137e-03
242	1.25991715754520e-03
243	1.24346568912286e-03
244	1.24801999633253e-03
245	1.24708459719925e-03
246	1.25859119488644e-03
247	1.26622715899663e-03
248	1.26539155031538e-03
249	1.24074553468958e-03
250	1.26602094598703e-03
251	1.27742549589081e-03
252	1.28959314595268e-03
253	1.28715324386364e-03
254	1.28086760920759e-03
255	1.27704007890722e-03
256	1.24389176201848e-03
257	1.26714303060573e-03
258	1.22030942376540e-03
259	1.22318786753680e-03
260	1.24912815941028e-03
261	1.28593079856678e-03
262	1.25226011016314e-03
263	1.24798715761434e-03
264	1.30207315681145e-03
265	1.29393818653219e-03
266	1.31045605833919e-03
267	1.30561319857052e-03
268	1.32727036974846e-03
269	1.29968800170022e-03
270	1.26924581591074e-03
271	1.33584640673712e-03
272	1.34558612637695e-03
273	1.27920327566139e-03
274	1.28806385952437e-03
275	1.26106605070319e-03
276	1.27800605071094e-03
277	1.23512893465001e-03
278	1.24716244416368e-03
279	1.28102871114087e-03
280	1.27753994045389e-03
281	1.28687485428069e-03
282	1.28832009317729e-03
283	1.26807601905658e-03
284	1.20738059085017e-03
285	1.24153492653735e-03
286	1.29040511793848e-03
287	1.32468214152748e-03
288	1.30757871108607e-03
289	1.29822589374285e-03
290	1.32305505522823e-03
291	1.28182682963479e-03
292	1.27011295500281e-03
293	1.28298867711282e-03
294	1.28986561427112e-03
295	1.32092610945933e-03
296	1.34357515104448e-03
297	1.36437158995907e-03
298	1.38025231388355e-03
299	1.36103786673454e-03
300	1.34630886786923e-03
301	1.26980068751619e-03
302	1.30802147789470e-03
303	1.30013904296597e-03
304	1.34041659167824e-03
305	1.36892632304596e-03
306	1.31677922431561e-03
307	1.24214566961069e-03
308	1.26260606027703e-03
309	1.29805320302579e-03
310	1.34428124811566e-03
311	1.31244669005527e-03
312	1.26855466292882e-03
313	1.31421938280927e-03
314	1.34616858733412e-03
315	1.34937356276400e-03
316	1.30886657455589e-03
317	1.31341521507048e-03
318	1.31436205428968e-03
319	1.35127294586063e-03
320	1.39310672416629e-03
321	1.36960287179228e-03
322	1.34231953004893e-03
323	1.37473650045270e-03
324	1.37716045104463e-03
325	1.34663854929815e-03
326	1.33068802368241e-03
327	1.32817854423232e-03
328	1.34509365675871e-03
329	1.35007378393913e-03
330	1.35920150400211e-03
331	1.34222019489354e-03
332	1.28983876486454e-03
333	1.27716953394224e-03
334	1.26607208451953e-03
335	1.24422431964385e-03
336	1.26180936277546e-03
337	1.25639382093390e-03
338	1.24506104966583e-03
339	1.30681094751266e-03
340	1.33272422353759e-03
341	1.34094433767194e-03
342	1.34240889677307e-03
343	1.29762277788945e-03
344	1.24017312098291e-03
345	1.27409703258846e-03
346	1.29715765541883e-03
347	1.31113301022538e-03
348	1.36551660766976e-03
349	1.39062601770751e-03
350	1.37775505659311e-03
351	1.36916688764907e-03
352	1.38296776583550e-03
353	1.36384694600743e-03
354	1.37995127523906e-03
355	1.39685156672052e-03
356	1.38115295586830e-03
357	1.35118468422832e-03
358	1.36648799765985e-03
359	1.36342123870254e-03
360	1.35443251559373e-03
361	1.35410929599021e-03
362	1.34387786534176e-03
363	1.31817312055900e-03
364	1.34478023122740e-03
365	1.36932865681989e-03
366	1.35660448141410e-03
367	1.31157061933510e-03
368	1.34435334774118e-03
369	1.36203930717513e-03
370	1.36435360775294e-03
371	1.39024020465525e-03
372	1.40816246710688e-03
373	1.41922502025839e-03
374	1.40509078734521e-03
375	1.37994129320225e-03
376	1.35508966013587e-03
377	1.39243482094137e-03
378	1.41204700091329e-03
379	1.35587879052882e-03
380	1.34407629777299e-03
381	1.33276051043622e-03
382	1.33529263557381e-03
383	1.32134773847686e-03
384	1.32164922197492e-03
385	1.39698289633231e-03
386	1.36851276994560e-03
387	1.38861363787570e-03
388	1.40651715639608e-03
389	1.39080019291210e-03
390	1.34552991198621e-03
391	1.31786083332538e-03
392	1.28102642644163e-03
393	1.28771840112064e-03
394	1.27606875267668e-03
395	1.29110607534819e-03
396	1.33081846642080e-03
397	1.37116560827703e-03
398	1.40610603424036e-03
399	1.43389502950425e-03
400	1.40389250023029e-03
401	1.46478527002478e-03
402	1.48889238240618e-03
403	1.49051656087867e-03
404	1.46319464778641e-03
405	1.45326210006125e-03
406	1.42118484755170e-03
407	1.40392897877787e-03
408	1.34999237645165e-03
409	1.36061638751709e-03
410	1.35891585553685e-03
411	1.36264417103575e-03
412	1.35904935797307e-03
413	1.34430071136448e-03
414	1.37431470761461e-03
415	1.37086812142583e-03
416	1.37309740869039e-03
417	1.36136127452078e-03
418	1.34715502963012e-03
419	1.34218203599208e-03
420	1.33521194061323e-03
421	1.33168104092146e-03
422	1.35474279410704e-03
423	1.36364831144708e-03
424	1.38016874264994e-03
425	1.34938778397326e-03
426	1.37480755880664e-03
427	1.32735466169699e-03
428	1.35483507140374e-03
429	1.37093488564298e-03
430	1.38654087634190e-03
431	1.36302546016543e-03
432	1.34596902478152e-03
433	1.34202244535558e-03
434	1.34389217704349e-03
435	1.39011306155492e-03
436	1.37149489803551e-03
437	1.33088744512390e-03
438	1.34649135309802e-03
439	1.35591705397733e-03
440	1.37190506192466e-03
441	1.37623456734135e-03
442	1.37147927890741e-03
443	1.38856567605269e-03
444	1.38661167929894e-03
445	1.40041403613417e-03
446	1.43565779398206e-03
447	1.41570679946136e-03
448	1.39731980701472e-03
449	1.41821931881105e-03
450	1.40123419655190e-03
451	1.40965943005243e-03
452	1.41659686244313e-03
453	1.40794551999337e-03
454	1.39822461286372e-03
455	1.41156777171887e-03
456	1.45228452258051e-03
457	1.46115172246196e-03
458	1.46377448565666e-03
459	1.46500293807088e-03
460	1.46843074875092e-03
461	1.45365569112705e-03
462	1.42783646112629e-03
463	1.45043700914738e-03
464	1.48488609480176e-03
465	1.50090299959103e-03
466	1.51536661520745e-03
467	1.48583016515228e-03
468	1.45613087860044e-03
469	1.45690789643950e-03
470	1.48120857284812e-03
471	1.47756416144857e-03
472	1.47206915781254e-03
473	1.45744236684385e-03
474	1.44338281581060e-03
475	1.45790899802487e-03
476	1.42832982241670e-03
477	1.40901439049969e-03
478	1.37361275245922e-03
479	1.39269856212337e-03
480	1.41282775747027e-03
481	1.40562475320901e-03
482	1.35446396946322e-03
483	1.34717649393957e-03
484	1.33329113546365e-03
485	1.34177064676794e-03
486	1.36746315094810e-03
487	1.36260626257305e-03
488	1.42132434433616e-03
489	1.43486333958558e-03
490	1.45162049963219e-03
491	1.45591236945936e-03
492	1.49233192036068e-03
493	1.48705976410513e-03
494	1.48108540615591e-03
495	1.45151174260133e-03
496	1.41329644052352e-03
497	1.37790289246688e-03
498	1.33726826052642e-03
499	1.29314695700993e-03
