1	7.99805218001382e-08
2	9.39447343387088e-08
3	1.01903299758291e-07
4	1.06724661282095e-07
5	1.09226470086636e-07
6	1.12357432597802e-07
7	1.12807651246697e-07
8	1.14929897628976e-07
9	1.16795987179574e-07
10	1.17080299347135e-07
11	1.18143423413838e-07
12	1.17540967841372e-07
13	1.17527697397277e-07
14	1.18271460304439e-07
15	1.20813393107377e-07
16	1.20781444608328e-07
17	1.18269662261586e-07
18	1.20170226613517e-07
19	1.18051820017668e-07
20	1.20309978442172e-07
21	1.22713558598775e-07
22	1.20230337018570e-07
23	1.23129660910306e-07
24	1.17230454880761e-07
25	1.19746909810303e-07
26	1.21834687108684e-07
27	1.21490253483108e-07
28	1.20051009450722e-07
29	1.22709938811808e-07
30	1.17910545559368e-07
31	1.20265082055742e-07
32	1.22239027640058e-07
33	1.19689294352607e-07
34	1.18363235618096e-07
35	1.17640415630326e-07
36	1.23049592072129e-07
37	1.18378733924878e-07
38	1.17794602933425e-07
39	1.19887849084929e-07
40	1.18319657337924e-07
41	1.17230852853127e-07
42	1.21511077597674e-07
43	1.19738441366619e-07
44	1.16310185487419e-07
45	1.16391275035020e-07
46	1.23346111796403e-07
47	1.20997419580147e-07
48	1.20731028622210e-07
49	1.22687176315004e-07
50	1.18680541485827e-07
51	1.22739486243996e-07
52	1.17981703343094e-07
53	1.22519377189765e-07
54	1.20135827476801e-07
55	1.23049475267232e-07
56	1.20757856063214e-07
57	1.19554292999277e-07
58	1.21133183188711e-07
59	1.17028352813679e-07
60	1.18938835086493e-07
61	1.20704419330110e-07
62	1.20467998351152e-07
63	1.23361404488320e-07
64	1.22082523892314e-07
65	1.22820184325605e-07
66	1.22048985282394e-07
67	1.13524610267159e-07
68	1.21716916399708e-07
69	1.24004511711696e-07
70	1.22634507903617e-07
71	1.26767620204099e-07
72	1.23318583785350e-07
73	1.22416176955899e-07
74	1.20776161355518e-07
75	1.22303188402879e-07
76	1.19196479310166e-07
77	1.20415966755084e-07
78	1.24230929822899e-07
79	1.18255988379582e-07
80	1.22010553772751e-07
81	1.13852076276500e-07
82	1.15333837446919e-07
83	1.24228234482795e-07
84	1.21780933965432e-07
85	1.21009847290851e-07
86	1.15207964349268e-07
87	1.20341537770078e-07
88	1.21158140109132e-07
89	1.26278689902196e-07
90	1.15252779315093e-07
91	1.16690147238214e-07
92	1.19807140950066e-07
93	1.19088150328662e-07
94	1.19296418640278e-07
95	1.19423364764701e-07
96	1.16764291622617e-07
97	1.20877323620109e-07
98	1.20830970535032e-07
99	1.16801301491011e-07
100	1.19587759774470e-07
101	1.12507845933929e-07
102	1.17553834728237e-07
103	1.19719425646928e-07
104	1.11035282451042e-07
105	1.18718653038365e-07
106	1.15310107776679e-07
107	1.24419205152571e-07
108	1.18505120320643e-07
109	1.19691274841387e-07
110	1.20400979626174e-07
111	1.21259390884933e-07
112	1.25033528172196e-07
113	1.27700878005485e-07
114	1.21943749993746e-07
115	1.23353482514162e-07
116	1.17765965544321e-07
117	1.26309824615757e-07
118	1.14836259871594e-07
119	1.14828677616338e-07
120	1.13917690927737e-07
121	1.31178661870036e-07
122	1.10720273512535e-07
123	1.15062486188413e-07
124	1.17777785734082e-07
125	1.19794369700341e-07
126	1.26965999390493e-07
127	1.10132090398083e-07
128	1.18712870161193e-07
129	1.17526212482045e-07
130	1.19896730355039e-07
131	1.26138367254057e-07
132	1.14761171430347e-07
133	1.12524985686663e-07
134	1.20683391176123e-07
135	1.17903271968030e-07
136	1.10551865323363e-07
137	1.19319457317282e-07
138	1.18938708087595e-07
139	1.07128155142827e-07
140	1.24445341968910e-07
141	1.22798421225550e-07
142	1.15882461557785e-07
143	1.22581862599920e-07
144	1.20823682488173e-07
145	1.14245453692418e-07
146	1.21067726371611e-07
147	1.13195108213940e-07
148	1.15611860865512e-07
149	1.21786020889889e-07
150	1.13726428067861e-07
151	1.17636209859735e-07
152	1.14561166518437e-07
153	1.09750687312847e-07
154	1.20289224318586e-07
155	1.09981398964803e-07
156	1.24532544252221e-07
157	1.17706414894405e-07
158	1.22104048692479e-07
159	1.10335808280649e-07
160	1.24889179414049e-07
161	1.12460073424401e-07
162	1.18756741356929e-07
163	1.18667167472229e-07
164	1.08087048720407e-07
165	1.18255272078926e-07
166	1.17104338778350e-07
167	1.10422796530378e-07
168	1.16340503661315e-07
169	1.17728564550762e-07
170	1.16379228935765e-07
171	1.22726875437336e-07
172	9.74570339298722e-08
173	1.10422826563602e-07
174	1.08109011553711e-07
175	1.18629955525877e-07
176	1.19194863320215e-07
177	1.12642020070426e-07
178	1.19650560677561e-07
179	1.12782880748225e-07
180	1.11660647744304e-07
181	1.07848012273655e-07
182	1.05545422809019e-07
183	1.05167772098937e-07
184	1.13996246732195e-07
185	1.20016551831899e-07
186	1.16575111630735e-07
187	1.08048047536463e-07
188	1.08878461107252e-07
189	1.10056903521695e-07
190	1.12347628605444e-07
191	1.06608925054523e-07
192	1.08849843240430e-07
193	1.14713130038622e-07
194	1.05856660020560e-07
195	1.29909128750008e-07
196	1.07263956456368e-07
197	1.15426130284969e-07
198	9.94356015007778e-08
199	1.10824552416749e-07
200	1.05560231586594e-07
201	1.04172249559982e-07
202	1.01726580998256e-07
203	1.22552351115300e-07
204	1.10860465569920e-07
205	1.09686221083345e-07
206	1.22339318143979e-07
207	1.11950953098219e-07
208	1.05598644669115e-07
209	1.12007416802546e-07
210	1.09130696191280e-07
211	1.07081181555260e-07
212	1.13019684980811e-07
213	1.08695535252387e-07
214	1.13982132702412e-07
215	1.10469623289020e-07
216	1.18623843054285e-07
217	1.11541658262223e-07
218	1.06016881178479e-07
219	1.16457887202416e-07
220	1.01248760765392e-07
221	9.97771968151627e-08
222	1.08393699087876e-07
223	1.03039555222589e-07
224	1.05993968317504e-07
225	1.06422721055511e-07
226	1.23305880967115e-07
227	1.11156730740364e-07
228	1.08318009560820e-07
229	1.20132704987665e-07
230	1.05765536816077e-07
231	1.02945566409793e-07
232	1.18753499012279e-07
233	1.15093083932468e-07
234	1.13394315652443e-07
235	1.01737380417943e-07
236	9.73024788589827e-08
237	1.00268000087745e-07
238	9.92588904030542e-08
239	1.10330595197624e-07
240	1.17967777691573e-07
241	1.14008058975479e-07
242	1.13021382624244e-07
243	1.05965712536427e-07
244	1.05895312613090e-07
245	1.15009141055509e-07
246	1.11427033856563e-07
247	9.67495306443283e-08
248	9.72045789513166e-08
249	1.09047815472669e-07
250	1.13947953362991e-07
251	1.04983603125495e-07
252	1.23593278446467e-07
253	1.17874575092508e-07
254	1.05137678295242e-07
255	1.10178320004987e-07
256	1.09086214517317e-07
257	1.12209051889985e-07
258	1.07500233939066e-07
259	1.14881309542117e-07
260	1.13031060025993e-07
261	1.08952732146698e-07
262	1.16291977702568e-07
263	1.09305783465672e-07
264	9.29788390392987e-08
265	1.01677564451802e-07
266	1.05582251427887e-07
267	1.01657398602295e-07
268	9.88600520245902e-08
269	1.08993587298344e-07
270	1.17141451449901e-07
271	1.04583395288772e-07
272	9.34587563488116e-08
273	1.06195783652378e-07
274	1.11021769287493e-07
275	1.11267201555495e-07
276	1.03174988797673e-07
277	1.05732915205479e-07
278	1.00833182431194e-07
279	1.03185710616373e-07
280	1.05835863706020e-07
281	1.02595778208914e-07
282	1.07706220489255e-07
283	1.11801412425904e-07
284	1.14300637205979e-07
285	1.11662415692958e-07
286	1.05878625912393e-07
287	9.94892997152162e-08
288	1.01581301366715e-07
289	1.00187257364132e-07
290	1.04098661917411e-07
291	9.97941510252465e-08
292	1.06837365777808e-07
293	1.08635147712418e-07
294	1.11102666387854e-07
295	1.06487531010046e-07
296	1.07189144690740e-07
297	1.03568354034123e-07
298	1.12365068550089e-07
299	1.15312719180733e-07
300	1.17605831051457e-07
301	1.09221251889683e-07
302	1.01106285348451e-07
303	1.03645935457746e-07
304	1.02635859965991e-07
305	1.09662210379428e-07
306	9.55160711576020e-08
307	1.03183140053558e-07
308	9.61802706475991e-08
309	1.06133439467623e-07
310	1.04024197527175e-07
311	1.01592125804459e-07
312	1.04229765740338e-07
313	9.91751849275804e-08
314	9.51670561824880e-08
315	1.05262317187976e-07
316	1.13259885086855e-07
317	1.09246763850491e-07
318	1.03925656780168e-07
319	9.83886470451571e-08
320	1.05274911080461e-07
321	1.08341204668190e-07
322	1.10808214944484e-07
323	1.12149273824289e-07
324	1.16190753669315e-07
325	1.13768430152084e-07
326	1.09429629872353e-07
327	1.02479213495385e-07
328	1.01510307784313e-07
329	9.94959174458364e-08
330	1.00897496161301e-07
331	1.01602463245665e-07
332	1.05202972111102e-07
333	1.04350959022403e-07
334	1.07888107647136e-07
335	1.10905629483911e-07
336	1.10322117549142e-07
337	1.09529927676355e-07
338	1.07522581800370e-07
339	1.00391631977095e-07
340	1.05016036776189e-07
341	1.06923495015462e-07
342	1.03255595622367e-07
343	1.07726391362789e-07
344	1.00520198440392e-07
345	9.68644681798480e-08
346	1.01037582135763e-07
347	9.63835249774065e-08
348	9.78955702372392e-08
349	1.08652192343798e-07
350	1.12224043944487e-07
351	1.21220399294104e-07
352	1.06427326160941e-07
353	9.96544637657009e-08
354	1.04035201790682e-07
355	1.02083789821032e-07
356	1.01038349366862e-07
357	1.08538582317139e-07
358	1.08133920850033e-07
359	1.06862255352005e-07
360	1.08097772147653e-07
361	1.08179743886536e-07
362	1.00236380767960e-07
363	1.07249838267719e-07
364	9.95631842803200e-08
365	9.61449115079501e-08
366	9.32515239575246e-08
367	9.80923010835016e-08
368	1.08263858281344e-07
369	1.03784997141355e-07
370	9.84569253050787e-08
371	1.07203361887846e-07
372	9.69069817933261e-08
373	9.44242824260653e-08
374	9.34978519379316e-08
375	1.03231808752046e-07
376	9.47373547608373e-08
377	9.86625596148072e-08
378	1.07044440023349e-07
379	1.05480940425163e-07
380	1.02264148613936e-07
381	1.07500536994848e-07
382	1.10969524282226e-07
383	1.09929428392838e-07
384	1.21271203310562e-07
385	1.11584372474558e-07
386	1.12605325354670e-07
387	1.14390383515136e-07
388	9.42930054292178e-08
389	1.01860729347267e-07
390	1.08652627984154e-07
391	1.06994543759135e-07
392	1.02843207524736e-07
393	1.09578727148250e-07
394	1.11309878905073e-07
395	1.01874183894061e-07
396	8.74528375583331e-08
397	9.76916576315386e-08
398	1.05923445424489e-07
399	1.02054557699285e-07
400	1.01605264096893e-07
401	1.06120554694963e-07
402	1.09800941795174e-07
403	1.03954354949751e-07
404	9.69315707099068e-08
405	9.37647262887649e-08
406	9.61058427436953e-08
407	9.85829968305060e-08
408	9.43085531990514e-08
409	1.00659581399848e-07
410	1.05572085258121e-07
411	1.13246277764858e-07
412	1.17171733568052e-07
413	1.16976317950853e-07
414	1.18243265058012e-07
415	1.11719647481613e-07
416	1.11203046516179e-07
417	1.00890170066540e-07
418	1.00064058731229e-07
419	1.04542845809038e-07
420	9.98028452489065e-08
421	9.90783628199201e-08
422	9.15755961676804e-08
423	9.26493630117573e-08
424	9.04187649964990e-08
425	9.39302893731724e-08
426	1.04475659485610e-07
427	1.04093313643413e-07
428	1.11925418668439e-07
429	1.14487965465500e-07
430	1.07152888814726e-07
431	1.11103229136264e-07
432	1.20058496983655e-07
433	1.15022677864657e-07
434	1.23710251124963e-07
435	1.16239254290649e-07
436	1.16755737692647e-07
437	1.17432561511430e-07
438	1.11764156325933e-07
439	1.10177433068166e-07
440	9.80487371705180e-08
441	9.36783710472808e-08
442	9.10616941374178e-08
443	9.87252328374779e-08
444	1.02330622706473e-07
445	1.04118060034468e-07
446	1.07506877191125e-07
447	1.05095106655944e-07
448	1.07268662815130e-07
449	1.03931019178826e-07
450	1.00293414882179e-07
451	1.02198695262819e-07
452	9.00795071171682e-08
453	8.97523184153133e-08
454	9.14653165927021e-08
455	1.03977118577845e-07
456	1.00984073636392e-07
457	1.10046989636196e-07
458	1.16240151775558e-07
459	1.05717546982621e-07
460	1.04533262164852e-07
461	1.05301237430184e-07
462	9.71995914410406e-08
463	9.18507066125954e-08
464	1.02082145613582e-07
465	9.82321274602946e-08
466	9.96930097124973e-08
467	1.00645983656758e-07
468	1.13287618560566e-07
469	1.02795283829554e-07
470	1.05407854175039e-07
471	9.75273139467495e-08
472	1.10389560648819e-07
473	1.07584517254372e-07
474	1.01214170972226e-07
475	9.71692301067005e-08
476	8.91630106290324e-08
477	9.96604418331291e-08
478	1.03055725187271e-07
479	9.62232531017362e-08
480	1.09647659224885e-07
481	1.09271415397131e-07
482	1.03315523527412e-07
483	1.00754195554901e-07
484	1.06617282417361e-07
485	1.03155174026829e-07
486	9.74297440158967e-08
487	1.04676264193818e-07
488	1.08917616299147e-07
489	1.12000917494468e-07
490	1.00820574511135e-07
491	1.05766530317308e-07
492	1.00674197101154e-07
493	8.68480277009069e-08
494	8.68513651449047e-08
495	8.89272800252550e-08
496	9.06271614679782e-08
497	9.85423308526655e-08
498	1.06911267417248e-07
499	9.89516718606618e-08
