1	1.23436510198277e-03
2	1.74481917472193e-03
3	2.13591803013895e-03
4	2.46684981047578e-03
5	2.75784881110872e-03
6	3.01898483909116e-03
7	3.26186213976438e-03
8	3.48807645807728e-03
9	3.69829272980106e-03
10	3.89964480848955e-03
11	4.08849102423464e-03
12	4.26661380078765e-03
13	4.44426604786367e-03
14	4.60640477381280e-03
15	4.76822149970881e-03
16	4.92236979130048e-03
17	5.07811804220163e-03
18	5.22115818233313e-03
19	5.36397416395565e-03
20	5.51457819078379e-03
21	5.63862804262870e-03
22	5.76939126046252e-03
23	5.89875101039358e-03
24	6.02527484430211e-03
25	6.16541589551687e-03
26	6.26704259176264e-03
27	6.40703345058613e-03
28	6.50827336366122e-03
29	6.61634142956860e-03
30	6.73352789680555e-03
31	6.84848298002480e-03
32	6.95617193495709e-03
33	7.05897855707417e-03
34	7.16258448487895e-03
35	7.26591650992839e-03
36	7.37942064673728e-03
37	7.49862989756863e-03
38	7.57381854051807e-03
39	7.66551572946836e-03
40	7.79852096599181e-03
41	7.85940578219328e-03
42	7.96769449875322e-03
43	8.05741636109892e-03
44	8.14514371294987e-03
45	8.23961099719841e-03
46	8.33220482216807e-03
47	8.41937181687065e-03
48	8.51897846862049e-03
49	8.58272537855426e-03
50	8.71896074637886e-03
51	8.75456220276608e-03
52	8.85463965147590e-03
53	8.95249793994049e-03
54	9.00764908415016e-03
55	9.10725479064211e-03
56	9.20353677495063e-03
57	9.24420011419716e-03
58	9.34041688068948e-03
59	9.46239148062089e-03
60	9.48986924444858e-03
61	9.56652238988416e-03
62	9.67985344787958e-03
63	9.75980675902292e-03
64	9.79194403229461e-03
65	9.86584486488260e-03
66	9.98142060897597e-03
67	1.00725706551631e-02
68	1.00986220990290e-02
69	1.01610316794892e-02
70	1.02451094469102e-02
71	1.03639762347100e-02
72	1.04311003767035e-02
73	1.04665287970388e-02
74	1.05172071466389e-02
75	1.05979366789110e-02
76	1.07084299717394e-02
77	1.08202354533196e-02
78	1.08264754384830e-02
79	1.08756793323922e-02
80	1.09157466900591e-02
81	1.09983775068071e-02
82	1.11058929014758e-02
83	1.12192378104000e-02
84	1.12634184917565e-02
85	1.12837065774690e-02
86	1.13250769862912e-02
87	1.13869335309223e-02
88	1.14500393874879e-02
89	1.15533388450465e-02
90	1.16561162598136e-02
91	1.17660379226943e-02
92	1.17738138109945e-02
93	1.17996034961732e-02
94	1.18423153659047e-02
95	1.18794475258066e-02
96	1.19558553455409e-02
97	1.20260268892857e-02
98	1.21119679243849e-02
99	1.22134569627160e-02
100	1.23302862094232e-02
101	1.23357336423984e-02
102	1.23556311796026e-02
103	1.23890855133156e-02
104	1.24356217000782e-02
105	1.24702059276832e-02
106	1.25439684298453e-02
107	1.26042785763685e-02
108	1.27043540745557e-02
109	1.27898029015745e-02
110	1.28874335389565e-02
111	1.29970619667145e-02
112	1.30117531562763e-02
113	1.30244171163816e-02
114	1.30478331814689e-02
115	1.30813789020660e-02
116	1.30952970894814e-02
117	1.31496998436831e-02
118	1.32147826474221e-02
119	1.32586573044555e-02
120	1.33439177491198e-02
121	1.34070775716105e-02
122	1.35122301699612e-02
123	1.35944178991636e-02
124	1.36855717791343e-02
125	1.37856305076516e-02
126	1.38159192477781e-02
127	1.38205953399096e-02
128	1.38330933503584e-02
129	1.38534957667751e-02
130	1.38810507598952e-02
131	1.39171756725127e-02
132	1.39608555170240e-02
133	1.40126640143254e-02
134	1.40343989363055e-02
135	1.41010524830086e-02
136	1.41751651485938e-02
137	1.42569010682088e-02
138	1.43071185465311e-02
139	1.44035082835507e-02
140	1.44672253337367e-02
141	1.45779003053467e-02
142	1.46547371887211e-02
143	1.47646268198402e-02
144	1.47482583659531e-02
145	1.47808432337575e-02
146	1.47764103170441e-02
147	1.47777989019164e-02
148	1.48275230517942e-02
149	1.48396736303947e-02
150	1.48577410459514e-02
151	1.48812854313160e-02
152	1.49554319794472e-02
153	1.49898308851164e-02
154	1.50298783502899e-02
155	1.50753960798536e-02
156	1.51258334417887e-02
157	1.51817091058708e-02
158	1.52430059893127e-02
159	1.53093658556157e-02
160	1.53810548981109e-02
161	1.54577057465879e-02
162	1.55395458457537e-02
163	1.56265282770651e-02
164	1.57186033522474e-02
165	1.57639384975869e-02
166	1.58653797229017e-02
167	1.59391659750960e-02
168	1.59521374269046e-02
169	1.59701048702724e-02
170	1.59380128038219e-02
171	1.59638168618784e-02
172	1.59936840213292e-02
173	1.59723140951871e-02
174	1.60099036143329e-02
175	1.60518991578141e-02
176	1.60421238835653e-02
177	1.60923317615312e-02
178	1.61463545849518e-02
179	1.61472613125594e-02
180	1.62096077708380e-02
181	1.62176839006239e-02
182	1.62874219209214e-02
183	1.63022869233324e-02
184	1.63802846744431e-02
185	1.64021959458020e-02
186	1.64878576349305e-02
187	1.65165538390285e-02
188	1.66100727313547e-02
189	1.66453832662809e-02
190	1.66839097869932e-02
191	1.67889459647752e-02
192	1.68337785554231e-02
193	1.68818319959630e-02
194	1.69981540905492e-02
195	1.70527060227571e-02
196	1.71101371939016e-02
197	1.72377155635156e-02
198	1.73014818233183e-02
199	1.73680873228214e-02
200	1.74375273357517e-02
201	1.74901476436272e-02
202	1.74756988858214e-02
203	1.74647928195007e-02
204	1.74556496377533e-02
205	1.75202715443046e-02
206	1.75166829549218e-02
207	1.75150416402203e-02
208	1.75157245638405e-02
209	1.75193987742119e-02
210	1.75252933142371e-02
211	1.76073640770400e-02
212	1.76187075387483e-02
213	1.76326016443034e-02
214	1.76483561391829e-02
215	1.76669153733192e-02
216	1.76879610751354e-02
217	1.77113296671317e-02
218	1.77366320774412e-02
219	1.77645101557311e-02
220	1.77948870118958e-02
221	1.78278587016623e-02
222	1.78629629130073e-02
223	1.79003361623288e-02
224	1.79403421049672e-02
225	1.79823831702356e-02
226	1.80267548951951e-02
227	1.80736827730159e-02
228	1.81228653064146e-02
229	1.81744264633587e-02
230	1.82281110882667e-02
231	1.82840474590819e-02
232	1.83426227801222e-02
233	1.84034218058685e-02
234	1.84665870967476e-02
235	1.85319667567882e-02
236	1.85997175368617e-02
237	1.86699381003732e-02
238	1.86538802357934e-02
239	1.87277766928195e-02
240	1.88038683101622e-02
241	1.88822866970184e-02
242	1.89630379171956e-02
243	1.90459842982984e-02
244	1.91312742514623e-02
245	1.91255353625919e-02
246	1.92144519871613e-02
247	1.93056066299581e-02
248	1.93990875070321e-02
249	1.94947860523981e-02
250	1.94957222838620e-02
251	1.95150033018837e-02
252	1.95359783005708e-02
253	1.95590111360451e-02
254	1.95843481005782e-02
255	1.95120191148650e-02
256	1.95399883544736e-02
257	1.95699288622336e-02
258	1.96013698054932e-02
259	1.95333173156283e-02
260	1.95672837865208e-02
261	1.96035113260696e-02
262	1.96417860200639e-02
263	1.95787898766841e-02
264	1.96197796963002e-02
265	1.96626934844038e-02
266	1.97076800246469e-02
267	1.96491961898939e-02
268	1.96966865360086e-02
269	1.97462347603764e-02
270	1.96917244064772e-02
271	1.97441307835044e-02
272	1.97980469202387e-02
273	1.97465777041473e-02
274	1.98035461516591e-02
275	1.98625485304261e-02
276	1.98146371884532e-02
277	1.98766170039734e-02
278	1.99403723935475e-02
279	1.98955368250729e-02
280	1.99626035481542e-02
281	2.00310348559174e-02
282	1.99891824389733e-02
283	2.00610161015457e-02
284	2.00214573762095e-02
285	2.00959948642101e-02
286	2.01726577584351e-02
287	2.01359809585525e-02
288	2.02151919464231e-02
289	2.01805258675044e-02
290	2.02631041879367e-02
291	2.03475278516665e-02
292	2.03158503327425e-02
293	2.04035747374707e-02
294	2.03737322144543e-02
295	2.04641818317087e-02
296	2.05569968558061e-02
297	2.05300888177386e-02
298	2.06256572514427e-02
299	2.06005534476694e-02
300	2.06991191819779e-02
301	2.06758047057779e-02
302	2.07773208633856e-02
303	2.07558197084882e-02
304	2.08603099592916e-02
305	2.09671674171320e-02
306	2.09482385559901e-02
307	2.10580266205682e-02
308	2.10406431202690e-02
309	2.11535855966047e-02
310	2.11379634619189e-02
311	2.12539047344624e-02
312	2.12398755612738e-02
313	2.13587798196923e-02
314	2.13462599000992e-02
315	2.14682591176123e-02
316	2.14573446339544e-02
317	2.15824997145709e-02
318	2.15730867925672e-02
319	2.17013432515903e-02
320	2.16933962695088e-02
321	2.18247816322576e-02
322	2.18182528212000e-02
323	2.19527363952392e-02
324	2.19476627783233e-02
325	2.20852903720364e-02
326	2.20816005423109e-02
327	2.22224014595466e-02
328	2.22200680620550e-02
329	2.23640621804699e-02
330	2.23630022122068e-02
331	2.23625619325600e-02
332	2.25104466586635e-02
333	2.25112339164549e-02
334	2.26160311358703e-02
335	2.25490187088124e-02
336	2.26329017036006e-02
337	2.25669969438493e-02
338	2.26543517978850e-02
339	2.25894778762518e-02
340	2.25259413099924e-02
341	2.26153803958058e-02
342	2.25529516481309e-02
343	2.26448342179141e-02
344	2.25832649145654e-02
345	2.26768921713900e-02
346	2.26161490559253e-02
347	2.25563706489438e-02
348	2.26530732211474e-02
349	2.25948393614296e-02
350	2.26937622628434e-02
351	2.26363552454661e-02
352	2.25796937637154e-02
353	2.26817907197489e-02
354	2.26265680561201e-02
355	2.27312273952103e-02
356	2.26762117554476e-02
357	2.26222627566702e-02
358	2.27296178021424e-02
359	2.26768655105457e-02
360	2.27871836003452e-02
361	2.27353915885260e-02
362	2.26841862326238e-02
363	2.27965264434838e-02
364	2.27463457635648e-02
365	2.28617354078215e-02
366	2.28124532749587e-02
367	2.27637194927979e-02
368	2.28826658676568e-02
369	2.28352234738239e-02
370	2.27882141746778e-02
371	2.29095812517037e-02
372	2.28635656219695e-02
373	2.28184726519409e-02
374	2.29430171097502e-02
375	2.28985305985159e-02
376	2.30256513943672e-02
377	2.29823813042303e-02
378	2.29392252380672e-02
379	2.30701446812538e-02
380	2.30281042902223e-02
381	2.29866607172784e-02
382	2.31205919423771e-02
383	2.30798280746927e-02
384	2.30395505858760e-02
385	2.31764257887633e-02
386	2.31374959400996e-02
387	2.30991828995635e-02
388	2.32394125365159e-02
389	2.32018912041784e-02
390	2.31651102607100e-02
391	2.33088710208981e-02
392	2.32726372765898e-02
393	2.32370623138329e-02
394	2.33842553140400e-02
395	2.33501028031728e-02
396	2.33157940990248e-02
397	2.34666098124432e-02
398	2.34332353612877e-02
399	2.34003219685556e-02
400	2.33680930674221e-02
401	2.35224665569733e-02
402	2.34910195294373e-02
403	2.34601683021640e-02
404	2.36181469089977e-02
405	2.35879379373602e-02
406	2.35584679424956e-02
407	2.37201898746094e-02
408	2.36915354214768e-02
409	2.36631744675914e-02
410	2.38285817552251e-02
411	2.38008412249427e-02
412	2.37740687525755e-02
413	2.37474972502341e-02
414	2.39170943278348e-02
415	2.38913671137341e-02
416	2.38659590927723e-02
417	2.40393177926502e-02
418	2.40144017226264e-02
419	2.39903044473335e-02
420	2.39665245332906e-02
421	2.41440011660315e-02
422	2.41211805532354e-02
423	2.40987729949534e-02
424	2.42802153454455e-02
425	2.42585034301305e-02
426	2.42371447989125e-02
427	2.42162913093794e-02
428	2.44022638738967e-02
429	2.43818986188674e-02
430	2.43622698558473e-02
431	2.43429818916075e-02
432	2.45332382799632e-02
433	2.45145794601807e-02
434	2.44963364971762e-02
435	2.46910208124810e-02
436	2.46733968687338e-02
437	2.46563564881015e-02
438	2.46395020598820e-02
439	2.48387064404989e-02
440	2.48225093819420e-02
441	2.48066957246968e-02
442	2.47913096126292e-02
443	2.49950576418408e-02
444	2.49802125478030e-02
445	2.49658096514682e-02
446	2.49516672699029e-02
447	2.51603260541737e-02
448	2.51468705578547e-02
449	2.51338207956627e-02
450	2.51210489290471e-02
451	2.53345966798161e-02
452	2.53223363779165e-02
453	2.53106745465589e-02
454	2.52991931053164e-02
455	2.55177204326889e-02
456	2.55068413556448e-02
457	2.54964661647047e-02
458	2.54861888312049e-02
459	2.57097182847101e-02
460	2.57001445021685e-02
461	2.56909133791924e-02
462	2.56818588634280e-02
463	2.59108410805182e-02
464	2.59025748295260e-02
465	2.58945204511973e-02
466	2.58868083849453e-02
467	2.58793456033987e-02
468	2.61137957633680e-02
469	2.61069604175276e-02
470	2.61004275696968e-02
471	2.60941140239705e-02
472	2.63339822917101e-02
473	2.63282175486965e-02
474	2.63226932858031e-02
475	2.63173909693784e-02
476	2.63124926047248e-02
477	2.65582365573747e-02
478	2.65538145655838e-02
479	2.65496652175225e-02
480	2.65457382981167e-02
481	2.67971461052576e-02
482	2.67938522210305e-02
483	2.67907238304066e-02
484	2.67879294267928e-02
485	2.67853287598944e-02
486	2.70429582677348e-02
487	2.70408992699979e-02
488	2.70390999426060e-02
489	2.70374721459521e-02
490	2.70361365833045e-02
491	2.73001139616500e-02
492	2.72992346038010e-02
493	2.72986153614964e-02
494	2.72981523981161e-02
495	2.72980130234646e-02
496	2.75683984775931e-02
497	2.75687058686761e-02
498	2.75692839657232e-02
499	2.75700036892430e-02
