1	5.87808897800003e-04
2	8.25409063147699e-04
3	1.00693426629755e-03
4	1.16003633569498e-03
5	1.29454037260498e-03
6	1.41495690378487e-03
7	1.52704330227505e-03
8	1.63151984727454e-03
9	1.72854737584425e-03
10	1.82137914810260e-03
11	1.90861902715906e-03
12	1.99062565194685e-03
13	2.07252292601149e-03
14	2.14725527900242e-03
15	2.22205900620686e-03
16	2.29311485888116e-03
17	2.36482700395818e-03
18	2.43111769224324e-03
19	2.49705014218866e-03
20	2.56699965063543e-03
21	2.62433798272333e-03
22	2.68452667182867e-03
23	2.74366749249363e-03
24	2.80262880649965e-03
25	2.86810073200068e-03
26	2.91439853856036e-03
27	2.97925267293858e-03
28	3.02595818734412e-03
29	3.07567296641623e-03
30	3.13007427118128e-03
31	3.18333535296904e-03
32	3.23334953005422e-03
33	3.28069727570441e-03
34	3.32847306730541e-03
35	3.37599024339525e-03
36	3.42850199347870e-03
37	3.48414236342537e-03
38	3.51878474907449e-03
39	3.56065144429873e-03
40	3.62280587006025e-03
41	3.65110458129964e-03
42	3.70075475759068e-03
43	3.74231941313278e-03
44	3.78265894855701e-03
45	3.82726631022021e-03
46	3.86866119690816e-03
47	3.91009391326635e-03
48	3.95570414773278e-03
49	3.98527960133969e-03
50	4.04892979404069e-03
51	4.06465822525854e-03
52	4.11172164383301e-03
53	4.15640825247000e-03
54	4.18203991652872e-03
55	4.22872872735064e-03
56	4.27284708486741e-03
57	4.29182550437543e-03
58	4.33643038465165e-03
59	4.39259158706431e-03
60	4.40550832647211e-03
61	4.44125947172452e-03
62	4.49356841794366e-03
63	4.53040371674289e-03
64	4.54539937418231e-03
65	4.58058558659180e-03
66	4.63356220210252e-03
67	4.67453530597011e-03
68	4.68716053966937e-03
69	4.71669490035522e-03
70	4.75537173593184e-03
71	4.81042631153215e-03
72	4.84083201976989e-03
73	4.85739547118308e-03
74	4.88162820778251e-03
75	4.91898579097824e-03
76	4.96997129643749e-03
77	5.02165566869980e-03
78	5.02315003490043e-03
79	5.04673931755180e-03
80	5.06676054226810e-03
81	5.10434501046621e-03
82	5.15429142480996e-03
83	5.20671774781131e-03
84	5.22609520388112e-03
85	5.23606341004102e-03
86	5.25535262402413e-03
87	5.28454119308074e-03
88	5.31318262230267e-03
89	5.36165743587472e-03
90	5.40912111699271e-03
91	5.45941281180637e-03
92	5.46170012774420e-03
93	5.47484028703956e-03
94	5.49465254430703e-03
95	5.51264504908398e-03
96	5.54747606252616e-03
97	5.58062078214620e-03
98	5.61994881073739e-03
99	5.66686791136006e-03
100	5.72113590022576e-03
101	5.72243212491383e-03
102	5.73209384808240e-03
103	5.74775290377901e-03
104	5.77059568248006e-03
105	5.78611760993145e-03
106	5.82004149968750e-03
107	5.84831173498387e-03
108	5.89497818205589e-03
109	5.93372361287143e-03
110	5.97928705544643e-03
111	6.03009827208027e-03
112	6.03570891812401e-03
113	6.04134077463618e-03
114	6.05273111160118e-03
115	6.06918801312194e-03
116	6.07617017514239e-03
117	6.10050199625508e-03
118	6.13060683348718e-03
119	6.15154036631736e-03
120	6.19104812560361e-03
121	6.22014262292696e-03
122	6.26846314627656e-03
123	6.30672422181072e-03
124	6.34895913806701e-03
125	6.39505616935078e-03
126	6.40859631235367e-03
127	6.40993872802921e-03
128	6.41665645807689e-03
129	6.42577596171102e-03
130	6.44111049940594e-03
131	6.45654412018413e-03
132	6.47626662194837e-03
133	6.50013988677067e-03
134	6.51044394329685e-03
135	6.54196898350800e-03
136	6.57619647909380e-03
137	6.61378209284194e-03
138	6.63709757566255e-03
139	6.68144275583198e-03
140	6.71081351683851e-03
141	6.76231371864128e-03
142	6.79783341112918e-03
143	6.84855448907085e-03
144	6.84020314520487e-03
145	6.85421121308631e-03
146	6.85347411249825e-03
147	6.85386913171116e-03
148	6.87825066537313e-03
149	6.88474264315652e-03
150	6.89234014507173e-03
151	6.90193505888324e-03
152	6.93690372797744e-03
153	6.95314041115566e-03
154	6.97194887773519e-03
155	6.99272350936798e-03
156	7.01627189306461e-03
157	7.04250201395177e-03
158	7.07072881151320e-03
159	7.10128641987216e-03
160	7.13425388962999e-03
161	7.16951578493267e-03
162	7.20722255807891e-03
163	7.24809859489024e-03
164	7.29074443708563e-03
165	7.31149744859171e-03
166	7.35906437272305e-03
167	7.39251042218247e-03
168	7.39773322015233e-03
169	7.40495752454607e-03
170	7.39161575411049e-03
171	7.40344584309389e-03
172	7.41711349919060e-03
173	7.40890918080509e-03
174	7.42665566122352e-03
175	7.44537715348862e-03
176	7.44015714421686e-03
177	7.46354570183697e-03
178	7.48965433016944e-03
179	7.48967360858868e-03
180	7.51903990149818e-03
181	7.52194049989110e-03
182	7.55405099739942e-03
183	7.56123589474858e-03
184	7.59764036750266e-03
185	7.60742051835039e-03
186	7.64740542834874e-03
187	7.66071225802862e-03
188	7.70312437099484e-03
189	7.71967529436336e-03
190	7.73815056932038e-03
191	7.78621741685623e-03
192	7.80746063574137e-03
193	7.83022380388476e-03
194	7.88402227485790e-03
195	7.90952878227519e-03
196	7.93609188510825e-03
197	7.99473683411841e-03
198	8.02463624710319e-03
199	8.05512663296020e-03
200	8.08696772112681e-03
201	8.11010450965189e-03
202	8.10320580409801e-03
203	8.09726794174750e-03
204	8.09482509361365e-03
205	8.12469461326783e-03
206	8.12267149220222e-03
207	8.12319914179098e-03
208	8.12530630400482e-03
209	8.12558010481127e-03
210	8.12806332282291e-03
211	8.16505057679022e-03
212	8.17031952523314e-03
213	8.17767439284861e-03
214	8.18549295553498e-03
215	8.19416511785693e-03
216	8.20431616332118e-03
217	8.21394082382969e-03
218	8.22590157716068e-03
219	8.23887511412167e-03
220	8.25315748318810e-03
221	8.26850792439944e-03
222	8.28419837930065e-03
223	8.30205296939940e-03
224	8.31992884674060e-03
225	8.33934172054701e-03
226	8.35945528556590e-03
227	8.38047373392744e-03
228	8.40377127160335e-03
229	8.42787451883552e-03
230	8.45286940236781e-03
231	8.47917901636972e-03
232	8.50747829427701e-03
233	8.53584233154554e-03
234	8.56475225689841e-03
235	8.59502172365387e-03
236	8.62696373757701e-03
237	8.65897278733618e-03
238	8.65210760648477e-03
239	8.68570687896316e-03
240	8.72096709080714e-03
241	8.75710541820071e-03
242	8.79465011843573e-03
243	8.83248830595509e-03
244	8.87239520888854e-03
245	8.86963036437381e-03
246	8.91098819038760e-03
247	8.95305978919278e-03
248	8.99633918837872e-03
249	9.04069221738856e-03
250	9.04061704556598e-03
251	9.04863346570135e-03
252	9.05784506819788e-03
253	9.06728922105910e-03
254	9.07931528879191e-03
255	9.04741584212202e-03
256	9.06056454168381e-03
257	9.07330205231220e-03
258	9.08853531388512e-03
259	9.05857898705896e-03
260	9.07649669828888e-03
261	9.09200904857701e-03
262	9.10892759603751e-03
263	9.07958797237612e-03
264	9.09764398725844e-03
265	9.11752076012836e-03
266	9.13884702075327e-03
267	9.11271318847940e-03
268	9.13450080434878e-03
269	9.15792725898180e-03
270	9.13247753619033e-03
271	9.15624716485051e-03
272	9.18120366860149e-03
273	9.15744335638551e-03
274	9.18332009189024e-03
275	9.21132350147515e-03
276	9.18943287054138e-03
277	9.21743448699210e-03
278	9.24698867041465e-03
279	9.22595924259275e-03
280	9.25713800285848e-03
281	9.28851622414876e-03
282	9.26842379362725e-03
283	9.30041024720277e-03
284	9.28276180656998e-03
285	9.31841135174528e-03
286	9.35297979496201e-03
287	9.33619613747246e-03
288	9.37354023661701e-03
289	9.35874081089903e-03
290	9.39758464030198e-03
291	9.43676451918754e-03
292	9.42250879648934e-03
293	9.46260651034547e-03
294	9.44950719717738e-03
295	9.49178242537436e-03
296	9.53444413737596e-03
297	9.52240442087643e-03
298	9.56645844011641e-03
299	9.55456303949873e-03
300	9.59974034456872e-03
301	9.58942313768947e-03
302	9.63605225309018e-03
303	9.62581786752958e-03
304	9.67399009929712e-03
305	9.72368204529854e-03
306	9.71517533524561e-03
307	9.76542046405792e-03
308	9.75817348608605e-03
309	9.81052980601246e-03
310	9.80306931555561e-03
311	9.85672786830958e-03
312	9.85050827381419e-03
313	9.90538313518021e-03
314	9.89970662849060e-03
315	9.95636478579601e-03
316	9.95146642980733e-03
317	1.00096808998745e-02
318	1.00049261877290e-02
319	1.00645976866267e-02
320	1.00608571573878e-02
321	1.01212821514953e-02
322	1.01181647839259e-02
323	1.01807869746788e-02
324	1.01779621569083e-02
325	1.02417136361320e-02
326	1.02403416807493e-02
327	1.03050707302362e-02
328	1.03038357361387e-02
329	1.03707363651343e-02
330	1.03694193741308e-02
331	1.03693944038993e-02
332	1.04383302314256e-02
333	1.04384751259533e-02
334	1.04859238689807e-02
335	1.04535458128326e-02
336	1.04927279838039e-02
337	1.04608938514544e-02
338	1.05013127005214e-02
339	1.04721682299005e-02
340	1.04439507386736e-02
341	1.04849871459960e-02
342	1.04555197356397e-02
343	1.04984068823478e-02
344	1.04701204311815e-02
345	1.05150640585011e-02
346	1.04880261761799e-02
347	1.04618871190472e-02
348	1.05054667663720e-02
349	1.04774518893428e-02
350	1.05229458069082e-02
351	1.04960398327800e-02
352	1.04692311521550e-02
353	1.05166937511827e-02
354	1.04908464376575e-02
355	1.05403705670202e-02
356	1.05157861140333e-02
357	1.04900596449468e-02
358	1.05404104216185e-02
359	1.05164076516750e-02
360	1.05670951336733e-02
361	1.05424877690381e-02
362	1.05186437403369e-02
363	1.05708621283329e-02
364	1.05471485580099e-02
365	1.06009778895781e-02
366	1.05779158569014e-02
367	1.05564282896360e-02
368	1.06113494857368e-02
369	1.05893223806035e-02
370	1.05666605007292e-02
371	1.06235282407263e-02
372	1.06013961513121e-02
373	1.05797889437151e-02
374	1.06389515004390e-02
375	1.06170709908310e-02
376	1.06748028646350e-02
377	1.06540611231597e-02
378	1.06335290392193e-02
379	1.06945705394054e-02
380	1.06765467741244e-02
381	1.06570807555288e-02
382	1.07186875228193e-02
383	1.06995632834025e-02
384	1.06822654765109e-02
385	1.07465904344751e-02
386	1.07302076390725e-02
387	1.07128054879748e-02
388	1.07778479180178e-02
389	1.07600596873112e-02
390	1.07429944924699e-02
391	1.08101101937931e-02
392	1.07937925187920e-02
393	1.07782972256519e-02
394	1.08460871935536e-02
395	1.08302535396103e-02
396	1.08152211305726e-02
397	1.08844601699777e-02
398	1.08687025670563e-02
399	1.08532215258810e-02
400	1.08378930492938e-02
401	1.09093446088959e-02
402	1.08952342919417e-02
403	1.08811404184875e-02
404	1.09526392292671e-02
405	1.09381696053965e-02
406	1.09250568133001e-02
407	1.10007318138983e-02
408	1.09871602195619e-02
409	1.09736852966355e-02
410	1.10513918568883e-02
411	1.10386165695769e-02
412	1.10258242102678e-02
413	1.10133711459932e-02
414	1.10917317631020e-02
415	1.10796643004431e-02
416	1.10686202181601e-02
417	1.11493742460278e-02
418	1.11374122717715e-02
419	1.11274852593081e-02
420	1.11165398642567e-02
421	1.11990754732269e-02
422	1.11888230253855e-02
423	1.11791513026279e-02
424	1.12629912372485e-02
425	1.12530027235432e-02
426	1.12432903926442e-02
427	1.12333810422989e-02
428	1.13192879183299e-02
429	1.13098096507850e-02
430	1.13009306784306e-02
431	1.12921899270303e-02
432	1.13806814589625e-02
433	1.13706222560380e-02
434	1.13625147321596e-02
435	1.14527418519658e-02
436	1.14443143747869e-02
437	1.14361357109914e-02
438	1.14287135027071e-02
439	1.15206543796994e-02
440	1.15125901281833e-02
441	1.15052051299274e-02
442	1.14982622713149e-02
443	1.15930651203770e-02
444	1.15856601705709e-02
445	1.15782765546888e-02
446	1.15724116125321e-02
447	1.16696619805012e-02
448	1.16627393892848e-02
449	1.16561483556087e-02
450	1.16501091239993e-02
451	1.17491657629756e-02
452	1.17434803175259e-02
453	1.17376552970254e-02
454	1.17316218232311e-02
455	1.18326676256621e-02
456	1.18271630341688e-02
457	1.18225132004596e-02
458	1.18178540154700e-02
459	1.19218563035110e-02
460	1.19171121181243e-02
461	1.19128447705718e-02
462	1.19088075313168e-02
463	1.20152705366539e-02
464	1.20108129561597e-02
465	1.20067537165372e-02
466	1.20031755851162e-02
467	1.19999870107900e-02
468	1.21090407307238e-02
469	1.21061803948327e-02
470	1.21025954009237e-02
471	1.21000016970358e-02
472	1.22114281338262e-02
473	1.22083303141985e-02
474	1.22055770966417e-02
475	1.22031037976119e-02
476	1.22010459019424e-02
477	1.23148081086950e-02
478	1.23123486652271e-02
479	1.23104522354111e-02
480	1.23087022340010e-02
481	1.24254595717292e-02
482	1.24232145540504e-02
483	1.24215878957137e-02
484	1.24206246226500e-02
485	1.24191538083133e-02
486	1.25387976839670e-02
487	1.25378113466051e-02
488	1.25371880991811e-02
489	1.25365355941568e-02
490	1.25357998434395e-02
491	1.26582692108259e-02
492	1.26578982797233e-02
493	1.26574753257165e-02
494	1.26572223773789e-02
495	1.26563412653627e-02
496	1.27817068666025e-02
497	1.27820399724266e-02
498	1.27824329855618e-02
499	1.27830543509408e-02
