1	2.21909547749443e-08
2	2.95144885716438e-08
3	3.48156903741470e-08
4	3.90651305293221e-08
5	4.27110338100706e-08
6	4.58840733198010e-08
7	4.86751573934938e-08
8	5.10955990926087e-08
9	5.35775544786646e-08
10	5.56087660200041e-08
11	5.75197213272707e-08
12	5.93072564999989e-08
13	6.07430937391399e-08
14	6.27542916663218e-08
15	6.44109303966441e-08
16	6.59223237851761e-08
17	6.74664882965108e-08
18	6.88923351236049e-08
19	7.01161681258732e-08
20	7.08860784956615e-08
21	7.24512237407980e-08
22	7.35173946047199e-08
23	7.46924479606432e-08
24	7.55792161370800e-08
25	7.69577629459369e-08
26	7.76683546043506e-08
27	7.84303468269715e-08
28	7.91055841073314e-08
29	8.08283602763849e-08
30	8.10904930546119e-08
31	8.29799163632438e-08
32	8.34100655461824e-08
33	8.44344984620073e-08
34	8.49494748149517e-08
35	8.63544678772679e-08
36	8.58675079069492e-08
37	8.74642015938366e-08
38	8.86797737921589e-08
39	8.90575064583716e-08
40	8.91550148517599e-08
41	9.02156774734534e-08
42	9.05580751288482e-08
43	9.02322435714949e-08
44	9.28632591672554e-08
45	9.21590681457264e-08
46	9.47587441960448e-08
47	9.27625238860222e-08
48	9.48847304849567e-08
49	9.45527239839471e-08
50	9.56312680844793e-08
51	9.57365346447210e-08
52	9.58317317827990e-08
53	9.62163704943617e-08
54	9.68849827659575e-08
55	9.80098414628523e-08
56	9.84208054888325e-08
57	9.96399538764979e-08
58	1.00015884917711e-07
59	1.00328040069272e-07
60	1.01501542245708e-07
61	1.01627055269831e-07
62	1.02757861599716e-07
63	1.02885328573906e-07
64	1.04112981224126e-07
65	1.02414908318460e-07
66	1.04257318433775e-07
67	1.04620942848968e-07
68	1.04837521035180e-07
69	1.08174600761920e-07
70	1.07363247711813e-07
71	1.07750499455966e-07
72	1.05758073437479e-07
73	1.07508471867720e-07
74	1.06603625832335e-07
75	1.09508140766879e-07
76	1.05955863248103e-07
77	1.08173908675951e-07
78	1.07338950255186e-07
79	1.08751160755233e-07
80	1.09468030045818e-07
81	1.09022707625839e-07
82	1.12228965081851e-07
83	1.11798932785322e-07
84	1.11340471903697e-07
85	1.13403338098159e-07
86	1.11136971242631e-07
87	1.13098422278647e-07
88	1.12885631123459e-07
89	1.13859823601034e-07
90	1.11681915499498e-07
91	1.13352413268980e-07
92	1.14569144059737e-07
93	1.15283409022131e-07
94	1.13202827106255e-07
95	1.16764706503175e-07
96	1.16639078872199e-07
97	1.15305626808641e-07
98	1.15632642940605e-07
99	1.17242439294047e-07
100	1.17124070791459e-07
101	1.18241042219632e-07
102	1.15625891981233e-07
103	1.18100059516857e-07
104	1.17341023237041e-07
105	1.20437915901765e-07
106	1.19598564192367e-07
107	1.18985475482490e-07
108	1.17225839155615e-07
109	1.21467673542006e-07
110	1.20039366377656e-07
111	1.21059299008104e-07
112	1.20305509637694e-07
113	1.22954041135567e-07
114	1.20835826679644e-07
115	1.20838036019418e-07
116	1.21918097418259e-07
117	1.21050744049405e-07
118	1.20983607485200e-07
119	1.20459026476621e-07
120	1.21933210416072e-07
121	1.26701066643960e-07
122	1.22153959126651e-07
123	1.23870728241153e-07
124	1.23958906636835e-07
125	1.24706945197409e-07
126	1.22464163963483e-07
127	1.26466729535420e-07
128	1.26626770216436e-07
129	1.25208737562964e-07
130	1.23588443092379e-07
131	1.26478723798298e-07
132	1.24275795733024e-07
133	1.24779994345115e-07
134	1.27152370328786e-07
135	1.22003945450808e-07
136	1.28043162643017e-07
137	1.27356778227269e-07
138	1.27915800412860e-07
139	1.29353956599168e-07
140	1.29677343859103e-07
141	1.26011082382587e-07
142	1.26838722123846e-07
143	1.29030876182662e-07
144	1.24920446289749e-07
145	1.30975109601498e-07
146	1.29672456905068e-07
147	1.26254086144451e-07
148	1.27407260990354e-07
149	1.26663870945813e-07
150	1.27826877838752e-07
151	1.32761705650117e-07
152	1.31850022310687e-07
153	1.29003207375126e-07
154	1.30666384370970e-07
155	1.28329347810525e-07
156	1.27532510032625e-07
157	1.33623092574319e-07
158	1.32122375132416e-07
159	1.32795763574955e-07
160	1.31377390917724e-07
161	1.37782002387036e-07
162	1.32671661913238e-07
163	1.31976974515295e-07
164	1.37902794999921e-07
165	1.29499913902412e-07
166	1.35135767778533e-07
167	1.35020902300232e-07
168	1.33741281687072e-07
169	1.34215684526579e-07
170	1.31696976085904e-07
171	1.32828334558216e-07
172	1.33965260546821e-07
173	1.32113802910221e-07
174	1.36299945283670e-07
175	1.34795981450519e-07
176	1.32697730749005e-07
177	1.33270813590755e-07
178	1.34089016651004e-07
179	1.35510238521150e-07
180	1.36542939197203e-07
181	1.34438783274212e-07
182	1.31879940700187e-07
183	1.34151730894170e-07
184	1.32344908629880e-07
185	1.37484586700041e-07
186	1.34271898371582e-07
187	1.32935808421416e-07
188	1.34242230408028e-07
189	1.34767945999997e-07
190	1.40267169107705e-07
191	1.38064948350996e-07
192	1.37460167331079e-07
193	1.36700572937923e-07
194	1.34088543368531e-07
195	1.34548247378230e-07
196	1.33934329901380e-07
197	1.34805953470361e-07
198	1.33851585125001e-07
199	1.36566994218060e-07
200	1.35321986024146e-07
201	1.39273134536174e-07
202	1.32036054433049e-07
203	1.37868563992136e-07
204	1.35462985972478e-07
205	1.28577105839125e-07
206	1.41974832758606e-07
207	1.41087045561139e-07
208	1.33649096221176e-07
209	1.36480541425454e-07
210	1.37421880551535e-07
211	1.34841369007598e-07
212	1.38419895454795e-07
213	1.35918052720973e-07
214	1.38290902026905e-07
215	1.35011384266471e-07
216	1.32178405896626e-07
217	1.39947413377863e-07
218	1.40462199135347e-07
219	1.43481878408057e-07
220	1.42318607369969e-07
221	1.33700689348038e-07
222	1.37954923486255e-07
223	1.34551606469054e-07
224	1.35005333493396e-07
225	1.39998676419517e-07
226	1.44664273202792e-07
227	1.41052274564960e-07
228	1.38083262845257e-07
229	1.44519242728588e-07
230	1.39795549724580e-07
231	1.38085714195516e-07
232	1.46673334537677e-07
233	1.46614713909251e-07
234	1.40856985200824e-07
235	1.43605541624167e-07
236	1.40133530686764e-07
237	1.42596024316392e-07
238	1.43240002818318e-07
239	1.41330500264633e-07
240	1.42859512372760e-07
241	1.44301451384334e-07
242	1.47135235126388e-07
243	1.43041922815194e-07
244	1.42054847324849e-07
245	1.43748009788823e-07
246	1.48178624547011e-07
247	1.41904833219143e-07
248	1.43456631163379e-07
249	1.47218591144951e-07
250	1.50921131220039e-07
251	1.44250111380572e-07
252	1.41398057477139e-07
253	1.49516536883686e-07
254	1.54827233486046e-07
255	1.46718898319718e-07
256	1.47414447377972e-07
257	1.46477238081350e-07
258	1.49180942136487e-07
259	1.50104808512439e-07
260	1.48737750984503e-07
261	1.47936382653856e-07
262	1.40243273203770e-07
263	1.40489191885754e-07
264	1.39063060241919e-07
265	1.41986540269255e-07
266	1.44280553556463e-07
267	1.43958103803499e-07
268	1.49157890949315e-07
269	1.46570866552913e-07
270	1.47685118259932e-07
271	1.53619364238426e-07
272	1.51918234380425e-07
273	1.44149479149219e-07
274	1.43264418744722e-07
275	1.40139030642213e-07
276	1.40514738485899e-07
277	1.47793377711750e-07
278	1.50935090102675e-07
279	1.48636483082748e-07
280	1.50952027615749e-07
281	1.51651287940848e-07
282	1.47930097340512e-07
283	1.49990177545748e-07
284	1.47877578493792e-07
285	1.49076617563736e-07
286	1.45988561829507e-07
287	1.44176358021806e-07
288	1.45454867711294e-07
289	1.50007215498936e-07
290	1.51779272132838e-07
291	1.46331817623615e-07
292	1.45170025944991e-07
293	1.49295924550116e-07
294	1.50516446870337e-07
295	1.50494460727217e-07
296	1.46313742956476e-07
297	1.44294577019366e-07
298	1.48031713368140e-07
299	1.53466629386688e-07
300	1.53462400364224e-07
301	1.55053256783673e-07
302	1.57126797719525e-07
303	1.53287514804151e-07
304	1.51537180003094e-07
305	1.48067072951093e-07
306	1.50389495051619e-07
307	1.48952343211156e-07
308	1.47054253559096e-07
309	1.48161750728940e-07
310	1.45339907409450e-07
311	1.44363013066282e-07
312	1.46323752726019e-07
313	1.54359701034650e-07
314	1.57378666606590e-07
315	1.50841136303650e-07
316	1.49842260245933e-07
317	1.52239624786919e-07
318	1.51116565940874e-07
319	1.51589998217232e-07
320	1.48249060832458e-07
321	1.47246641321969e-07
322	1.48504029119060e-07
323	1.45046602871395e-07
324	1.49001523073665e-07
325	1.50596601154457e-07
326	1.45150023582641e-07
327	1.43874953134672e-07
328	1.49361746250125e-07
329	1.52027485460182e-07
330	1.53671144621923e-07
331	1.58527989894039e-07
332	1.59831068268293e-07
333	1.57192265877148e-07
334	1.51617645203240e-07
335	1.53546217080465e-07
336	1.55011802644515e-07
337	1.55525109972093e-07
338	1.56658790281552e-07
339	1.55248427492099e-07
340	1.53378204485070e-07
341	1.50795337533415e-07
342	1.48004987602251e-07
343	1.47440366867832e-07
344	1.47715575107527e-07
345	1.48941748666427e-07
346	1.45137204374040e-07
347	1.47715977413141e-07
348	1.45637627435656e-07
349	1.45098591463251e-07
350	1.47783004598007e-07
351	1.43743176760929e-07
352	1.40634960190380e-07
353	1.39857210202926e-07
354	1.41434872370409e-07
355	1.45973212510905e-07
356	1.50173379023547e-07
357	1.48242323160835e-07
358	1.49696350350820e-07
359	1.51218822319039e-07
360	1.45226704430280e-07
361	1.40935680819470e-07
362	1.38902997319947e-07
363	1.41760856706199e-07
364	1.42516364331542e-07
365	1.45969710561900e-07
366	1.48703343668516e-07
367	1.50057226168881e-07
368	1.50750757970406e-07
369	1.56363886065059e-07
370	1.56201131472969e-07
371	1.54795343552394e-07
372	1.50357109453325e-07
373	1.46457696437144e-07
374	1.43645624345318e-07
375	1.47140667081288e-07
376	1.47768837481346e-07
377	1.52860215694126e-07
378	1.57106090016985e-07
379	1.59773628373901e-07
380	1.60298606765245e-07
381	1.56935034172451e-07
382	1.52385135571966e-07
383	1.50528574266513e-07
384	1.49996411201683e-07
385	1.50168467924586e-07
386	1.56087328028260e-07
387	1.58253734954827e-07
388	1.57526092761829e-07
389	1.54395033957050e-07
390	1.55005204225388e-07
391	1.59401320250389e-07
392	1.54531652477313e-07
393	1.53180069183831e-07
394	1.51513221658774e-07
395	1.46112961666548e-07
396	1.44572091625236e-07
397	1.43919185130961e-07
398	1.44839685215435e-07
399	1.47301437128762e-07
400	1.49797755346797e-07
401	1.57368673318831e-07
402	1.61077676619739e-07
403	1.56763358802609e-07
404	1.48589037685732e-07
405	1.41646589099280e-07
406	1.39517552083662e-07
407	1.38427792291803e-07
408	1.34483445003585e-07
409	1.38298530731287e-07
410	1.43639520275654e-07
411	1.52327447741505e-07
412	1.60133398418386e-07
413	1.61594355773984e-07
414	1.59522125777006e-07
415	1.53003164518517e-07
416	1.49721658405165e-07
417	1.45490845157200e-07
418	1.40655280148123e-07
419	1.41900788876157e-07
420	1.42050568797450e-07
421	1.41148272983891e-07
422	1.40558344699173e-07
423	1.45843562313065e-07
424	1.54364338519121e-07
425	1.56977442382405e-07
426	1.59924853947193e-07
427	1.58671590427203e-07
428	1.59059895815166e-07
429	1.61126683083697e-07
430	1.57103674190101e-07
431	1.51290795948722e-07
432	1.48477525031726e-07
433	1.47818548168294e-07
434	1.48520642188827e-07
435	1.56895360301930e-07
436	1.57986569605689e-07
437	1.59879619166052e-07
438	1.66788363908598e-07
439	1.70219849057906e-07
440	1.65621014677804e-07
441	1.62541102820277e-07
442	1.60981910008519e-07
443	1.65656640174736e-07
444	1.63166234500833e-07
445	1.61891253519357e-07
446	1.56814640496875e-07
447	1.54127276219931e-07
448	1.53263527987675e-07
449	1.53266023701185e-07
450	1.53479710241099e-07
451	1.56002162812237e-07
452	1.57611040101092e-07
453	1.60473272980031e-07
454	1.61497021735614e-07
455	1.65112117729400e-07
456	1.65938185374993e-07
457	1.65319519050480e-07
458	1.68175812352074e-07
459	1.64377885775945e-07
460	1.59439593946848e-07
461	1.53127391439024e-07
462	1.49999759195273e-07
463	1.49671294778235e-07
464	1.49577806297274e-07
465	1.50411384871435e-07
466	1.54025495865944e-07
467	1.56784926097296e-07
468	1.55253112866222e-07
469	1.61122439123734e-07
470	1.63368785521729e-07
471	1.65392625620717e-07
472	1.61274857221322e-07
473	1.61617502588140e-07
474	1.65789422109121e-07
475	1.65150970560967e-07
476	1.61062132498866e-07
477	1.56524730154169e-07
478	1.55512135135540e-07
479	1.55819675729871e-07
480	1.55444087185435e-07
481	1.58486024542324e-07
482	1.60280720000682e-07
483	1.62745259880481e-07
484	1.60254268011046e-07
485	1.59038599727210e-07
486	1.57937517949574e-07
487	1.60999462657047e-07
488	1.70619840349213e-07
489	1.71799181583187e-07
490	1.72815922203480e-07
491	1.73547752560081e-07
492	1.75106248063791e-07
493	1.73197058491401e-07
494	1.66126111710142e-07
495	1.63886275916060e-07
496	1.62079127941330e-07
497	1.63039084892324e-07
498	1.60464585380038e-07
499	1.58601974195706e-07
