1	1.38384485135840e-07
2	1.77523309559331e-07
3	2.03944248367819e-07
4	2.21958870698887e-07
5	2.37489864020707e-07
6	2.50541732799003e-07
7	2.59737678008693e-07
8	2.67718506234009e-07
9	2.77059044428524e-07
10	2.81090718994724e-07
11	2.86810113355481e-07
12	2.92175747939642e-07
13	2.99574207520285e-07
14	3.05735893014707e-07
15	3.00815525398315e-07
16	3.13769337101259e-07
17	3.12493240519543e-07
18	3.17299396557590e-07
19	3.22645369641116e-07
20	3.22335351091292e-07
21	3.24155424415829e-07
22	3.28183824552908e-07
23	3.24343746141733e-07
24	3.28322839398674e-07
25	3.33809070739127e-07
26	3.39995597067096e-07
27	3.33530393663174e-07
28	3.37362963585071e-07
29	3.41943761669142e-07
30	3.40315820479077e-07
31	3.40195500501554e-07
32	3.42202339887323e-07
33	3.47156510928848e-07
34	3.51710476974910e-07
35	3.57563745064374e-07
36	3.54542855729214e-07
37	3.45168989208513e-07
38	3.51902193692847e-07
39	3.54224894861734e-07
40	3.42581681804744e-07
41	3.56710651875021e-07
42	3.56495561783604e-07
43	3.60890824662040e-07
44	3.62411421816125e-07
45	3.65604262946065e-07
46	3.67726242267025e-07
47	3.63489980441098e-07
48	3.72810081943421e-07
49	3.56370667651052e-07
50	3.61706880738846e-07
51	3.64696903859810e-07
52	3.74917446177700e-07
53	3.64404355806380e-07
54	3.71458142733277e-07
55	3.68019436284675e-07
56	3.73888633660491e-07
57	3.69563849006922e-07
58	3.81021915568384e-07
59	3.74817917629663e-07
60	3.61372513992182e-07
61	3.68825903451929e-07
62	3.55245912198413e-07
63	3.67274138114896e-07
64	3.66702109058712e-07
65	3.71485242455052e-07
66	3.76441191020896e-07
67	3.71498325826600e-07
68	3.72753743952061e-07
69	3.62322437466272e-07
70	3.77289723005697e-07
71	3.65769951846121e-07
72	3.82551464631259e-07
73	3.75503761993315e-07
74	3.80558269596885e-07
75	3.77333104663182e-07
76	3.72941850451427e-07
77	3.74245200226383e-07
78	3.72321667035789e-07
79	3.98033783854072e-07
80	3.64593334982175e-07
81	3.63127039784231e-07
82	3.83426800027055e-07
83	3.89918843483981e-07
84	3.89374567908024e-07
85	3.86208637181440e-07
86	3.82262593064855e-07
87	3.77798725961484e-07
88	3.83453832499288e-07
89	3.58248315293976e-07
90	3.73233044137071e-07
91	3.75270337164152e-07
92	3.77860847577173e-07
93	3.90332875803663e-07
94	3.92033169843455e-07
95	3.81555801808761e-07
96	4.02680809961020e-07
97	3.78413519154553e-07
98	3.68498216632647e-07
99	3.90632321867182e-07
100	3.79018299562842e-07
101	3.87922499792496e-07
102	3.99543529319248e-07
103	3.89176125758393e-07
104	3.91750045521696e-07
105	4.07507528062798e-07
106	3.85814201337729e-07
107	3.83055689511166e-07
108	4.05842891323893e-07
109	3.94782818740319e-07
110	3.90182751129478e-07
111	3.80638528887956e-07
112	3.94210904149760e-07
113	3.93274468592858e-07
114	3.80469500509042e-07
115	3.87868408938296e-07
116	3.92911182643744e-07
117	4.07785832081719e-07
118	3.88769163822817e-07
119	3.88081251313102e-07
120	3.71868598726819e-07
121	3.82422372088135e-07
122	3.91875539322417e-07
123	3.92711431359343e-07
124	3.71341903472675e-07
125	3.97242127479605e-07
126	4.04820107280316e-07
127	3.81648218727619e-07
128	3.89442573606257e-07
129	3.92223321136698e-07
130	4.11379135789157e-07
131	4.03381879377861e-07
132	4.12427545025344e-07
133	3.84540214046837e-07
134	3.85494870146783e-07
135	3.90533400417214e-07
136	3.77057852513604e-07
137	3.91504509317363e-07
138	4.03812717040318e-07
139	3.86311259578660e-07
140	3.87518422697594e-07
141	3.80899292748465e-07
142	3.92279396144015e-07
143	4.14617219319212e-07
144	4.01109267596177e-07
145	3.97472115351470e-07
146	3.95389863964457e-07
147	3.83165826396737e-07
148	3.96197411271621e-07
149	3.80444786586451e-07
150	4.14158215301830e-07
151	4.06730052031779e-07
152	3.84141931978626e-07
153	3.68973620341347e-07
154	3.90628184015280e-07
155	3.84192908652157e-07
156	3.85591921638266e-07
157	4.11487455287434e-07
158	4.07998947307677e-07
159	3.93267600016120e-07
160	3.91608802376719e-07
161	4.07309960590423e-07
162	3.88383313653894e-07
163	3.93191916691949e-07
164	4.36447580084205e-07
165	4.16025711915291e-07
166	3.95632840435935e-07
167	4.00427981017449e-07
168	4.01230427046906e-07
169	4.02916316740521e-07
170	4.17892363446927e-07
171	4.00373648540275e-07
172	4.19443104170313e-07
173	3.82560860411294e-07
174	4.16784445959615e-07
175	4.01547051550490e-07
176	4.27600302884258e-07
177	3.95378332797865e-07
178	3.95826677798830e-07
179	4.09172366374562e-07
180	3.89027321125047e-07
181	4.05025531651007e-07
182	4.11471258935183e-07
183	4.17720319944464e-07
184	4.08691668478926e-07
185	4.20899885474371e-07
186	4.01307065497049e-07
187	3.80883271850911e-07
188	4.08222715820899e-07
189	3.81963942232913e-07
190	3.77052881490951e-07
191	3.91562268116098e-07
192	4.04369862861977e-07
193	4.09724085949986e-07
194	4.00176783543272e-07
195	4.26073257404978e-07
196	3.99837473253634e-07
197	3.86275106394655e-07
198	4.06618584946491e-07
199	3.92224733298498e-07
200	4.02625373019827e-07
201	3.90532393335307e-07
202	3.94326122906114e-07
203	4.15095638306705e-07
204	4.16014259324931e-07
205	4.09777031563945e-07
206	4.17681832089132e-07
207	4.11171660590567e-07
208	4.11847110172556e-07
209	4.19270952667155e-07
210	4.13819774206174e-07
211	3.85558037931044e-07
212	4.24642148695265e-07
213	4.15201730332096e-07
214	3.84308455012814e-07
215	3.90256248767654e-07
216	4.21751177312170e-07
217	4.16581638745816e-07
218	4.03945486397392e-07
219	4.07158156955954e-07
220	4.28041281213872e-07
221	4.15824302162867e-07
222	3.77833595741890e-07
223	4.04186125356063e-07
224	4.02124181502023e-07
225	4.17420507223590e-07
226	4.12896267010535e-07
227	3.91861871176162e-07
228	3.63853779495023e-07
229	3.76278458634592e-07
230	4.14477202875480e-07
231	3.74878824805271e-07
232	3.78160089818633e-07
233	3.82858891077194e-07
234	3.90654842357990e-07
235	3.97265767350000e-07
236	3.90580342506862e-07
237	4.02848101801791e-07
238	3.79771450269580e-07
239	3.98258355273852e-07
240	3.83853196032429e-07
241	4.23242787018549e-07
242	3.77112038196723e-07
243	3.61519317303810e-07
244	3.96674721317318e-07
245	4.18343282836814e-07
246	3.83348433789066e-07
247	3.56770402383548e-07
248	3.72069564001982e-07
249	3.54185612096816e-07
250	3.40264985320517e-07
251	3.83790133836198e-07
252	4.05328325875175e-07
253	3.59202246506007e-07
254	3.30105759141718e-07
255	3.77565023130024e-07
256	3.88786717519249e-07
257	3.78733366324393e-07
258	3.94397217791137e-07
259	3.67878848216630e-07
260	3.86169005484013e-07
261	3.69218367135650e-07
262	3.63510903146802e-07
263	3.70754404148328e-07
264	3.86705871828181e-07
265	3.63589896278316e-07
266	3.58127603389604e-07
267	3.64444818951074e-07
268	3.74414665335264e-07
269	3.65458020945004e-07
270	3.74251123727341e-07
271	3.50972676068343e-07
272	3.71492938738527e-07
273	3.90355718224372e-07
274	3.84409837319552e-07
275	3.99989709960823e-07
276	3.87307152253807e-07
277	3.97558130367202e-07
278	4.11078978532975e-07
279	4.11206479086353e-07
280	4.00756790381976e-07
281	3.75039357760601e-07
282	3.70218855735314e-07
283	3.77486908982646e-07
284	3.65997063831846e-07
285	3.68757395900523e-07
286	4.13149834280335e-07
287	3.92256037012135e-07
288	3.77778451648571e-07
289	3.74659505334306e-07
290	3.60164445784062e-07
291	3.24918939923877e-07
292	3.51012695136911e-07
293	3.67887559369437e-07
294	3.68967307655225e-07
295	3.76350015607351e-07
296	3.45139037445059e-07
297	3.59786901867905e-07
298	3.37920699471832e-07
299	3.72570639595364e-07
300	3.97417448871330e-07
301	3.79123059150304e-07
302	3.81899467161444e-07
303	3.79183037687762e-07
304	3.88895547413747e-07
305	4.11389918779537e-07
306	3.81405527351288e-07
307	3.57033183840514e-07
308	3.69251685090046e-07
309	3.60747618107023e-07
310	3.50763913998114e-07
311	3.71199991950765e-07
312	3.59151264842081e-07
313	3.71986938718334e-07
314	3.76681103746402e-07
315	3.51073695636722e-07
316	3.63399644473347e-07
317	3.70009492024420e-07
318	3.69718702033805e-07
319	3.94873686160594e-07
320	3.81115856700843e-07
321	3.77334955496394e-07
322	3.63079483016402e-07
323	3.64485668295536e-07
324	3.69949667269256e-07
325	3.81604254304287e-07
326	3.81924360549716e-07
327	3.75262849485354e-07
328	4.13300338577710e-07
329	3.91255037640099e-07
330	4.15014094503778e-07
331	4.02541280380271e-07
332	3.77144762184377e-07
333	3.80131851800985e-07
334	3.87792114899267e-07
335	3.92141509297441e-07
336	3.89016770727741e-07
337	3.93386304405105e-07
338	3.88184536739685e-07
339	3.80225123447773e-07
340	3.96584621489923e-07
341	3.90758972767777e-07
342	3.81218672493366e-07
343	4.03679739745979e-07
344	4.05438707575765e-07
345	3.69372377177880e-07
346	3.67067327645333e-07
347	3.58783804486523e-07
348	3.77284025513501e-07
349	3.77878746082312e-07
350	3.72238246401032e-07
351	3.69070015629103e-07
352	3.54728827763494e-07
353	3.56210778668609e-07
354	3.61238906795130e-07
355	3.75301201530529e-07
356	3.90738999369034e-07
357	3.80837442254375e-07
358	3.58418555955775e-07
359	3.70816267233928e-07
360	3.57603818958930e-07
361	3.65398759115742e-07
362	3.70269771773895e-07
363	3.72778929993403e-07
364	3.74755637069652e-07
365	3.40097358609916e-07
366	3.48765155020991e-07
367	3.50732605685552e-07
368	3.37284975012868e-07
369	3.53969742057879e-07
370	3.97108733518904e-07
371	4.00681372141905e-07
372	4.00703701019229e-07
373	3.54371209938024e-07
374	3.40545228816299e-07
375	3.61673646549653e-07
376	3.61087214795940e-07
377	3.29533278129165e-07
378	3.37990508792562e-07
379	3.51356422824466e-07
380	3.36312769140559e-07
381	3.54075685189239e-07
382	3.68048678204311e-07
383	3.92409506762205e-07
384	3.86094250754158e-07
385	3.77838689493530e-07
386	3.84305923358954e-07
387	4.03061908287645e-07
388	3.85864563710373e-07
389	3.65664711717367e-07
390	3.76516408816135e-07
391	3.60658817647015e-07
392	3.25496418134397e-07
393	3.44987028234178e-07
394	3.67470279039720e-07
395	3.81874279214032e-07
396	4.00014577681818e-07
397	3.63219667098481e-07
398	3.72599630349183e-07
399	3.78510252901802e-07
400	3.66968642293656e-07
401	3.59023978354738e-07
402	3.43840385234838e-07
403	3.32714480537149e-07
404	3.25331222078072e-07
405	3.46046084496854e-07
406	3.43199065307582e-07
407	3.49036122589987e-07
408	3.44765577460758e-07
409	3.51220249076614e-07
410	3.60621880417242e-07
411	3.63490381939857e-07
412	3.67259298334044e-07
413	3.87183776875428e-07
414	3.69367723571430e-07
415	3.52825592256798e-07
416	3.62441605732643e-07
417	3.55294308478541e-07
418	3.36187038016477e-07
419	3.35934742709350e-07
420	3.71372410174771e-07
421	3.42649393293006e-07
422	3.43772929057461e-07
423	3.90084267671614e-07
424	4.00652576452681e-07
425	4.24844472901602e-07
426	4.01163596706811e-07
427	3.73078291368947e-07
428	3.52855301359068e-07
429	3.63660808022346e-07
430	3.58302999989376e-07
431	3.39990888794069e-07
432	3.56781547130671e-07
433	3.74192131698832e-07
434	3.71671930863879e-07
435	3.65856993651137e-07
436	3.44171700558838e-07
437	3.20491665934699e-07
438	3.46720430223401e-07
439	3.59721269448012e-07
440	3.48912362839346e-07
441	3.64385322207095e-07
442	3.55355121122642e-07
443	3.37822375974530e-07
444	3.60678229622160e-07
445	3.74356785217654e-07
446	3.96669304695742e-07
447	3.79572594906465e-07
448	3.75137895470728e-07
449	4.02071538537198e-07
450	4.13524109493818e-07
451	4.12572048410814e-07
452	3.79486067285878e-07
453	3.78534649515906e-07
454	3.68374042438547e-07
455	3.91829225111862e-07
456	3.78851268318478e-07
457	3.84395050271232e-07
458	3.77287169682485e-07
459	3.56557392905088e-07
460	3.24292666273708e-07
461	3.06404220904513e-07
462	2.97407560751311e-07
463	3.07314262974101e-07
464	2.93449227034926e-07
465	3.24406984581076e-07
466	3.39580539958590e-07
467	3.34808995442634e-07
468	3.09586505978515e-07
469	3.14345877100026e-07
470	3.45692859340046e-07
471	3.62585544731790e-07
472	3.40313256125278e-07
473	3.37593628655778e-07
474	3.62581629948252e-07
475	3.54527898439324e-07
476	3.41634434685174e-07
477	3.42886404881748e-07
478	3.40002979686927e-07
479	3.52104104618388e-07
480	3.19219848829397e-07
481	3.21766760183857e-07
482	3.25321439409593e-07
483	3.18111772423516e-07
484	3.41087252235298e-07
485	3.21841737263165e-07
486	3.34057362701311e-07
487	3.34100293642604e-07
488	3.61428772690179e-07
489	3.66089230298477e-07
490	3.79105761590532e-07
491	3.77460491376448e-07
492	3.79079357989107e-07
493	3.64706063218659e-07
494	3.54575774108761e-07
495	3.64023433017447e-07
496	3.39702706530546e-07
497	3.14860245082284e-07
498	3.24681361166920e-07
499	3.08854791325078e-07
