1	1.03410473823927e-03
2	1.45933567767870e-03
3	1.78470179639292e-03
4	2.05977288663611e-03
5	2.30154228583551e-03
6	2.51827884545235e-03
7	2.71993372521932e-03
8	2.90758133456707e-03
9	3.08209562929795e-03
10	3.24913375484301e-03
11	3.40592333284208e-03
12	3.55337149554827e-03
13	3.70072279693737e-03
14	3.83503401238406e-03
15	3.96934258381217e-03
16	4.09713480220163e-03
17	4.22664725606203e-03
18	4.34494692448865e-03
19	4.46350045006547e-03
20	4.58865687007339e-03
21	4.69085795056418e-03
22	4.79953898273006e-03
23	4.90687870921657e-03
24	5.01126504113553e-03
25	5.12819707441034e-03
26	5.21172342659695e-03
27	5.32825362747332e-03
28	5.41190153894057e-03
29	5.50145616907050e-03
30	5.59894593323180e-03
31	5.69393934781961e-03
32	5.78340498393171e-03
33	5.86832311785052e-03
34	5.95446911991930e-03
35	6.04001759190147e-03
36	6.13427311888074e-03
37	6.23375060497207e-03
38	6.29537849196322e-03
39	6.37143124796723e-03
40	6.48268276920035e-03
41	6.53183206239706e-03
42	6.62209996404971e-03
43	6.69656138422456e-03
44	6.76876741987083e-03
45	6.84755616062074e-03
46	6.92406974429973e-03
47	6.99645473076620e-03
48	7.07907970064640e-03
49	7.13110649175575e-03
50	7.24523140559737e-03
51	7.27410811900886e-03
52	7.35758244080215e-03
53	7.43869234062453e-03
54	7.48339037486436e-03
55	7.56717894813292e-03
56	7.64660210037125e-03
57	7.67923495671011e-03
58	7.76065390021629e-03
59	7.86192176247378e-03
60	7.88385125610114e-03
61	7.94754887069887e-03
62	8.04211047513397e-03
63	8.10876646091538e-03
64	8.13388565195998e-03
65	8.19596004568441e-03
66	8.29184460989236e-03
67	8.36752349788412e-03
68	8.38831343386397e-03
69	8.43989689592112e-03
70	8.51044667081446e-03
71	8.60944876849785e-03
72	8.66470949882349e-03
73	8.69354478219192e-03
74	8.73551528037189e-03
75	8.80306195098151e-03
76	8.89490591395489e-03
77	8.98818255208585e-03
78	8.99208862169972e-03
79	9.03196956161920e-03
80	9.06641707554249e-03
81	9.13476321438052e-03
82	9.22423086852590e-03
83	9.31912237167866e-03
84	9.35538102179626e-03
85	9.37121372698642e-03
86	9.40488710996978e-03
87	9.45716832227502e-03
88	9.50926796392580e-03
89	9.59505182709211e-03
90	9.68112738089312e-03
91	9.77287920306812e-03
92	9.77782762814838e-03
93	9.79803645775090e-03
94	9.83327448895532e-03
95	9.86524465683867e-03
96	9.92850619455805e-03
97	9.98675430801327e-03
98	1.00582931183516e-02
99	1.01428567289744e-02
100	1.02408968234811e-02
101	1.02441863743662e-02
102	1.02597033081378e-02
103	1.02871551041684e-02
104	1.03263538253468e-02
105	1.03552585783742e-02
106	1.04155693257758e-02
107	1.04659132644217e-02
108	1.05494285200433e-02
109	1.06207906477206e-02
110	1.07024891897199e-02
111	1.07938605339750e-02
112	1.08051922532897e-02
113	1.08145802079171e-02
114	1.08322891372875e-02
115	1.08612613609768e-02
116	1.08738050956488e-02
117	1.09181335917575e-02
118	1.09717204236520e-02
119	1.10081928689628e-02
120	1.10788196364281e-02
121	1.11319148232275e-02
122	1.12202831641399e-02
123	1.12884115749913e-02
124	1.13648361368218e-02
125	1.14481484625635e-02
126	1.14728826136608e-02
127	1.14747304725194e-02
128	1.14837855917337e-02
129	1.15008088919659e-02
130	1.15249826159177e-02
131	1.15548410771786e-02
132	1.15905208727678e-02
133	1.16327230146118e-02
134	1.16509915310909e-02
135	1.17058608198510e-02
136	1.17675662190303e-02
137	1.18369334195331e-02
138	1.18789009617745e-02
139	1.19597564057665e-02
140	1.20125023804727e-02
141	1.21046264718593e-02
142	1.21681674448711e-02
143	1.22601976250489e-02
144	1.22455807468401e-02
145	1.22715949517035e-02
146	1.22669337184753e-02
147	1.22668017693929e-02
148	1.23089613597668e-02
149	1.23201076468478e-02
150	1.23343172620088e-02
151	1.23522356299488e-02
152	1.24140255806788e-02
153	1.24425881479132e-02
154	1.24750738521898e-02
155	1.25134948160017e-02
156	1.25559000250363e-02
157	1.26037068737911e-02
158	1.26543013121075e-02
159	1.27098986458971e-02
160	1.27695395750532e-02
161	1.28339148471201e-02
162	1.29019922782302e-02
163	1.29745564309207e-02
164	1.30511422300585e-02
165	1.30888380024217e-02
166	1.31734481281165e-02
167	1.32342028023415e-02
168	1.32439629136352e-02
169	1.32579101213589e-02
170	1.32306021747741e-02
171	1.32494676929731e-02
172	1.32756369821759e-02
173	1.32585461540266e-02
174	1.32901569184229e-02
175	1.33247275058103e-02
176	1.33146429959583e-02
177	1.33565455318504e-02
178	1.34015821017986e-02
179	1.34014344628280e-02
180	1.34533434717726e-02
181	1.34600793467910e-02
182	1.35178889579769e-02
183	1.35320606030540e-02
184	1.35972204512239e-02
185	1.36148973935675e-02
186	1.36872858098660e-02
187	1.37103832660730e-02
188	1.37884947547680e-02
189	1.38189597891309e-02
190	1.38499852626339e-02
191	1.39381324233663e-02
192	1.39760230548451e-02
193	1.40158821006325e-02
194	1.41123500620926e-02
195	1.41586406260797e-02
196	1.42062058233055e-02
197	1.43116749745605e-02
198	1.43641256256358e-02
199	1.44198432482488e-02
200	1.44772423113101e-02
201	1.45205570563425e-02
202	1.45080452018174e-02
203	1.44970109509895e-02
204	1.44886865957785e-02
205	1.45408557840872e-02
206	1.45382526939063e-02
207	1.45378688132923e-02
208	1.45383397648503e-02
209	1.45416959679589e-02
210	1.45462384126658e-02
211	1.46132725590740e-02
212	1.46217688169051e-02
213	1.46333521048640e-02
214	1.46458394225253e-02
215	1.46602456921350e-02
216	1.46770953965657e-02
217	1.46973077878466e-02
218	1.47185828821549e-02
219	1.47427510773074e-02
220	1.47694382730637e-02
221	1.47969319307839e-02
222	1.48258785663436e-02
223	1.48573240951914e-02
224	1.48902597992063e-02
225	1.49250968348382e-02
226	1.49623936255172e-02
227	1.50021782384719e-02
228	1.50425666067877e-02
229	1.50863357479127e-02
230	1.51317621854973e-02
231	1.51785742797968e-02
232	1.52275306708915e-02
233	1.52773613488592e-02
234	1.53297606120107e-02
235	1.53844896650262e-02
236	1.54408197021605e-02
237	1.54990886666926e-02
238	1.54853938735611e-02
239	1.55467830385854e-02
240	1.56101871304149e-02
241	1.56750221768386e-02
242	1.57428264258452e-02
243	1.58121031300027e-02
244	1.58824571715900e-02
245	1.58780575311114e-02
246	1.59514484693720e-02
247	1.60277386673329e-02
248	1.61049408236166e-02
249	1.61849046743920e-02
250	1.61851471678900e-02
251	1.62010258459370e-02
252	1.62171905878414e-02
253	1.62353713344201e-02
254	1.62549480131346e-02
255	1.61946964048927e-02
256	1.62160220114994e-02
257	1.62404512847164e-02
258	1.62669614255467e-02
259	1.62113335014619e-02
260	1.62405655205218e-02
261	1.62706047663400e-02
262	1.63013568513710e-02
263	1.62486717611386e-02
264	1.62815915090398e-02
265	1.63166024735893e-02
266	1.63531065527742e-02
267	1.63043300893155e-02
268	1.63438841531070e-02
269	1.63836780106183e-02
270	1.63377023028443e-02
271	1.63818311029355e-02
272	1.64265607398002e-02
273	1.63848939544692e-02
274	1.64335949521654e-02
275	1.64841363280303e-02
276	1.64433140474753e-02
277	1.64950110841597e-02
278	1.65485794000463e-02
279	1.65112505366939e-02
280	1.65669482158015e-02
281	1.66232325046491e-02
282	1.65891674720218e-02
283	1.66494278561981e-02
284	1.66156208890314e-02
285	1.66782101060075e-02
286	1.67422057308079e-02
287	1.67142555725889e-02
288	1.67793520264020e-02
289	1.67508147210936e-02
290	1.68196778047371e-02
291	1.68893266198508e-02
292	1.68636790969503e-02
293	1.69361571190691e-02
294	1.69119808896562e-02
295	1.69865441852377e-02
296	1.70631970260523e-02
297	1.70404727537819e-02
298	1.71202901474137e-02
299	1.70993882461595e-02
300	1.71810892478150e-02
301	1.71620960878411e-02
302	1.72459406856383e-02
303	1.72286891131965e-02
304	1.73164891964007e-02
305	1.74049154508192e-02
306	1.73901286381649e-02
307	1.74802964751032e-02
308	1.74659830927396e-02
309	1.75598553883383e-02
310	1.75471386520953e-02
311	1.76430372984682e-02
312	1.76318478329929e-02
313	1.77312632693984e-02
314	1.77210049405535e-02
315	1.78214646239989e-02
316	1.78119510490439e-02
317	1.79155018301999e-02
318	1.79082727472963e-02
319	1.80140136955324e-02
320	1.80081875791515e-02
321	1.81175428727725e-02
322	1.81120705083970e-02
323	1.82231764013989e-02
324	1.82192257955721e-02
325	1.83333124774521e-02
326	1.83300271228959e-02
327	1.84471022450988e-02
328	1.84458920164128e-02
329	1.85648724078436e-02
330	1.85640283551227e-02
331	1.85641294975354e-02
332	1.86869992809685e-02
333	1.86875125209521e-02
334	1.87739272802019e-02
335	1.87172628380191e-02
336	1.87864300978470e-02
337	1.87320149459988e-02
338	1.88025276603381e-02
339	1.87484140658840e-02
340	1.86953108426130e-02
341	1.87680916675669e-02
342	1.87137202655291e-02
343	1.87910905023531e-02
344	1.87401345403989e-02
345	1.88184047215311e-02
346	1.87691938235519e-02
347	1.87196129490473e-02
348	1.88000635091660e-02
349	1.87507895299529e-02
350	1.88327476036515e-02
351	1.87836168899593e-02
352	1.87356851693511e-02
353	1.88201325610626e-02
354	1.87732949044940e-02
355	1.88593649389428e-02
356	1.88149519864713e-02
357	1.87696260191253e-02
358	1.88571426615122e-02
359	1.88123015740792e-02
360	1.89036801126261e-02
361	1.88607146982444e-02
362	1.88189912268034e-02
363	1.89121654668684e-02
364	1.88711811645078e-02
365	1.89680755925484e-02
366	1.89291161594267e-02
367	1.88895800535365e-02
368	1.89871233864060e-02
369	1.89475465208651e-02
370	1.89085349861988e-02
371	1.90107068660543e-02
372	1.89719464702493e-02
373	1.89332966024984e-02
374	1.90369416771682e-02
375	1.90004039816421e-02
376	1.91059885821422e-02
377	1.90710954759932e-02
378	1.90359313838200e-02
379	1.91428004777493e-02
380	1.91083186285614e-02
381	1.90750322472194e-02
382	1.91876416237124e-02
383	1.91554025810979e-02
384	1.91215417825340e-02
385	1.92350848034254e-02
386	1.92038678522767e-02
387	1.91712886909854e-02
388	1.92874774290320e-02
389	1.92576012624144e-02
390	1.92272953170642e-02
391	1.93445397173439e-02
392	1.93159245489047e-02
393	1.92861400239092e-02
394	1.94082239077446e-02
395	1.93794837539608e-02
396	1.93506872786953e-02
397	1.94755041639737e-02
398	1.94486935323418e-02
399	1.94212086282791e-02
400	1.93939629332742e-02
401	1.95224256453411e-02
402	1.94959480406295e-02
403	1.94705765800971e-02
404	1.96021786186094e-02
405	1.95782503970952e-02
406	1.95534554610426e-02
407	1.96885079815942e-02
408	1.96646807139145e-02
409	1.96418928428645e-02
410	1.97784270563224e-02
411	1.97554576205222e-02
412	1.97328390941530e-02
413	1.97106211329439e-02
414	1.98513880391905e-02
415	1.98298440857238e-02
416	1.98094158236688e-02
417	1.99540045781994e-02
418	1.99339905522106e-02
419	1.99131391347753e-02
420	1.98933768014005e-02
421	2.00401175383090e-02
422	2.00217197441896e-02
423	2.00023702355241e-02
424	2.01531608305180e-02
425	2.01345887035363e-02
426	2.01172843914157e-02
427	2.00998671776223e-02
428	2.02538314644734e-02
429	2.02372465311014e-02
430	2.02203538646130e-02
431	2.02038225019096e-02
432	2.03619866902687e-02
433	2.03460203309136e-02
434	2.03308393612259e-02
435	2.04919862512689e-02
436	2.04772515605720e-02
437	2.04626839148748e-02
438	2.04489970219549e-02
439	2.06139998444217e-02
440	2.06003865908022e-02
441	2.05875150674229e-02
442	2.05754658885945e-02
443	2.07449211799575e-02
444	2.07317953770334e-02
445	2.07194342338999e-02
446	2.07081878907029e-02
447	2.08821552289148e-02
448	2.08719451885415e-02
449	2.08610811428821e-02
450	2.08497394154013e-02
451	2.10270569400757e-02
452	2.10172616315254e-02
453	2.10083206242224e-02
454	2.09992208117070e-02
455	2.11805387001852e-02
456	2.11715314746337e-02
457	2.11637533509937e-02
458	2.11558218063643e-02
459	2.13418500031456e-02
460	2.13334610666075e-02
461	2.13260028191647e-02
462	2.13186798575318e-02
463	2.15099385225990e-02
464	2.15032825860260e-02
465	2.14970049538326e-02
466	2.14902914544372e-02
467	2.14833770773747e-02
468	2.16780573985716e-02
469	2.16728468693241e-02
470	2.16674686446009e-02
471	2.16623878034373e-02
472	2.18615091695873e-02
473	2.18561192157022e-02
474	2.18514843656528e-02
475	2.18477574302757e-02
476	2.18434146381542e-02
477	2.20472146086979e-02
478	2.20433032809656e-02
479	2.20400369953045e-02
480	2.20371120780091e-02
481	2.22460004174410e-02
482	2.22420725821348e-02
483	2.22397536077360e-02
484	2.22374213513289e-02
485	2.22351621033563e-02
486	2.24494276798663e-02
487	2.24474888534217e-02
488	2.24453526247830e-02
489	2.24443035024082e-02
490	2.24428039512318e-02
491	2.26615603113038e-02
492	2.26606756928149e-02
493	2.26606952161530e-02
494	2.26604026467328e-02
495	2.26596299044357e-02
496	2.28842558394225e-02
497	2.28843665837251e-02
498	2.28851753528564e-02
499	2.28859507254084e-02
