1	9.92467566776186e-05
2	1.33637936475534e-04
3	1.58847511362884e-04
4	1.79543273332401e-04
5	1.97095646650858e-04
6	2.12632720329006e-04
7	2.26562574010406e-04
8	2.39604804849866e-04
9	2.51298469014016e-04
10	2.62333648285320e-04
11	2.72740428348793e-04
12	2.82538943703071e-04
13	2.91773934874824e-04
14	3.00450604624432e-04
15	3.09094742179084e-04
16	3.17536058103040e-04
17	3.24570307940623e-04
18	3.32055546406751e-04
19	3.39957516806598e-04
20	3.46568688871232e-04
21	3.53111877589564e-04
22	3.59675884784818e-04
23	3.67062683474666e-04
24	3.72971195932692e-04
25	3.79026959549160e-04
26	3.85413224144532e-04
27	3.90391637456870e-04
28	3.96211860035438e-04
29	4.02032068315740e-04
30	4.07659554794332e-04
31	4.13782544693772e-04
32	4.18648904601012e-04
33	4.23373358528820e-04
34	4.27885301393347e-04
35	4.32657245707430e-04
36	4.38389633798992e-04
37	4.41722048603374e-04
38	4.46401151886980e-04
39	4.50955890219614e-04
40	4.56281196893217e-04
41	4.61789057247854e-04
42	4.66230484339886e-04
43	4.69849138361551e-04
44	4.72756807624846e-04
45	4.77686592387686e-04
46	4.80909062116244e-04
47	4.85848687927633e-04
48	4.89427640376902e-04
49	4.93613849949326e-04
50	4.96324080965535e-04
51	5.01613116082773e-04
52	5.06581860756226e-04
53	5.08577809280062e-04
54	5.12873169614769e-04
55	5.16726877501832e-04
56	5.20261736983635e-04
57	5.23543588578910e-04
58	5.28903420273458e-04
59	5.30896090470340e-04
60	5.35967059796016e-04
61	5.39379818598378e-04
62	5.41412750517369e-04
63	5.43343496095372e-04
64	5.46583806676945e-04
65	5.50018990509361e-04
66	5.54807115341052e-04
67	5.55884031615720e-04
68	5.58925666942696e-04
69	5.61262432895199e-04
70	5.67075479100102e-04
71	5.69551345878988e-04
72	5.73008507599390e-04
73	5.75928622458566e-04
74	5.78379312297386e-04
75	5.81908052209857e-04
76	5.85581198265266e-04
77	5.88051845337042e-04
78	5.91084681289006e-04
79	5.92059467068351e-04
80	5.94698751645370e-04
81	5.99655934723874e-04
82	6.03325786422564e-04
83	6.03763934767684e-04
84	6.08517210420251e-04
85	6.12643172639406e-04
86	6.10805557235849e-04
87	6.12926952762335e-04
88	6.16284356137681e-04
89	6.20821943142591e-04
90	6.23757179979448e-04
91	6.28538928696792e-04
92	6.27751860004939e-04
93	6.31041223135509e-04
94	6.33765609713993e-04
95	6.36700153080748e-04
96	6.37558795041978e-04
97	6.40406037647821e-04
98	6.44164889352746e-04
99	6.47310542213562e-04
100	6.45288035037089e-04
101	6.50561947835229e-04
102	6.53024735364244e-04
103	6.56260740184317e-04
104	6.59275475255893e-04
105	6.61078425115943e-04
106	6.62302442957496e-04
107	6.66676383182641e-04
108	6.65947417489960e-04
109	6.68950724032216e-04
110	6.70016522386317e-04
111	6.69534366793755e-04
112	6.74003909048151e-04
113	6.76738265658113e-04
114	6.76863183673862e-04
115	6.83504562938304e-04
116	6.85639886030591e-04
117	6.86571597742561e-04
118	6.91172995607276e-04
119	6.92476748021087e-04
120	6.95367429764561e-04
121	7.00175349372943e-04
122	6.97372268267250e-04
123	6.98902575184887e-04
124	7.03902735428785e-04
125	7.06136946238995e-04
126	7.06461337050870e-04
127	7.07239035553532e-04
128	7.10994929327743e-04
129	7.10475702468225e-04
130	7.15189360405621e-04
131	7.16423712796986e-04
132	7.19731207106559e-04
133	7.23181428668652e-04
134	7.18447649488241e-04
135	7.26790133572913e-04
136	7.24767457557295e-04
137	7.27951534278318e-04
138	7.24335898553393e-04
139	7.32956056852650e-04
140	7.29281358519858e-04
141	7.34755169648759e-04
142	7.33245411783883e-04
143	7.34644572114964e-04
144	7.41967664795566e-04
145	7.43368989722947e-04
146	7.43019437214890e-04
147	7.44343551527520e-04
148	7.50255142043069e-04
149	7.54061667269593e-04
150	7.49428029659452e-04
151	7.51164093100253e-04
152	7.63958787934539e-04
153	7.51091149555790e-04
154	7.53156884138287e-04
155	7.62148630755622e-04
156	7.62353295476771e-04
157	7.64260348393705e-04
158	7.67402136362236e-04
159	7.72786403640933e-04
160	7.71558446185106e-04
161	7.71516575065389e-04
162	7.70828076108468e-04
163	7.75700085192418e-04
164	7.70093888135913e-04
165	7.76168548308858e-04
166	7.77718829064147e-04
167	7.78517999288780e-04
168	7.84495688222759e-04
169	7.89270836258185e-04
170	7.84728570701815e-04
171	7.82009646482607e-04
172	7.91214975775759e-04
173	7.93811883834135e-04
174	7.97082735765534e-04
175	7.97662383437399e-04
176	7.93727326464925e-04
177	7.96798379173687e-04
178	8.03818193025996e-04
179	8.06337490550027e-04
180	8.05468654629723e-04
181	8.01064404326943e-04
182	8.00652403876237e-04
183	8.08064303258894e-04
184	8.09426564841431e-04
185	8.08766800213171e-04
186	8.11827354843083e-04
187	8.12397214934930e-04
188	8.06675505097629e-04
189	8.16057448002867e-04
190	8.18962552310039e-04
191	8.15486821534412e-04
192	8.21942552378439e-04
193	8.21717800741047e-04
194	8.24716508304284e-04
195	8.23092447047034e-04
196	8.28975010032539e-04
197	8.29010011107933e-04
198	8.31540607444888e-04
199	8.32864457054702e-04
200	8.29275975268623e-04
201	8.33195625392437e-04
202	8.33895023969711e-04
203	8.35196272771052e-04
204	8.40533592209226e-04
205	8.35839585482254e-04
206	8.41769622488939e-04
207	8.41406670668178e-04
208	8.49643460164488e-04
209	8.44026874243087e-04
210	8.42486930004254e-04
211	8.44562482815381e-04
212	8.41833607991713e-04
213	8.55137327835845e-04
214	8.50654022077756e-04
215	8.54162925687512e-04
216	8.49382939485509e-04
217	8.49228106412553e-04
218	8.50300880439529e-04
219	8.54548574048613e-04
220	8.52504071053620e-04
221	8.58576096210807e-04
222	8.54644522966213e-04
223	8.55774091897618e-04
224	8.62297849772613e-04
225	8.62832689675047e-04
226	8.61707480641721e-04
227	8.61326162219418e-04
228	8.74886120090231e-04
229	8.66647141122745e-04
230	8.76988360171700e-04
231	8.75316203016205e-04
232	8.73058103451892e-04
233	8.84239831974832e-04
234	8.74788036221964e-04
235	8.81795937817273e-04
236	8.78031115314266e-04
237	8.74047280536781e-04
238	8.87153553393091e-04
239	8.77453693265029e-04
240	8.79431467528585e-04
241	8.92184658800104e-04
242	8.78721116120752e-04
243	8.88507727247815e-04
244	8.93625995652993e-04
245	8.84926832592893e-04
246	8.91109916286262e-04
247	8.84049079169805e-04
248	8.88358808913766e-04
249	9.02365024591676e-04
250	8.95384096484992e-04
251	9.00168211170357e-04
252	8.89506310539089e-04
253	8.93389279578281e-04
254	9.00321351596064e-04
255	9.03113920552778e-04
256	9.00241049446079e-04
257	8.89850089161074e-04
258	8.99622062178089e-04
259	9.07368667629576e-04
260	9.18298361589433e-04
261	9.13284150355579e-04
262	9.04613077476308e-04
263	9.06242264361902e-04
264	9.16906517346513e-04
265	9.07098697131205e-04
266	9.19351163833530e-04
267	9.06655919066319e-04
268	9.14239023860635e-04
269	9.19674688429469e-04
270	9.29803833494723e-04
271	9.23437844563839e-04
272	9.21900363514329e-04
273	9.20001430268356e-04
274	9.16057904365396e-04
275	9.24499559697270e-04
276	9.22364125721235e-04
277	9.19710052563785e-04
278	9.38009693110870e-04
279	9.18225580410741e-04
280	9.37810939474553e-04
281	9.27522347567429e-04
282	9.37634626696594e-04
283	9.31165049042182e-04
284	9.22658444059455e-04
285	9.23222474717855e-04
286	9.36688915699370e-04
287	9.38572364931516e-04
288	9.36473180600833e-04
289	9.35250869958211e-04
290	9.32568575087467e-04
291	9.40458415779315e-04
292	9.35546410580580e-04
293	9.53918699704405e-04
294	9.40223706621338e-04
295	9.28946615364657e-04
296	9.53472445345900e-04
297	9.43390816241978e-04
298	9.51411270403194e-04
299	9.41243082609432e-04
300	9.41006635589828e-04
301	9.56897616671873e-04
302	9.58041649275094e-04
303	9.52768642544395e-04
304	9.58569599856460e-04
305	9.61059535996598e-04
306	9.49251348033613e-04
307	9.55931817984537e-04
308	9.59951591768505e-04
309	9.55654398065036e-04
310	9.39723290558882e-04
311	9.59561225755574e-04
312	9.63206144052878e-04
313	9.56421328101316e-04
314	9.59496389183639e-04
315	9.69888612009251e-04
316	9.65533212533852e-04
317	9.68596717609736e-04
318	9.59743054804101e-04
319	9.72934731487537e-04
320	9.69734695952426e-04
321	9.78911074383358e-04
322	9.75569555515952e-04
323	9.65661101614802e-04
324	9.67093324411467e-04
325	9.68906244387045e-04
326	9.74705635407515e-04
327	9.69705482254467e-04
328	9.68828646911912e-04
329	9.70035273843902e-04
330	9.73288584494046e-04
331	9.76472105042521e-04
332	9.79789651171658e-04
333	9.79763494338746e-04
334	9.70142683320683e-04
335	9.77880605456446e-04
336	9.99172498500330e-04
337	9.89023947809839e-04
338	9.86319103099593e-04
339	9.80030148057886e-04
340	9.84988223550151e-04
341	9.79435216966208e-04
342	9.81221276409693e-04
343	9.89253830006081e-04
344	9.86473468087875e-04
345	9.96383972603207e-04
346	1.00040134708448e-03
347	9.91221854815084e-04
348	9.86089980902778e-04
349	9.86172222047522e-04
350	9.89437903663942e-04
351	9.95014951219756e-04
352	1.00334411843911e-03
353	9.78041663149024e-04
354	1.00501417713767e-03
355	1.00774507450963e-03
356	9.96349868951531e-04
357	9.90838531513035e-04
358	1.00417063345523e-03
359	9.97545760957740e-04
360	1.00840006869643e-03
361	9.96726443258318e-04
362	1.00031019955534e-03
363	1.01149813260353e-03
364	1.00294387623690e-03
365	1.00921889607196e-03
366	1.01096448403119e-03
367	1.00916986052561e-03
368	1.00269939959313e-03
369	1.01135473939113e-03
370	1.00215034052877e-03
371	1.02023452829865e-03
372	9.98080028269637e-04
373	1.00339121858720e-03
374	1.03046493910589e-03
375	1.02080792005669e-03
376	1.01762440662241e-03
377	1.02010117911916e-03
378	1.01071510174914e-03
379	9.96500905433336e-04
380	1.02735870724171e-03
381	1.00757696164878e-03
382	1.02488153410764e-03
383	1.03721597905826e-03
384	1.03379724416002e-03
385	1.02269141924130e-03
386	1.02660701185023e-03
387	1.02919490609668e-03
388	1.01802042187421e-03
389	1.02703419804126e-03
390	1.03576788808926e-03
391	1.02603980148138e-03
392	1.03737077468458e-03
393	1.03231958485942e-03
394	1.03016920090115e-03
395	1.03122055822461e-03
396	1.04457091277479e-03
397	1.03541834192051e-03
398	1.02479873680828e-03
399	1.03856823833498e-03
400	1.02629299717869e-03
401	1.03195574959782e-03
402	1.03088983582437e-03
403	1.05271543934038e-03
404	1.02988321106350e-03
405	1.04938220062075e-03
406	1.02827307254946e-03
407	1.06232375841834e-03
408	1.03627504228359e-03
409	1.05307418631084e-03
410	1.02774507744346e-03
411	1.03564171312582e-03
412	1.04262992131851e-03
413	1.05522012411666e-03
414	1.04666543283062e-03
415	1.03691660348243e-03
416	1.04983880639631e-03
417	1.04880024951826e-03
418	1.04494297592193e-03
419	1.05918669880038e-03
420	1.04903462818380e-03
421	1.07559758577210e-03
422	1.05880043263184e-03
423	1.04824874647223e-03
424	1.04586380960928e-03
425	1.05832788557438e-03
426	1.04742303335040e-03
427	1.04637169028390e-03
428	1.05024254770241e-03
429	1.04819806642085e-03
430	1.06217561133967e-03
431	1.06092391634035e-03
432	1.04781035005792e-03
433	1.04623369393534e-03
434	1.06035401117127e-03
435	1.05422242228907e-03
436	1.07356592480502e-03
437	1.05337164915318e-03
438	1.05810066509538e-03
439	1.05728254320179e-03
440	1.06035970524034e-03
441	1.06146626056600e-03
442	1.06940903342229e-03
443	1.06256634196708e-03
444	1.05684344045860e-03
445	1.08331382792632e-03
446	1.06921281066377e-03
447	1.07122601281992e-03
448	1.06273481262570e-03
449	1.05068453715851e-03
450	1.06761493979307e-03
451	1.06392222582678e-03
452	1.06874268894785e-03
453	1.06296463781121e-03
454	1.06156389200446e-03
455	1.04981407412424e-03
456	1.07614622650797e-03
457	1.06985707547463e-03
458	1.05917197001908e-03
459	1.05886666539937e-03
460	1.08931327172289e-03
461	1.07324082136252e-03
462	1.07562336133843e-03
463	1.09208861977777e-03
464	1.06293527569329e-03
465	1.06783198946835e-03
466	1.08669200719193e-03
467	1.09631896032044e-03
468	1.10338206799408e-03
469	1.07573186213354e-03
470	1.06502851638051e-03
471	1.06776950714242e-03
472	1.07885925038740e-03
473	1.07629361977660e-03
474	1.08085351918756e-03
475	1.08267749552569e-03
476	1.10030700104580e-03
477	1.08559095313124e-03
478	1.11157720464050e-03
479	1.08777438482219e-03
480	1.10047044148927e-03
481	1.08777505281902e-03
482	1.08980934571603e-03
483	1.08717597887389e-03
484	1.07703827147517e-03
485	1.09172540571638e-03
486	1.10076642863925e-03
487	1.09689181947868e-03
488	1.10645143380427e-03
489	1.10379087335453e-03
490	1.08087825410813e-03
491	1.07900455981462e-03
492	1.10093001726220e-03
493	1.08130895897247e-03
494	1.07662224163851e-03
495	1.10135435154058e-03
496	1.09681710531584e-03
497	1.09447286152070e-03
498	1.10734171373141e-03
499	1.08341567749536e-03
