1	5.17192222486139e-04
2	6.44342370172985e-04
3	7.23817194015508e-04
4	7.77855179323277e-04
5	8.21428922671004e-04
6	8.57885905616210e-04
7	8.70050458913555e-04
8	8.69500638297688e-04
9	8.91466279643175e-04
10	9.03715635584525e-04
11	9.15685787387482e-04
12	9.51297938101046e-04
13	9.18386908056522e-04
14	9.51961135167993e-04
15	9.44338917198337e-04
16	9.42520075543014e-04
17	9.57280476708318e-04
18	9.37502032875883e-04
19	9.68188223181458e-04
20	9.40901110638124e-04
21	1.00629341393332e-03
22	9.94745848181952e-04
23	9.64680213988187e-04
24	1.01834052496830e-03
25	9.91584527410317e-04
26	9.92924956519342e-04
27	9.56444013055652e-04
28	1.02559187745095e-03
29	9.73620203818931e-04
30	9.71726205089411e-04
31	9.58160964574256e-04
32	9.52569368446323e-04
33	9.49972851681351e-04
34	9.61109377308715e-04
35	9.18775391645944e-04
36	9.21705119919241e-04
37	9.40558059039000e-04
38	9.72588179663282e-04
39	9.86735894301604e-04
40	9.43993273281040e-04
41	9.57308728257523e-04
42	9.78567020245075e-04
43	9.05764769126468e-04
44	9.80989218024801e-04
45	1.00166494046913e-03
46	9.20271326488684e-04
47	9.14904904866313e-04
48	9.99094414511612e-04
49	1.00145743626979e-03
50	9.36568604000689e-04
51	1.01838296533931e-03
52	9.56155155141974e-04
53	9.75896804637376e-04
54	8.84873711817114e-04
55	9.33662610266225e-04
56	9.59935632033900e-04
57	9.46952113041123e-04
58	9.80435395419415e-04
59	9.14473371567064e-04
60	8.94429034985462e-04
61	8.84490511412099e-04
62	9.71038983852296e-04
63	8.84136671358796e-04
64	9.40723403361531e-04
65	9.39356890615755e-04
66	9.53079029656966e-04
67	9.35096809441387e-04
68	9.96707454275839e-04
69	8.62815676666133e-04
70	9.69721415933185e-04
71	9.06569373571960e-04
72	8.79580842429258e-04
73	9.41079894625870e-04
74	8.92167104694870e-04
75	9.62735734999263e-04
76	9.03387363361209e-04
77	9.53561185899876e-04
78	8.89242781378957e-04
79	8.97972501957755e-04
80	9.06767015047039e-04
81	9.81124356191628e-04
82	9.64666457990887e-04
83	9.18868026984800e-04
84	9.69604907094481e-04
85	8.13246663766405e-04
86	8.33559259850887e-04
87	8.63338317039751e-04
88	9.34557710910908e-04
89	9.27808161324832e-04
90	9.11524657796329e-04
91	8.71660128794191e-04
92	9.59438700063266e-04
93	9.10075469267952e-04
94	8.15001201096242e-04
95	9.68940544076445e-04
96	9.21493544467075e-04
97	8.94939370887473e-04
98	8.90050151242216e-04
99	9.53840285196402e-04
