1	1.44270076897186e-04
2	1.76300791190889e-04
3	1.95330019000152e-04
4	2.07835575275106e-04
5	2.16034699615433e-04
6	2.23899975038849e-04
7	2.26671612128069e-04
8	2.32929207057228e-04
9	2.35015542745351e-04
10	2.39150976737983e-04
11	2.39390242803863e-04
12	2.39846878520655e-04
13	2.40248478630649e-04
14	2.42377960425845e-04
15	2.42597929854515e-04
16	2.44110064109637e-04
17	2.46401103096645e-04
18	2.46268186024463e-04
19	2.46240860958107e-04
20	2.40372656826264e-04
21	2.45439947302536e-04
22	2.46070427106882e-04
23	2.45936184456026e-04
24	2.46917258589408e-04
25	2.46678494379138e-04
26	2.47775336556953e-04
27	2.47935882988097e-04
28	2.53542666421137e-04
29	2.48723316180590e-04
30	2.50968567175041e-04
31	2.51702583496906e-04
32	2.48417593576165e-04
33	2.44281393962621e-04
34	2.52553957865711e-04
35	2.56252295714350e-04
36	2.46210895468399e-04
37	2.49321328369294e-04
38	2.53963103240351e-04
39	2.43258952816767e-04
40	2.42393121803698e-04
41	2.46661728198831e-04
42	2.45018438366773e-04
43	2.47005882362574e-04
44	2.45331010680152e-04
45	2.56866448837620e-04
46	2.48394268269991e-04
47	2.44960055992055e-04
48	2.46776271709690e-04
49	2.53933007889897e-04
50	2.57642916412766e-04
51	2.48357120880449e-04
52	2.51366606546146e-04
53	2.51992152708763e-04
54	2.48026819877731e-04
55	2.54773840657637e-04
56	2.61900950108180e-04
57	2.59323891295941e-04
58	2.40159890141709e-04
59	2.50336368657198e-04
60	2.53866542287940e-04
61	2.44969267959145e-04
62	2.60371412928137e-04
63	2.51527473803243e-04
64	2.57760824180164e-04
65	2.53054869946769e-04
66	2.45649200318714e-04
67	2.48851821112452e-04
68	2.50203150572669e-04
69	2.46369989727274e-04
70	2.58291497955176e-04
71	2.66977975571113e-04
72	2.55037522407862e-04
73	2.51102707796779e-04
74	2.52900631246327e-04
75	2.62289128447611e-04
76	2.55043523853679e-04
77	2.49463418390236e-04
78	2.51916336848476e-04
79	2.46908800799953e-04
80	2.53554370121762e-04
81	2.50203430472093e-04
82	2.47548561232524e-04
83	2.68911679832518e-04
84	2.51029851888342e-04
85	2.51315104469744e-04
86	2.48806640663642e-04
87	2.44952943147833e-04
88	2.54523940019568e-04
89	2.45296100194504e-04
90	2.56354573912890e-04
91	2.48664245862909e-04
92	2.53475667542852e-04
93	2.47778219786077e-04
94	2.48002521449163e-04
95	2.51195874906692e-04
96	2.47324752693510e-04
97	2.40306871795316e-04
98	2.59323361449500e-04
99	2.49867367590245e-04
100	2.55181197495201e-04
101	2.62366466189770e-04
102	2.55607749721023e-04
103	2.59132664163183e-04
104	2.56328835489043e-04
105	2.39783306789616e-04
106	2.51514759015569e-04
107	2.46968448583136e-04
108	2.45786410710452e-04
109	2.38148890078556e-04
110	2.50785013892658e-04
111	2.56856892119323e-04
112	2.55325615022469e-04
113	2.57097643055105e-04
114	2.52846221046358e-04
115	2.52284544056100e-04
116	2.30269382259304e-04
117	2.51612182883769e-04
118	2.34873174733247e-04
119	2.41096548205607e-04
120	2.51522036771355e-04
121	2.61541253612376e-04
122	2.51333594557640e-04
123	2.64216969961134e-04
124	2.55779759418541e-04
125	2.39244287578317e-04
126	2.45452817544051e-04
127	2.41437025164257e-04
128	2.47788034346938e-04
129	2.49898169637622e-04
130	2.55062980826636e-04
131	2.35278036612798e-04
132	2.47713285151427e-04
133	2.49839857819979e-04
134	2.55735488554777e-04
135	2.39859586071971e-04
136	2.38844190757595e-04
137	2.44890498301770e-04
138	2.55230127006274e-04
139	2.55475917461171e-04
140	2.43346428719872e-04
141	2.36387010667738e-04
142	2.63011485790106e-04
143	2.52553111209393e-04
144	2.41994643175551e-04
145	2.28242865667095e-04
146	2.46803139779181e-04
147	2.52807231448312e-04
148	2.36783877666302e-04
149	2.53253627304286e-04
150	2.28748346156886e-04
151	2.23525603829251e-04
152	2.52170878710026e-04
153	2.36671143831226e-04
154	2.43264119646487e-04
155	2.30256402979660e-04
156	2.32325034947988e-04
157	2.58743922689799e-04
158	2.28569625542447e-04
159	2.51160376364179e-04
160	2.34241125352331e-04
161	2.41750620357933e-04
162	2.35217362424498e-04
163	2.57579430508929e-04
164	2.37642175313233e-04
165	2.32457717115315e-04
166	2.53886063832986e-04
167	2.32483068886725e-04
168	2.37643994170783e-04
169	2.47828216941535e-04
170	2.31257675002448e-04
171	2.42576553129026e-04
172	2.36577824847094e-04
173	2.44205764937806e-04
174	2.24854714700357e-04
175	2.38730237341385e-04
176	2.37593049434598e-04
177	2.36609281159136e-04
178	2.47156660216756e-04
179	2.36467725151358e-04
180	2.25078301298330e-04
181	2.29398880325744e-04
182	2.36723144673029e-04
183	2.39972011077921e-04
184	2.40998453789852e-04
185	2.32549256083000e-04
186	2.25309903063316e-04
187	2.32248551865344e-04
188	2.22202977431322e-04
189	2.39492667258287e-04
190	2.35332922484736e-04
191	2.41088067224654e-04
192	2.52958730458026e-04
193	2.41773437635933e-04
194	2.18563549471927e-04
195	2.41497214551525e-04
196	2.53010967220290e-04
197	2.22590338251237e-04
198	2.30338587254846e-04
199	2.51675972402057e-04
200	2.34672558884616e-04
201	2.24526005289872e-04
202	2.39771758950911e-04
203	2.14127652890197e-04
204	2.26205733933298e-04
205	2.43090301195396e-04
206	2.40109935827844e-04
207	2.33368420137116e-04
208	2.34580836511451e-04
209	2.40114935238177e-04
210	2.50497366959573e-04
211	2.33378301450654e-04
212	2.28971460265001e-04
213	2.35418860247788e-04
214	2.26872237270011e-04
215	2.25248693258487e-04
216	2.35634172548764e-04
217	2.50747262907730e-04
218	2.30371353596321e-04
219	2.38838471587016e-04
220	2.51605345848069e-04
221	2.42095420727840e-04
222	2.26986840791804e-04
223	2.35912166035055e-04
224	2.35634402860507e-04
225	2.42727317201400e-04
226	2.38384043953013e-04
227	2.19849668947139e-04
228	2.49422134725480e-04
229	2.36705949658201e-04
230	2.38951937631398e-04
231	2.46011006986902e-04
232	2.37040371193395e-04
233	2.21592649038837e-04
234	2.28790214991019e-04
235	2.31293771036587e-04
236	2.32004219507789e-04
237	2.26950312191069e-04
238	2.32958253358856e-04
239	2.50733135537653e-04
240	2.34930313029649e-04
241	2.34539432843686e-04
242	2.48667592985417e-04
243	2.38149335642184e-04
244	2.30413102275746e-04
245	2.37833699692481e-04
246	2.33662993062456e-04
247	2.20798493950139e-04
248	2.16291653812316e-04
249	2.66929656307421e-04
250	2.37900833692959e-04
251	2.35078670369077e-04
252	2.51777407123782e-04
253	2.46655387006918e-04
254	2.25591219202048e-04
255	2.27875739066269e-04
256	2.49219584199237e-04
257	2.41226640509207e-04
258	2.23959748391315e-04
259	2.23993181847052e-04
260	2.39284160366544e-04
261	2.33939354146730e-04
262	2.28150773377231e-04
263	2.25601493853908e-04
264	2.36666210360526e-04
265	2.20390079610740e-04
266	2.40513624344748e-04
267	2.37138693440660e-04
268	2.58045581624306e-04
269	2.14889646571374e-04
270	2.31951169690410e-04
271	2.42102550167745e-04
272	2.49759002404498e-04
273	2.33157217814341e-04
274	2.36712171807734e-04
275	2.34337832569329e-04
276	2.41319488541270e-04
277	2.30843445898046e-04
278	2.24535924739012e-04
279	2.31874728236935e-04
280	2.48826257343249e-04
281	2.42247194847604e-04
282	2.34443331880101e-04
283	2.30219019315313e-04
284	2.49427038208923e-04
285	2.57156219856484e-04
286	2.51951003578998e-04
287	2.30260334129934e-04
288	2.27683709957740e-04
289	2.53941171628103e-04
290	2.33181624293325e-04
291	2.36695504676885e-04
292	2.30311063355753e-04
293	2.29572638803089e-04
294	2.30775112619677e-04
295	2.40473411393133e-04
296	2.16913373090273e-04
297	2.24252524088071e-04
298	2.44079460776566e-04
299	2.62155939471106e-04
300	2.42699000452311e-04
301	2.31231133047214e-04
302	2.11507518141963e-04
303	2.46048836450144e-04
304	2.57205597847193e-04
305	2.55832840933125e-04
306	2.45146317803492e-04
307	2.38402333825145e-04
308	2.41635600110200e-04
309	2.52545057153329e-04
310	2.49847123297060e-04
311	2.44060691108480e-04
312	2.17576095500972e-04
313	2.23688027628300e-04
314	2.37042382975816e-04
315	2.41279204993792e-04
316	2.35891829453010e-04
317	2.52534910844698e-04
318	2.34603450262296e-04
319	2.33123059675982e-04
320	2.41364962991360e-04
321	2.32026807139512e-04
322	2.47902196197974e-04
323	2.46712655824252e-04
324	2.46248294180623e-04
325	2.33414775000943e-04
326	2.43024628617233e-04
327	2.38483128648139e-04
328	2.47774590617856e-04
329	2.58111347010729e-04
330	2.40286925871826e-04
331	2.27053986392130e-04
332	2.35721529396577e-04
333	2.24666723034453e-04
334	2.38715951559479e-04
335	2.46028778118215e-04
336	2.44100524335899e-04
337	2.31127047961968e-04
338	2.33145594027051e-04
339	2.24215695610971e-04
340	2.21302672748201e-04
341	2.48127646267771e-04
342	2.55018590474951e-04
343	2.43050389849746e-04
344	2.48348704144629e-04
345	2.38797557579444e-04
346	2.24080779576356e-04
347	2.29555850690892e-04
348	2.39730043624329e-04
349	2.52106738227146e-04
350	2.42220165824296e-04
351	2.37021641971483e-04
352	2.17010728522976e-04
353	2.37918187271624e-04
354	2.33684496867465e-04
355	2.37999824941594e-04
356	2.55236232288080e-04
357	2.44808505279591e-04
358	2.47551709173576e-04
359	2.30333458359898e-04
360	2.29872071027222e-04
361	2.28149510295321e-04
362	2.15196532464037e-04
363	2.33917647596903e-04
364	2.46291579761929e-04
365	2.28969583559557e-04
366	2.20850763498834e-04
367	2.36843502431018e-04
368	2.24234607900160e-04
369	2.28761393643855e-04
370	2.30408071047376e-04
371	2.25654478098785e-04
372	2.13164686417171e-04
373	2.32834930209521e-04
374	2.06944137482328e-04
375	2.12935814878253e-04
376	2.19070291800324e-04
377	2.48852628958195e-04
378	2.56001171545935e-04
379	2.67969174166043e-04
380	2.57249510106300e-04
381	2.48337160357408e-04
382	2.33710848377820e-04
383	2.41329947937986e-04
384	2.44106476905683e-04
385	2.62559215930095e-04
386	2.40307836717529e-04
387	2.50616074115208e-04
388	2.47845371289128e-04
389	2.19261837090115e-04
390	2.15991304585212e-04
391	2.35930332712628e-04
392	2.31519059627282e-04
393	2.38667942823828e-04
394	2.48792530984001e-04
395	2.48283605533429e-04
396	2.57379333461057e-04
397	2.34549576657321e-04
398	2.41883196252217e-04
399	2.44637055919354e-04
400	2.25114636128035e-04
401	2.37159701697900e-04
402	2.45090222726328e-04
403	2.51057998285634e-04
404	2.51864576548337e-04
405	2.65692526580856e-04
406	2.24819373512006e-04
407	2.29548364223561e-04
408	2.24927919102897e-04
409	2.36532074684707e-04
410	2.34733104531402e-04
411	2.16080170377091e-04
412	2.26522847377456e-04
413	2.45439399492107e-04
414	2.53916125818504e-04
415	2.60751731412551e-04
416	2.41696829047281e-04
417	2.29407002134657e-04
418	2.28291736600976e-04
419	2.53629718725782e-04
420	2.66148917889003e-04
421	2.58782705757761e-04
422	2.47839376796387e-04
423	2.43125295787502e-04
424	2.48286360250681e-04
425	2.35560042738003e-04
426	2.32075200831104e-04
427	2.14646177964569e-04
428	2.19244183956170e-04
429	2.17188708228003e-04
430	2.12739990105284e-04
431	2.30555708451979e-04
432	2.26510848600792e-04
433	2.49002089982258e-04
434	2.50871591556898e-04
435	2.41406048106502e-04
436	2.37944420097631e-04
437	2.25686480696949e-04
438	2.46810489874996e-04
439	2.45261639555984e-04
440	2.35272884233132e-04
441	2.37861827122508e-04
442	2.43182891158669e-04
443	2.44490557719380e-04
444	2.60152084077099e-04
445	2.49605373380665e-04
446	2.56944977334099e-04
447	2.61900815580296e-04
448	2.54789378363334e-04
449	2.32224686757647e-04
450	2.40758647544071e-04
451	2.21818241431595e-04
452	2.11492718703946e-04
453	2.18442549576870e-04
454	2.27944774924521e-04
455	2.40902836716635e-04
456	2.52136287133803e-04
457	2.28123241702149e-04
458	2.44377774341086e-04
459	2.48163424212406e-04
460	2.56361885440357e-04
461	2.52878083684018e-04
462	2.55970955983024e-04
463	2.52161336174708e-04
464	2.42363775593222e-04
465	2.47139750504258e-04
466	2.40891622183305e-04
467	2.49276013831943e-04
468	2.46823990617769e-04
469	2.44976186257218e-04
470	2.57276435536643e-04
471	2.58952805308619e-04
472	2.32958101711202e-04
473	2.17682450386027e-04
474	2.22256517483950e-04
475	2.32246608695873e-04
476	2.35356362414504e-04
477	2.31895240174472e-04
478	2.36292917319258e-04
479	2.41397312907487e-04
480	2.40330473533928e-04
481	2.29927789485979e-04
482	2.35297119591442e-04
483	2.29756674482492e-04
484	2.36742381758529e-04
485	2.39049821218689e-04
486	2.30395272054254e-04
487	2.12507857951332e-04
488	2.20803209548307e-04
489	2.31464289467496e-04
490	2.28491031757417e-04
491	2.23574203912152e-04
492	2.35943843508885e-04
493	2.40907550289438e-04
494	2.51513068721267e-04
495	2.53244613338444e-04
496	2.42910375785794e-04
497	2.59907783494913e-04
498	2.56229384151363e-04
499	2.51056317817598e-04
