1	1.45520485463711e-04
2	1.79153064664435e-04
3	1.98424624556169e-04
4	2.12258790997474e-04
5	2.20396312240290e-04
6	2.28711980502753e-04
7	2.31197962702312e-04
8	2.37969744954554e-04
9	2.37728725854110e-04
10	2.41860838697137e-04
11	2.42372675901504e-04
12	2.46396345176105e-04
13	2.43264741774792e-04
14	2.48442623487047e-04
15	2.47959407765680e-04
16	2.50765998157505e-04
17	2.50940070213476e-04
18	2.50923578087595e-04
19	2.52254074066509e-04
20	2.53402853555307e-04
21	2.52004372343497e-04
22	2.57640514066395e-04
23	2.53958764023494e-04
24	2.53129647506916e-04
25	2.57636625180799e-04
26	2.56583250435212e-04
27	2.59883516911986e-04
28	2.58937642576966e-04
29	2.60983955463633e-04
30	2.57597710353965e-04
31	2.58036876545248e-04
32	2.62495339504976e-04
33	2.64588745554323e-04
34	2.62280921101030e-04
35	2.61647653424997e-04
36	2.72250912378336e-04
37	2.64872889033844e-04
38	2.63452617851123e-04
39	2.58033818876644e-04
40	2.68235790263721e-04
41	2.65463841140277e-04
42	2.71605839670157e-04
43	2.61774295681804e-04
44	2.69402186436085e-04
45	2.65838029283857e-04
46	2.76057047310059e-04
47	2.70167779960183e-04
48	2.60944324090040e-04
49	2.71672238222761e-04
50	2.62734765241374e-04
51	2.73830858771878e-04
52	2.74828756853952e-04
53	2.72110910452465e-04
54	2.73156534632740e-04
55	2.75637899784106e-04
56	2.65163635452383e-04
57	2.73291747257126e-04
58	2.77314959266281e-04
59	2.60782673046467e-04
60	2.62225658115168e-04
61	2.78293861870757e-04
62	2.58864284602642e-04
63	2.60925502650632e-04
64	2.69263918170435e-04
65	2.63689099490119e-04
66	2.68883687189514e-04
67	2.62949873926877e-04
68	2.70734592472106e-04
69	2.68335454870700e-04
70	2.69825853918905e-04
71	2.85961946371735e-04
72	2.87732644802607e-04
73	2.75550311039383e-04
74	2.68277288359874e-04
75	2.73539663396497e-04
76	2.64553018070460e-04
77	2.62416918682495e-04
78	2.66063050990165e-04
79	2.80976683137669e-04
80	2.82592096760688e-04
81	2.63153414730683e-04
82	2.85370463089817e-04
83	2.73296045644632e-04
84	2.75918375048820e-04
85	2.74412213807422e-04
86	2.67001435901140e-04
87	2.66488216531918e-04
88	2.72644010612689e-04
89	2.72739240557270e-04
90	2.66795228110914e-04
91	2.76288564557269e-04
92	2.68883100997838e-04
93	2.70973001431958e-04
94	2.69210974996678e-04
95	2.73391981307153e-04
96	2.72583420740952e-04
97	2.79953350753100e-04
98	2.82652167481471e-04
99	2.76751628956845e-04
100	2.65873647694703e-04
101	2.70940688480138e-04
102	2.73628663712346e-04
103	2.79269172385701e-04
104	2.73792569253472e-04
105	2.73469298217228e-04
106	2.65984315068617e-04
107	2.75395509405156e-04
108	2.69482161054094e-04
109	2.72690199292166e-04
110	2.67986636383286e-04
111	2.56406881862406e-04
112	2.65227346381144e-04
113	2.57362976657784e-04
114	2.66912045806619e-04
115	2.62779726634921e-04
116	2.51779774163278e-04
117	2.62432388165705e-04
118	2.72957512235911e-04
119	2.87271093901530e-04
120	2.65572559432439e-04
121	2.72632193743443e-04
122	2.79177651964171e-04
123	2.79135405391092e-04
124	2.66657761268743e-04
125	2.63238297332213e-04
126	2.63403112515399e-04
127	2.73016750018727e-04
128	2.65282392791459e-04
129	2.68134616607519e-04
130	2.73378314788462e-04
131	2.80246589571789e-04
132	2.86612241332190e-04
133	2.70725882475063e-04
134	2.62979449582264e-04
135	2.67610062919998e-04
136	2.62578471996972e-04
137	2.67738139640373e-04
138	2.59540096127803e-04
139	2.63416434906834e-04
140	2.55231669170770e-04
141	2.65216773668161e-04
142	2.67070516396936e-04
143	2.70298980528654e-04
144	2.77289905278630e-04
145	2.59174591403529e-04
146	2.78953644887022e-04
147	2.63189342454100e-04
148	2.61432987412147e-04
149	2.51436079810295e-04
150	2.47573730848357e-04
151	2.76624730600373e-04
152	2.70077781125879e-04
153	2.68821481085609e-04
154	2.59677670912450e-04
155	2.64464243748247e-04
156	2.77576133578553e-04
157	2.62678074660612e-04
158	2.80365212242970e-04
159	2.62526815222280e-04
160	2.84997770362256e-04
161	2.76465750230314e-04
162	2.76001460692928e-04
163	2.76960303148634e-04
164	2.74742314328330e-04
165	2.83512422596214e-04
166	2.68819965644413e-04
167	2.63765669681161e-04
168	2.71084887242689e-04
169	2.75237036420215e-04
170	2.64751267558873e-04
171	2.81254754515580e-04
172	2.65426907772665e-04
173	2.66790985227065e-04
174	2.74961026979602e-04
175	2.70360344813944e-04
176	2.60081715463228e-04
177	2.70399031633444e-04
178	2.61869836791592e-04
179	2.69048265525971e-04
180	2.65192176551868e-04
181	2.52925045923397e-04
182	2.81641762086863e-04
183	2.50570571876874e-04
184	2.69715499424561e-04
185	2.59893655430657e-04
186	2.51489403591106e-04
187	2.67709824827673e-04
188	2.59370894265764e-04
189	2.57753537420701e-04
190	2.46144404145114e-04
191	2.63779005599695e-04
192	2.77479088393225e-04
193	2.78737702042669e-04
194	2.50670221070790e-04
195	2.65348076785355e-04
196	2.78943668773742e-04
197	2.66128117243936e-04
198	2.54211662339117e-04
199	2.87427182435570e-04
200	2.69183810607667e-04
201	2.49438372401037e-04
202	2.49004637953178e-04
203	2.64635777419188e-04
204	2.70114046536284e-04
205	2.65787990664515e-04
206	2.72190674046567e-04
207	2.52375308310590e-04
208	2.68998035647118e-04
209	2.65728578139087e-04
210	2.68833835739920e-04
211	2.64422616090326e-04
212	2.76680435142827e-04
213	2.85852850792043e-04
214	2.57899124344405e-04
215	2.66603912115540e-04
216	2.72936061560949e-04
217	2.68774094884134e-04
218	2.65213856085380e-04
219	2.69432642290036e-04
220	2.82442336344409e-04
221	2.63384247891241e-04
222	2.66647535116034e-04
223	2.79367758734810e-04
224	2.72582818796561e-04
225	2.68866748910235e-04
226	2.58981738356939e-04
227	2.64065047565299e-04
228	2.79696873650261e-04
229	2.86006757043175e-04
230	2.72331334692828e-04
231	2.73490040312035e-04
232	2.41394969338084e-04
233	2.88939580173582e-04
234	2.77915368335463e-04
235	2.68449634031809e-04
236	2.68930273313234e-04
237	2.62761466601791e-04
238	2.98383668627404e-04
239	2.89479572665313e-04
240	2.77808165456989e-04
241	2.65580200748423e-04
242	2.82431507471192e-04
243	2.73968463803275e-04
244	2.86298189653399e-04
245	2.95001639950613e-04
246	2.79224024358274e-04
247	2.62581593974832e-04
248	2.79712948887959e-04
249	2.85168405652058e-04
250	2.70330910466296e-04
251	2.66324718825732e-04
252	2.66323445237610e-04
253	2.65968989260146e-04
254	2.89591807215971e-04
255	2.92852079501965e-04
256	2.79241121084801e-04
257	2.48531155415811e-04
258	2.60337812103934e-04
259	2.66036265424745e-04
260	2.50221334257357e-04
261	2.73524637451954e-04
262	2.79863449508065e-04
263	2.48457008683243e-04
264	2.89572798571144e-04
265	2.80979052717764e-04
266	2.78997802083691e-04
267	2.76348108459243e-04
268	2.79558581786787e-04
269	2.79806525346999e-04
270	2.66972025174460e-04
271	2.60311095769219e-04
272	2.69139517095893e-04
273	2.65572997419748e-04
274	2.54290840476317e-04
275	2.77964522697628e-04
276	2.75157513620117e-04
277	2.85445982567080e-04
278	2.64881248880000e-04
279	2.54784327689288e-04
280	2.66128233095460e-04
281	2.90590512758432e-04
282	2.79525509333414e-04
283	2.74781210966494e-04
284	2.90659058008625e-04
285	2.95664372024374e-04
286	2.85037092688797e-04
287	2.80857518669055e-04
288	2.88532542794542e-04
289	2.80319072048662e-04
290	2.71558661110813e-04
291	2.60461857078035e-04
292	2.55349353681286e-04
293	2.53332560238544e-04
294	2.74951449616949e-04
295	2.60543745067536e-04
296	2.83240416752550e-04
297	2.81591840606448e-04
298	2.77826360102331e-04
299	2.73765528350677e-04
300	2.49240770307569e-04
301	2.78718322897286e-04
302	2.81099861500158e-04
303	2.69170564401313e-04
304	2.66400791047434e-04
305	2.56896530775009e-04
306	2.66995035687616e-04
307	2.59256581426774e-04
308	2.50180015365526e-04
309	2.54478143931797e-04
310	2.61984829910148e-04
311	2.76702081854926e-04
312	2.96813699045916e-04
313	2.89371517082907e-04
314	2.79736400810088e-04
315	2.83463132215315e-04
316	2.83674539730986e-04
317	2.90247982258506e-04
318	2.78316639349956e-04
319	2.66408548698605e-04
320	2.60862981854734e-04
321	2.69730282845950e-04
322	2.73339824851164e-04
323	2.91112465585766e-04
324	2.88642467008542e-04
325	2.67688743410845e-04
326	2.95053112906832e-04
327	3.00052641051603e-04
328	2.91305536120076e-04
329	2.72756406883442e-04
330	2.88788072225747e-04
331	2.81927062014850e-04
332	2.82293165259157e-04
333	2.86498277018950e-04
334	2.74789313068473e-04
335	2.66072691513977e-04
336	2.69497734656426e-04
337	2.63005335903608e-04
338	2.61051276226990e-04
339	2.63138591671599e-04
340	2.66664727742844e-04
341	2.65868499926173e-04
342	2.74535458441800e-04
343	2.92758589089454e-04
344	2.83918760063198e-04
345	2.90097845514337e-04
346	2.75151864503031e-04
347	2.81273261886769e-04
348	2.67417961254664e-04
349	2.79240485006500e-04
350	2.61257928042846e-04
351	2.68919808014069e-04
352	2.86027880227678e-04
353	3.00538191266723e-04
354	3.02136379931953e-04
355	2.85157349969732e-04
356	2.82523764428456e-04
357	2.77664701311056e-04
358	2.65967972012469e-04
359	2.56680442602061e-04
360	2.62036108766325e-04
361	2.69149070933446e-04
362	2.74635732611884e-04
363	2.97313954995934e-04
364	2.99996822230043e-04
365	2.94115723051142e-04
366	2.81894732807030e-04
367	2.56178538990668e-04
368	2.55303128377527e-04
369	2.64877801705234e-04
370	2.63494314106602e-04
371	2.72966394699574e-04
372	2.70727233632677e-04
373	2.84747509009282e-04
374	2.80287628130925e-04
375	2.87837245484680e-04
376	2.80290329076833e-04
377	2.86920333134345e-04
378	2.83710962968733e-04
379	2.73283289641236e-04
380	2.75212358106767e-04
381	2.66142860690765e-04
382	2.64047463386581e-04
383	2.73074695159206e-04
384	2.71270534564038e-04
385	2.83995746812859e-04
386	2.70400109554084e-04
387	2.66742774940499e-04
388	2.69180530666867e-04
389	2.62537144667266e-04
390	2.70877741639472e-04
391	2.66899458013599e-04
392	2.74237305847380e-04
393	2.73504071156932e-04
394	2.69773385666357e-04
395	2.53329341816909e-04
396	2.72532462006277e-04
397	2.84586831742618e-04
398	2.80343713614387e-04
399	3.24316229485086e-04
400	2.93217475885120e-04
401	2.77430997831219e-04
402	2.70264986983337e-04
403	2.70248425232730e-04
404	2.74828141394025e-04
405	2.84243579196875e-04
406	2.71015492858222e-04
407	2.86121953123724e-04
408	2.78756326412167e-04
409	2.76024980200798e-04
410	2.86035905589792e-04
411	2.87073137055962e-04
412	2.90620506198063e-04
413	2.78140428516593e-04
414	2.75256369530960e-04
415	2.84426152877632e-04
416	2.87995620073853e-04
417	2.95935133792472e-04
418	2.58637692017381e-04
419	2.59440320682789e-04
420	2.74349036133580e-04
421	2.86500507140777e-04
422	2.97252334899201e-04
423	3.08456816994275e-04
424	3.03121197237617e-04
425	3.03235750015739e-04
426	3.00448979542780e-04
427	2.76232645494751e-04
428	2.65418046550452e-04
429	2.65395107687221e-04
430	2.55271828599817e-04
431	2.66106178044336e-04
432	2.83098580676030e-04
433	2.65842871030946e-04
434	2.82495034311563e-04
435	2.85315308415939e-04
436	2.78024776721327e-04
437	2.82835401479816e-04
438	2.85900796604972e-04
439	2.80502149262481e-04
440	2.89254785795114e-04
441	2.74231802095968e-04
442	2.58614806860561e-04
443	2.52428034591135e-04
444	2.81379110389351e-04
445	2.78947612915886e-04
446	2.76479388630198e-04
447	2.82285978205786e-04
448	2.73824901590032e-04
449	2.59598233873917e-04
450	2.48727464028340e-04
451	2.70124823601270e-04
452	2.92176742906497e-04
453	3.04151959763694e-04
454	3.09929511126552e-04
455	3.23519518521869e-04
456	3.24199382383145e-04
457	3.09504291813357e-04
458	2.93732525982691e-04
459	2.84798083399760e-04
460	2.74800768252614e-04
461	2.70916893632315e-04
462	2.74241094585156e-04
463	2.56712473423084e-04
464	2.41713347036014e-04
465	2.60774274675085e-04
466	2.69090600032534e-04
467	2.67322597789063e-04
468	2.86595935052139e-04
469	2.84584764560639e-04
470	2.90759969238806e-04
471	2.76242092415776e-04
472	2.69486125875520e-04
473	2.79977079739508e-04
474	2.77208233343032e-04
475	2.94951294930591e-04
476	3.02081162638657e-04
477	2.87553837670567e-04
478	2.95952581719624e-04
479	2.95113729192879e-04
480	2.95857763852699e-04
481	2.83607009762421e-04
482	2.72329492641071e-04
483	2.58792834800322e-04
484	2.67784123704077e-04
485	2.69013070385923e-04
486	2.51928801003808e-04
487	2.70815912527825e-04
488	2.81891782714954e-04
489	3.02858556647087e-04
490	3.13289000624769e-04
491	2.89344598169453e-04
492	2.92379693019751e-04
493	2.89877263129290e-04
494	2.81773806847446e-04
495	2.85367990405461e-04
496	2.90951142333986e-04
497	2.96734514613560e-04
498	2.94885204220461e-04
499	2.97470057286804e-04
