1	6.04377865830165e-05
2	7.54055798144989e-05
3	8.50982487120539e-05
4	9.23050136949259e-05
5	9.76924781782731e-05
6	1.01881031399031e-04
7	1.05788525665720e-04
8	1.08800351220575e-04
9	1.11490766912206e-04
10	1.13915855502788e-04
11	1.16125226857440e-04
12	1.17250747192910e-04
13	1.19173400918361e-04
14	1.20709544303493e-04
15	1.22024900406964e-04
16	1.23197057271502e-04
17	1.23343841367583e-04
18	1.24580063427439e-04
19	1.26618993555945e-04
20	1.26810434746177e-04
21	1.26553443984761e-04
22	1.29335517062390e-04
23	1.28504557718479e-04
24	1.29621830246896e-04
25	1.30241388425292e-04
26	1.30262245138155e-04
27	1.31595898432728e-04
28	1.31424910405437e-04
29	1.32399643007670e-04
30	1.34074547645709e-04
31	1.33299527777833e-04
32	1.33219057826698e-04
33	1.33433357934447e-04
34	1.35485446419584e-04
35	1.34881346475538e-04
36	1.34700967682676e-04
37	1.33894783808711e-04
38	1.36187359854818e-04
39	1.36407447636322e-04
40	1.36984529045349e-04
41	1.37390150470147e-04
42	1.37659315169185e-04
43	1.35759699591430e-04
44	1.37011659056747e-04
45	1.36616307581597e-04
46	1.37912311016062e-04
47	1.37854797556411e-04
48	1.37522835588903e-04
49	1.39217923792954e-04
50	1.40354725369608e-04
51	1.40790375680749e-04
52	1.40406441194166e-04
53	1.40023286549722e-04
54	1.39768474318824e-04
55	1.41235180824638e-04
56	1.39717526991544e-04
57	1.41076061237895e-04
58	1.39592884471406e-04
59	1.39287486474188e-04
60	1.40926852695089e-04
61	1.41006899850772e-04
62	1.42180826286464e-04
63	1.41127714227204e-04
64	1.40949795961834e-04
65	1.41596258598810e-04
66	1.43092796375365e-04
67	1.41603212792529e-04
68	1.44310027130167e-04
69	1.41725133295530e-04
70	1.40996104649524e-04
71	1.41765927835522e-04
72	1.42824512570573e-04
73	1.41555399722856e-04
74	1.41106032553891e-04
75	1.41666731546884e-04
76	1.44230209575950e-04
77	1.40935182304444e-04
78	1.43440686926292e-04
79	1.43394388043182e-04
80	1.44724844531178e-04
81	1.43041050744120e-04
82	1.43823169925629e-04
83	1.46730918830412e-04
84	1.43502335923781e-04
85	1.42825267183989e-04
86	1.43414428260213e-04
87	1.43008935007271e-04
88	1.43317091056152e-04
89	1.44266238460957e-04
90	1.44815599224260e-04
91	1.44861996540640e-04
92	1.42214909560503e-04
93	1.46398269602064e-04
94	1.45420622734798e-04
95	1.44429359171099e-04
96	1.43927142645332e-04
97	1.43789553873059e-04
98	1.43961379334237e-04
99	1.45250620918680e-04
100	1.44839241460664e-04
101	1.43804684543745e-04
102	1.42645816916579e-04
103	1.43685036650093e-04
104	1.42516841313554e-04
105	1.41737628789314e-04
106	1.44598794758052e-04
107	1.45524416137787e-04
108	1.47095107624219e-04
109	1.46679943799467e-04
110	1.46490155125024e-04
111	1.44781542846796e-04
112	1.45326498771025e-04
113	1.43820332485593e-04
114	1.45756448508968e-04
115	1.46637233100877e-04
116	1.44725268019743e-04
117	1.45305353211501e-04
118	1.44453647117517e-04
119	1.46272718453332e-04
120	1.46428954670217e-04
121	1.45801684126022e-04
122	1.47581324805362e-04
123	1.44366248204235e-04
124	1.42496410110403e-04
125	1.46851509473865e-04
126	1.49731308879677e-04
127	1.47399045267047e-04
128	1.46979568503344e-04
129	1.45393162497534e-04
130	1.49609542290076e-04
131	1.44389865119415e-04
132	1.46047985726821e-04
133	1.48886923460044e-04
134	1.49466249304645e-04
135	1.51246841131417e-04
136	1.49770622616941e-04
137	1.46756008426325e-04
138	1.46518879126760e-04
139	1.45718224032679e-04
140	1.47961338615598e-04
141	1.48614924006892e-04
142	1.47793403114040e-04
143	1.46341618899621e-04
144	1.46757738427264e-04
145	1.50298142997823e-04
146	1.47372141109100e-04
147	1.48312507457616e-04
148	1.49624570138388e-04
149	1.48452196199334e-04
150	1.49715276259573e-04
151	1.50654921409230e-04
152	1.49832220455499e-04
153	1.48608986928240e-04
154	1.48583868234196e-04
155	1.45742560520158e-04
156	1.46043080879755e-04
157	1.46779844868956e-04
158	1.51442510178500e-04
159	1.47932086980425e-04
160	1.48833824314857e-04
161	1.48480979414740e-04
162	1.49268086039970e-04
163	1.49563048413698e-04
164	1.47704962078100e-04
165	1.48275841339440e-04
166	1.53789736589833e-04
167	1.47456517957354e-04
168	1.49240212924481e-04
169	1.50431814193510e-04
170	1.47084204506137e-04
171	1.48139828772664e-04
172	1.47304372013322e-04
173	1.50521671740477e-04
174	1.48185308062554e-04
175	1.49308996925305e-04
176	1.50617413645049e-04
177	1.47991784098223e-04
178	1.50582372607450e-04
179	1.48226686849865e-04
180	1.51826942851013e-04
181	1.50934275455155e-04
182	1.50355068910657e-04
183	1.51941975196383e-04
184	1.49066604554945e-04
185	1.50776593492311e-04
186	1.50997350830542e-04
187	1.43870081420393e-04
188	1.49595680118333e-04
189	1.50505695283246e-04
190	1.52945558147501e-04
191	1.50422431848793e-04
192	1.49962407168917e-04
193	1.51615943709741e-04
194	1.50887788618973e-04
195	1.53832710753655e-04
196	1.49580545881882e-04
197	1.50458151171956e-04
198	1.51902155888945e-04
199	1.46271263535403e-04
200	1.47745654747003e-04
201	1.51898976386330e-04
202	1.50023332112999e-04
203	1.49650368482252e-04
204	1.51257357964899e-04
205	1.51007226074209e-04
206	1.51446001154369e-04
207	1.49668767791981e-04
208	1.45453466848098e-04
209	1.49924176781538e-04
210	1.48873251537165e-04
211	1.45672862498042e-04
212	1.44705898340459e-04
213	1.44194632040364e-04
214	1.52509191840439e-04
215	1.47020111673226e-04
216	1.48106304832959e-04
217	1.48001167054115e-04
218	1.50797621318917e-04
219	1.50990577119090e-04
220	1.50322909862932e-04
221	1.51484983206239e-04
222	1.51560721471770e-04
223	1.49342320676101e-04
224	1.51796698254059e-04
225	1.47208133779023e-04
226	1.46657568285267e-04
227	1.51395917233620e-04
228	1.51441689657952e-04
229	1.49477253026242e-04
230	1.46837537582160e-04
231	1.53037787997506e-04
232	1.52128798592720e-04
233	1.49790381430200e-04
234	1.52826303900371e-04
235	1.57331106307915e-04
236	1.51135570288544e-04
237	1.51487563513085e-04
238	1.46997758900284e-04
239	1.50140226563570e-04
240	1.47687312984731e-04
241	1.49464322781211e-04
242	1.50012882872727e-04
243	1.50638768134537e-04
244	1.53300821703497e-04
245	1.50643994256624e-04
246	1.45935221457280e-04
247	1.50610824639410e-04
248	1.46807527073697e-04
249	1.49721696515222e-04
250	1.49505192989787e-04
251	1.55003281159454e-04
252	1.53267755959995e-04
253	1.48830171630827e-04
254	1.52196565049004e-04
255	1.52457555729601e-04
256	1.50579278177147e-04
257	1.56593476696302e-04
258	1.49157957244283e-04
259	1.52826531344001e-04
260	1.47789097497254e-04
261	1.46804322593478e-04
262	1.48427430723600e-04
263	1.48510228818448e-04
264	1.47680091338757e-04
265	1.46299980505541e-04
266	1.47926550695178e-04
267	1.53197649764820e-04
268	1.51047824165465e-04
269	1.54797769406183e-04
270	1.57612208203909e-04
271	1.52118344627441e-04
272	1.49263025856549e-04
273	1.52633708320542e-04
274	1.43424502874236e-04
275	1.56228020938668e-04
276	1.47998930234131e-04
277	1.50998891406596e-04
278	1.53067148757793e-04
279	1.54963480833325e-04
280	1.51034222822441e-04
281	1.54175084734340e-04
282	1.59099544164567e-04
283	1.48045213389612e-04
284	1.50754624727517e-04
285	1.47230237972056e-04
286	1.52377805433025e-04
287	1.51784625801337e-04
288	1.51372070684998e-04
289	1.54057045526714e-04
290	1.50087726988541e-04
291	1.49790452658009e-04
292	1.55800497883846e-04
293	1.56745029133181e-04
294	1.50493618498577e-04
295	1.53121011949221e-04
296	1.53601816157025e-04
297	1.51135233575549e-04
298	1.54157624177793e-04
299	1.54684347620272e-04
300	1.56178604602807e-04
301	1.53467039246630e-04
302	1.53238519984352e-04
303	1.48158027610145e-04
304	1.52994072270358e-04
305	1.57062994319928e-04
306	1.51942002916937e-04
307	1.48090270631213e-04
308	1.51745546304218e-04
309	1.51297817141295e-04
310	1.50435361810504e-04
311	1.55690402925891e-04
312	1.51980279164733e-04
313	1.49312453743239e-04
314	1.46525372599147e-04
315	1.52763891169279e-04
316	1.51957714913184e-04
317	1.52567179237753e-04
318	1.50877775391538e-04
319	1.48515383228815e-04
320	1.51877808145898e-04
321	1.47577707319604e-04
322	1.48889694278562e-04
323	1.52655148839188e-04
324	1.51949769923776e-04
325	1.50627842880938e-04
326	1.47174864774540e-04
327	1.49922656878086e-04
328	1.50053408024582e-04
329	1.50872373954092e-04
330	1.53030646388945e-04
331	1.47460800472529e-04
332	1.57076614192509e-04
333	1.50431881427027e-04
334	1.47315993769427e-04
335	1.52603286823283e-04
336	1.48769311129901e-04
337	1.47248991240344e-04
338	1.53220298833976e-04
339	1.45092952894228e-04
340	1.50580057407434e-04
341	1.49888018326163e-04
342	1.48191402437903e-04
343	1.47642117024548e-04
344	1.50807567740487e-04
345	1.50479492728042e-04
346	1.47016769945673e-04
347	1.52633275449562e-04
348	1.52535027706302e-04
349	1.51862664995915e-04
350	1.46689997186782e-04
351	1.51490491197645e-04
352	1.51286241672709e-04
353	1.47259872554209e-04
354	1.50181047529177e-04
355	1.49172723667681e-04
356	1.52046822440520e-04
357	1.47904848116969e-04
358	1.54508640416165e-04
359	1.48359843239114e-04
360	1.50398199053479e-04
361	1.54498305233461e-04
362	1.53710502746248e-04
363	1.45272642105170e-04
364	1.55171037657206e-04
365	1.41284810295390e-04
366	1.53619063685020e-04
367	1.55019416587833e-04
368	1.55374174874004e-04
369	1.46843290562706e-04
370	1.50387774173477e-04
371	1.48793659173680e-04
372	1.45890100275107e-04
373	1.53094402210403e-04
374	1.46445719730527e-04
375	1.43474948719338e-04
376	1.49986283699785e-04
377	1.49995527615548e-04
378	1.52860706655666e-04
379	1.43518079046449e-04
380	1.54517768207237e-04
381	1.45558112521439e-04
382	1.47270616190219e-04
383	1.45520367264512e-04
384	1.47854691004668e-04
385	1.51978277074881e-04
386	1.55960903333522e-04
387	1.55849058836978e-04
388	1.46618336699433e-04
389	1.44803016927231e-04
390	1.53964125115808e-04
391	1.57218752340187e-04
392	1.46884421924127e-04
393	1.48636366668877e-04
394	1.54263475082334e-04
395	1.50849220736612e-04
396	1.43962366558525e-04
397	1.49702903873598e-04
398	1.52766495034752e-04
399	1.44865077145664e-04
400	1.49499925956668e-04
401	1.55840862595240e-04
402	1.52708987501188e-04
403	1.42545756255043e-04
404	1.52558223897029e-04
405	1.48930899511294e-04
406	1.45421403368350e-04
407	1.50978774070731e-04
408	1.48580662549782e-04
409	1.52580025305800e-04
410	1.45470535327432e-04
411	1.53496266728248e-04
412	1.45091794762629e-04
413	1.45858786541516e-04
414	1.48732395902852e-04
415	1.51014986005408e-04
416	1.49904331654323e-04
417	1.53062504868383e-04
418	1.44743384603622e-04
419	1.47830416958897e-04
420	1.52730380018194e-04
421	1.42424000317896e-04
422	1.48047857155249e-04
423	1.48495695716118e-04
424	1.49634591547201e-04
425	1.47265003141365e-04
426	1.39412518642343e-04
427	1.53049803685436e-04
428	1.46240271961030e-04
429	1.46931769778495e-04
430	1.49125193487063e-04
431	1.50792618464426e-04
432	1.44564605768483e-04
433	1.47857686047536e-04
434	1.44304322987174e-04
435	1.55401672893909e-04
436	1.46864906286873e-04
437	1.47556843866730e-04
438	1.47133660036052e-04
439	1.46369364974017e-04
440	1.49623542327749e-04
441	1.52135868611078e-04
442	1.44579771170027e-04
443	1.50749574371404e-04
444	1.47644748412815e-04
445	1.54359371881828e-04
446	1.44017571990866e-04
447	1.52239122667984e-04
448	1.47827741271936e-04
449	1.48383164491113e-04
450	1.45035446570927e-04
451	1.44192925063244e-04
452	1.49791135286946e-04
453	1.55156924514596e-04
454	1.53501539229542e-04
455	1.49822570756493e-04
456	1.45049072632644e-04
457	1.48275735113980e-04
458	1.50040959695529e-04
459	1.49135769511089e-04
460	1.43957974129157e-04
461	1.45506518671099e-04
462	1.53772285219626e-04
463	1.45422142369677e-04
464	1.50619129722309e-04
465	1.50049435125979e-04
466	1.46295381314605e-04
467	1.53537757495170e-04
468	1.51966761659165e-04
469	1.52825314303009e-04
470	1.49074036837696e-04
471	1.48658257287027e-04
472	1.50150289142996e-04
473	1.46405581278642e-04
474	1.46083014681736e-04
475	1.51535921817667e-04
476	1.42188715558842e-04
477	1.50966832301489e-04
478	1.50225985826414e-04
479	1.48799214433477e-04
480	1.40696650578046e-04
481	1.49768117870669e-04
482	1.50006174065732e-04
483	1.54429124105357e-04
484	1.42149418090901e-04
485	1.48326037017831e-04
486	1.42378047489238e-04
487	1.53098367309739e-04
488	1.49662978227297e-04
489	1.49819510610543e-04
490	1.46631561307852e-04
491	1.51776576312623e-04
492	1.41955086350050e-04
493	1.49827398010435e-04
494	1.47756232647670e-04
495	1.48528816910601e-04
496	1.43029595013666e-04
497	1.43513018844339e-04
498	1.52748884166232e-04
499	1.44276908080660e-04
