1	3.82854349138412e-08
2	4.82805392616777e-08
3	5.44956357803630e-08
4	5.89288520767259e-08
5	6.25418772941670e-08
6	6.52780395955961e-08
7	6.75323485945118e-08
8	6.86853998768406e-08
9	7.11261265940355e-08
10	7.23641763887089e-08
11	7.37385660207198e-08
12	7.38766908342698e-08
13	7.46300322333694e-08
14	7.68643338843988e-08
15	7.59956518448516e-08
16	7.68596302120582e-08
17	7.77865631030032e-08
18	7.90329004928630e-08
19	7.80198848844238e-08
20	7.86373799497965e-08
21	7.98435557071579e-08
22	8.05636473852528e-08
23	8.14270094231666e-08
24	8.02014176532892e-08
25	8.25056438589335e-08
26	8.14834990001877e-08
27	8.22884060747586e-08
28	8.21092799227151e-08
29	8.20584930114686e-08
30	8.16722296906141e-08
31	8.30210841311049e-08
32	8.38863889844173e-08
33	8.56465164431533e-08
34	8.56551324793886e-08
35	8.32200486960660e-08
36	8.38804907181129e-08
37	8.42767235742254e-08
38	8.41349339547955e-08
39	8.49411015921265e-08
40	8.37922600827900e-08
41	8.57175649828541e-08
42	8.46423106341188e-08
43	8.55355734022496e-08
44	8.60184578226975e-08
45	8.52258900191411e-08
46	8.47116030206452e-08
47	8.45521745181326e-08
48	8.63665340347125e-08
49	8.85441433279987e-08
50	8.66772551095474e-08
51	8.54271923679015e-08
52	8.75029176061154e-08
53	8.88877484163884e-08
54	8.71144070803517e-08
55	8.76526370372045e-08
56	8.97067305630128e-08
57	8.78520383386526e-08
58	8.68806841318179e-08
59	8.79145212218989e-08
60	8.63703540589445e-08
61	8.98019361147465e-08
62	9.05926723250979e-08
63	8.78054846248006e-08
64	8.77777676730301e-08
65	8.91717003431198e-08
66	9.00639664006717e-08
67	8.82031183018009e-08
68	8.61639234791374e-08
69	8.57469943630471e-08
70	8.42653217603203e-08
71	8.63435751938573e-08
72	8.97892543445968e-08
73	8.78803333162621e-08
74	8.81414978978462e-08
75	8.92533815906785e-08
76	8.75889894585897e-08
77	8.67410415663526e-08
78	9.19416652602054e-08
79	9.22407556561869e-08
80	8.60690472833565e-08
81	8.96927586291197e-08
82	8.93182162064265e-08
83	9.10902467646820e-08
84	8.93843316226501e-08
85	9.19424947263436e-08
86	9.06487041308150e-08
87	8.76557614343997e-08
88	8.91019577338840e-08
89	8.92386520422111e-08
90	9.05873196978707e-08
91	9.00082998683901e-08
92	8.69368223065892e-08
93	8.52749921627599e-08
94	8.82684913477489e-08
95	9.08459409025857e-08
96	8.97086750440859e-08
97	9.07608599739935e-08
98	8.73240603556813e-08
99	8.95766992707672e-08
100	9.17528342552076e-08
101	8.88222793334283e-08
102	8.82951481264395e-08
103	8.68778967547462e-08
104	9.51133528049644e-08
105	9.13512604210963e-08
106	9.27118914862132e-08
107	8.93728481475931e-08
108	9.03191102271305e-08
109	9.28418459039728e-08
110	8.99646192649255e-08
111	9.20355091901531e-08
112	8.97091657025722e-08
113	8.98114572270878e-08
114	9.21326076368706e-08
115	8.66763944468099e-08
116	8.87439267063229e-08
117	8.44045074869924e-08
118	9.29570560211423e-08
119	9.40828698563429e-08
120	8.68849317683764e-08
121	9.38150837163881e-08
122	9.07921064041921e-08
123	9.39369170584849e-08
124	9.18548106316960e-08
125	8.88961015433203e-08
126	8.78995443219949e-08
127	9.61974571901201e-08
128	8.94895276153570e-08
129	9.60172272795116e-08
130	9.41158457502402e-08
131	9.29318721330142e-08
132	8.77080661759769e-08
133	9.45096966055533e-08
134	9.36994762489144e-08
135	8.95336072744948e-08
136	9.06378092177876e-08
137	8.91289189358226e-08
138	8.79833194855976e-08
139	8.92311302167649e-08
140	8.69658569984753e-08
141	8.73889884962932e-08
142	8.60584871743759e-08
143	8.16672104354525e-08
144	9.29675440254908e-08
145	9.28483148203350e-08
146	8.66778772790677e-08
147	9.29784699567550e-08
148	8.91679229951577e-08
149	9.06298155782083e-08
150	9.38020438546075e-08
151	9.09889081123572e-08
152	8.80213663137263e-08
153	8.93513475214812e-08
154	9.20466088649550e-08
155	8.84305456397513e-08
156	9.78809432489496e-08
157	9.06175232843040e-08
158	9.23852203165699e-08
159	8.75375588228776e-08
160	9.12410176033891e-08
161	9.11073397444738e-08
162	8.77543351411116e-08
163	9.09132131144529e-08
164	8.82097179281906e-08
165	9.44175112153866e-08
166	9.06111283946047e-08
167	8.76675653151186e-08
168	9.60287665362652e-08
169	8.95382204664793e-08
170	9.47910311018235e-08
171	9.31050862321287e-08
172	9.34357515548917e-08
173	8.96259671108392e-08
174	8.81440920440913e-08
175	9.45345004703818e-08
176	9.27149055356163e-08
177	8.84863040547340e-08
178	9.38273947191715e-08
179	9.57855981951263e-08
180	9.18736307239927e-08
181	8.62745664395263e-08
182	9.00110141142810e-08
183	9.25192467576774e-08
184	9.53445263777640e-08
185	8.87249777257901e-08
186	9.39654308837880e-08
187	8.79135286807674e-08
188	9.02274121321091e-08
189	9.49847600413822e-08
190	9.23195050826996e-08
191	8.76054401511022e-08
192	8.82317437838228e-08
193	9.61085555960801e-08
194	9.52603075597583e-08
195	9.56691666653844e-08
196	9.16799103201589e-08
197	9.15514098450066e-08
198	9.12277753472204e-08
199	8.85908454247754e-08
200	9.85618815314220e-08
201	8.69236635817522e-08
202	9.01928402387326e-08
203	1.00304020787385e-07
204	9.54522118830790e-08
205	8.81936405069003e-08
206	8.97684047381133e-08
207	9.43824929728176e-08
208	9.65325637521142e-08
209	9.02852361125895e-08
210	8.99602364984311e-08
211	9.62692130031545e-08
212	9.44906343617468e-08
213	9.22836960828962e-08
214	9.18207837192042e-08
215	9.52388370411235e-08
216	1.00778504332537e-07
217	9.25299551470495e-08
218	9.36747400295272e-08
219	8.88865225982550e-08
220	9.40377535607931e-08
221	9.21596310383341e-08
222	9.47356962915976e-08
223	9.46100423061638e-08
224	9.13876223191636e-08
225	9.47166767018973e-08
226	8.49724543985807e-08
227	9.19868850944234e-08
228	9.71941826744396e-08
229	9.98120352819955e-08
230	9.43502054053657e-08
231	9.37250070337054e-08
232	9.52189259485122e-08
233	9.88958827818762e-08
234	8.98751433029336e-08
235	9.38009008050070e-08
236	9.71205150377856e-08
237	9.27573331400661e-08
238	8.65831054093210e-08
239	8.86232919992853e-08
240	9.78921208822194e-08
241	9.62351325169636e-08
242	9.91577199431446e-08
243	9.54987091163070e-08
244	9.62366542627662e-08
245	8.65505797189974e-08
246	9.46343744048759e-08
247	9.13578676123429e-08
248	9.82564736280073e-08
249	9.55916254355495e-08
250	9.36654693802364e-08
251	8.99275119232991e-08
252	8.93414292743802e-08
253	9.14442911592293e-08
254	9.22502387950731e-08
255	9.13810758157374e-08
256	9.32087156111375e-08
257	8.93317731484982e-08
258	1.03323313909757e-07
259	9.28533818373893e-08
260	1.00970341355784e-07
261	9.20785587171499e-08
262	8.96314804550115e-08
263	8.75428067683578e-08
264	9.80297230391331e-08
265	9.40343349491475e-08
266	1.03659378497162e-07
267	9.95815638536754e-08
268	9.16368903887951e-08
269	8.53919544731265e-08
270	8.92872273046650e-08
271	9.28902074012911e-08
272	9.77103725049055e-08
273	9.37886352130314e-08
274	8.90619562149033e-08
275	9.87330116760832e-08
276	9.42928178217165e-08
277	9.78456357390816e-08
278	9.15592042460110e-08
279	9.10909591486915e-08
280	9.65307344433378e-08
281	9.37166210423331e-08
282	9.09393110654804e-08
283	9.30358797471426e-08
284	9.71730979190828e-08
285	1.02791754619613e-07
286	9.41239555617966e-08
287	9.11156027422306e-08
288	8.74081038008563e-08
289	8.95922888241568e-08
290	9.11684114705852e-08
291	8.89136700704512e-08
292	9.14497388348545e-08
293	1.00626530808585e-07
294	9.84066403155797e-08
295	9.38088010727208e-08
296	9.02718836491564e-08
297	9.66582340854421e-08
298	9.22988939378491e-08
299	8.51206264198431e-08
300	9.65272301603618e-08
301	9.58583670769505e-08
302	9.72245509360689e-08
303	9.61489938787974e-08
304	8.52083305674399e-08
305	9.37944191845129e-08
306	9.39506209793262e-08
307	9.88082572372114e-08
308	9.70882876618683e-08
309	8.87134690408232e-08
310	8.52574367793118e-08
311	9.10751317079287e-08
312	1.02805526632729e-07
313	9.51396693912197e-08
314	9.35724371098041e-08
315	8.62476643348380e-08
316	8.06926473461384e-08
317	9.33856185495688e-08
318	9.64901977070809e-08
319	9.45969946031176e-08
320	9.43091605092382e-08
321	9.31844601206012e-08
322	9.18395871105253e-08
323	9.22695300310015e-08
324	8.93738735171561e-08
325	9.19441418640990e-08
326	8.69056353535638e-08
327	9.47732245651140e-08
328	9.46943519167617e-08
329	9.80663453519131e-08
330	9.67597087113911e-08
331	1.00554423472261e-07
332	9.75828054618359e-08
333	1.02327665714892e-07
334	9.61736575350815e-08
335	9.66385607542941e-08
336	8.77848306727383e-08
337	8.87552342837839e-08
338	9.12046567289726e-08
339	8.80992134557345e-08
340	9.31751791559564e-08
341	8.84785891994323e-08
342	8.99610098116296e-08
343	9.24305100426857e-08
344	1.00083414639208e-07
345	1.02458981178202e-07
346	9.97207714097029e-08
347	1.02886015336793e-07
348	9.59814332874994e-08
349	8.80454152242405e-08
350	8.86924104422887e-08
351	8.83956796653040e-08
352	9.25991827101784e-08
353	9.49691825907681e-08
354	9.15560267415242e-08
355	8.58222112560106e-08
356	9.30611342275276e-08
357	8.90247638332646e-08
358	9.14551962354067e-08
359	9.30053168413153e-08
360	9.66219231235526e-08
361	9.41793178170044e-08
362	9.29941813378859e-08
363	1.00400744874010e-07
364	9.87811416598837e-08
365	9.54652387286242e-08
366	1.03947377972816e-07
367	9.57440948937269e-08
368	9.21848624973265e-08
369	8.94276847707317e-08
370	8.55574270847249e-08
371	8.42805690674660e-08
372	8.67680532043760e-08
373	8.50942790291060e-08
374	8.97897007542766e-08
375	9.11515413422207e-08
376	9.29777737006979e-08
377	9.32388189549099e-08
378	9.47891402447275e-08
379	9.55575812608781e-08
380	9.00152196814496e-08
381	8.84064296335265e-08
382	8.71905062886952e-08
383	8.80604299284948e-08
384	8.62750354502272e-08
385	8.53456819000148e-08
386	9.31973174497657e-08
387	9.77345524057501e-08
388	9.37316815375844e-08
389	9.01730808710021e-08
390	9.04899271994817e-08
391	8.79154256851604e-08
392	8.84630299893606e-08
393	9.51910115630326e-08
394	9.32914517860923e-08
395	1.00481252788930e-07
396	9.63294686214143e-08
397	8.65594422791667e-08
398	8.55158471290912e-08
399	9.00562559931346e-08
400	8.62383979362067e-08
401	8.57303467621715e-08
402	8.84445129732690e-08
403	8.76946968704662e-08
404	9.17582360977674e-08
405	9.32474720722917e-08
406	9.96895863316201e-08
407	9.50075397508751e-08
408	9.02560531421736e-08
409	8.80542849764789e-08
410	8.41500409411574e-08
411	8.40935418866284e-08
412	9.04561675830268e-08
413	9.42970871784040e-08
414	9.47538212647711e-08
415	9.08335671938089e-08
416	9.71991049256605e-08
417	8.84366986455639e-08
418	8.88612017699445e-08
419	8.99156534668556e-08
420	8.95247516053480e-08
421	9.23870175096854e-08
422	9.75616699827208e-08
423	1.02239203545698e-07
424	1.03134364079783e-07
425	1.04050777256945e-07
426	9.71062664061514e-08
427	9.18856538578419e-08
428	8.32005314713362e-08
429	7.83604818368988e-08
430	7.74410031126272e-08
431	8.35319958864448e-08
432	7.86133773598725e-08
433	8.51425214049613e-08
434	9.47764617825233e-08
435	9.23445179500287e-08
436	9.80991990019658e-08
437	9.55177683060692e-08
438	9.21249940356110e-08
439	9.55136439679440e-08
440	9.68193565498390e-08
441	9.49904549356130e-08
442	9.07264037701549e-08
443	8.98148521566009e-08
444	9.05057998820839e-08
445	8.78271499757387e-08
446	8.81165064707060e-08
447	8.60782011084109e-08
448	8.64519797926780e-08
449	9.18356200143797e-08
450	9.50691104969694e-08
451	8.89657762544573e-08
452	8.63791757815940e-08
453	8.77266238927921e-08
454	9.13125167442648e-08
455	9.50219456800680e-08
456	9.20374832978734e-08
457	8.92980968370028e-08
458	8.95830942397652e-08
459	8.60438649968381e-08
460	8.51871979204140e-08
461	8.46188114153597e-08
462	8.28218831647546e-08
463	8.63962530957414e-08
464	7.75950380631732e-08
465	8.33774323728549e-08
466	9.42710449476915e-08
467	9.81689192439961e-08
468	9.31477351839716e-08
469	9.12435949949202e-08
470	9.25610816154478e-08
471	9.65522101207301e-08
472	9.62569927920082e-08
473	9.78881825322697e-08
474	9.65571170476875e-08
475	9.10518424326664e-08
476	8.76217617534271e-08
477	9.16400774276427e-08
478	8.44022259945163e-08
479	8.82419586006751e-08
480	8.92438382613671e-08
481	8.91969229693402e-08
482	9.12115328084628e-08
483	8.87253712972568e-08
484	9.03406001842757e-08
485	9.35199065860570e-08
486	8.79241408250216e-08
487	8.90634612337746e-08
488	8.60964203700568e-08
489	8.60741000220651e-08
490	8.34855539895175e-08
491	8.79382773274217e-08
492	8.93519722307430e-08
493	8.17335044679376e-08
494	8.70880359567486e-08
495	8.43004188867874e-08
496	8.92935993014899e-08
497	8.65573302919244e-08
498	9.05096264074838e-08
499	9.38684945424334e-08
