1	6.28626152213762e-05
2	7.82397750971282e-05
3	8.80108844153692e-05
4	9.46180347544681e-05
5	9.99108917522237e-05
6	1.03656064387456e-04
7	1.07029812237652e-04
8	1.09505081066956e-04
9	1.11589643713971e-04
10	1.12948005555090e-04
11	1.14878982547917e-04
12	1.16311055994826e-04
13	1.17761276319330e-04
14	1.18188548031375e-04
15	1.19445601611728e-04
16	1.19952843246445e-04
17	1.20996227192997e-04
18	1.21166934414801e-04
19	1.21431642871226e-04
20	1.22976748905459e-04
21	1.23559838044932e-04
22	1.24328389350713e-04
23	1.24199059261429e-04
24	1.23923726283670e-04
25	1.23625922562659e-04
26	1.24679131395512e-04
27	1.24529660406434e-04
28	1.26113389218506e-04
29	1.25148025141005e-04
30	1.26134802837835e-04
31	1.26463843433549e-04
32	1.26098443570227e-04
33	1.26750055328903e-04
34	1.27267041358931e-04
35	1.27602266607481e-04
36	1.27709984638726e-04
37	1.27269043069480e-04
38	1.26537050268249e-04
39	1.26311966585643e-04
40	1.27732627809931e-04
41	1.28211826892478e-04
42	1.28236910391724e-04
43	1.28050984841768e-04
44	1.27890644196668e-04
45	1.30207328189241e-04
46	1.26750701275167e-04
47	1.28018295614696e-04
48	1.30362856443951e-04
49	1.29217471918922e-04
50	1.27403511863397e-04
51	1.27560721968368e-04
52	1.27485185782333e-04
53	1.29153032056948e-04
54	1.28985698095975e-04
55	1.30091351831813e-04
56	1.29446127801429e-04
57	1.30297488610786e-04
58	1.28973056220125e-04
59	1.30033885658304e-04
60	1.29001283875679e-04
61	1.30362587567311e-04
62	1.29478124403468e-04
63	1.29896850824023e-04
64	1.29220873989138e-04
65	1.29291216844520e-04
66	1.31767214311273e-04
67	1.31096957088748e-04
68	1.31286614210512e-04
69	1.30145892625925e-04
70	1.30246858215828e-04
71	1.30722403629053e-04
72	1.31907393716478e-04
73	1.32059093674848e-04
74	1.31283207197753e-04
75	1.31104591616741e-04
76	1.30820010203544e-04
77	1.32408432066915e-04
78	1.31567547227796e-04
79	1.30818678140181e-04
80	1.32255660967729e-04
81	1.31851608490406e-04
82	1.31852927474270e-04
83	1.31080588211281e-04
84	1.32177986191282e-04
85	1.31545530985614e-04
86	1.34763510569978e-04
87	1.32735842936839e-04
88	1.30246722256303e-04
89	1.32668863052840e-04
90	1.33973030407530e-04
91	1.32308634096000e-04
92	1.33994184499718e-04
93	1.31659313003093e-04
94	1.30276852406274e-04
95	1.32950136837279e-04
96	1.32759334018652e-04
97	1.32695184481604e-04
98	1.32662985865787e-04
99	1.32174948483566e-04
100	1.31889269378787e-04
101	1.31517618253033e-04
102	1.31179833687537e-04
103	1.32081159556817e-04
104	1.33412490181318e-04
105	1.34259521191943e-04
106	1.32401728044194e-04
107	1.33005393858705e-04
108	1.32742166098500e-04
109	1.33379379410427e-04
110	1.32036757265604e-04
111	1.34678609646411e-04
112	1.33071276656172e-04
113	1.33547898254189e-04
114	1.31495489956797e-04
115	1.34260120582083e-04
116	1.33910074807003e-04
117	1.31019585535389e-04
118	1.33860621683940e-04
119	1.32737941580370e-04
120	1.32864983922976e-04
121	1.37720093702506e-04
122	1.35381243316792e-04
123	1.32778347567910e-04
124	1.33520101005294e-04
125	1.33523000342334e-04
126	1.32220174910239e-04
127	1.34086348315683e-04
128	1.33534529025390e-04
129	1.36295999679570e-04
130	1.30967306125339e-04
131	1.33745646059299e-04
132	1.33834859537663e-04
133	1.35331064323632e-04
134	1.33123987130219e-04
135	1.32619106720851e-04
136	1.35133327670797e-04
137	1.31514816709672e-04
138	1.32984308753239e-04
139	1.36504580728856e-04
140	1.32839957497391e-04
141	1.33671368827121e-04
142	1.33959882996794e-04
143	1.34322689700519e-04
144	1.34823965226667e-04
145	1.33165736865825e-04
146	1.33832880334839e-04
147	1.35479972671643e-04
148	1.33331060209274e-04
149	1.32277829605681e-04
150	1.35345744651007e-04
151	1.31402835568731e-04
152	1.34234536118203e-04
153	1.34320266991602e-04
154	1.38732553936087e-04
155	1.35958966699549e-04
156	1.32523406360369e-04
157	1.32998077633894e-04
158	1.33016968531700e-04
159	1.36738094090219e-04
160	1.34354341955702e-04
161	1.36730638919936e-04
162	1.33436275663106e-04
163	1.34215659671595e-04
164	1.37260030719876e-04
165	1.35217141897144e-04
166	1.36463457703708e-04
167	1.37224778935394e-04
168	1.36056520699323e-04
169	1.36936668151647e-04
170	1.35244442823381e-04
171	1.33173435251782e-04
172	1.40067097707940e-04
173	1.33965593541872e-04
174	1.37556349492210e-04
175	1.37204634884141e-04
176	1.30910961573068e-04
177	1.36760675636191e-04
178	1.37147705150612e-04
179	1.35441484085087e-04
180	1.39496501665664e-04
181	1.33898352212021e-04
182	1.34137183885044e-04
183	1.34591456419709e-04
184	1.35281308618227e-04
185	1.34105443399797e-04
186	1.36160690383426e-04
187	1.34877225920973e-04
188	1.33334296802162e-04
189	1.34820109402226e-04
190	1.37053383143124e-04
191	1.40575628549349e-04
192	1.33851070492720e-04
193	1.35853716859641e-04
194	1.34419522785713e-04
195	1.34796443572204e-04
196	1.37859919440262e-04
197	1.35445710580147e-04
198	1.33616451501243e-04
199	1.31298442167591e-04
200	1.36219472773092e-04
201	1.35030153473757e-04
202	1.31965353967466e-04
203	1.34962494472591e-04
204	1.32604526575613e-04
205	1.33870252858419e-04
206	1.37259890655581e-04
207	1.33641052818103e-04
208	1.37025796933201e-04
209	1.37995726841820e-04
210	1.34117096074535e-04
211	1.35128715981253e-04
212	1.35411497491739e-04
213	1.34896950172481e-04
214	1.36031640434574e-04
215	1.35346305821135e-04
216	1.37032852587716e-04
217	1.36265716493997e-04
218	1.36240239032337e-04
219	1.32129050327820e-04
220	1.36371668694976e-04
221	1.35286536074515e-04
222	1.37890807925502e-04
223	1.36521172658240e-04
224	1.36589168498632e-04
225	1.35258497191115e-04
226	1.38215323716007e-04
227	1.36942362829203e-04
228	1.33690260041669e-04
229	1.33715083599794e-04
230	1.40766135478271e-04
231	1.33467837858237e-04
232	1.35995638281475e-04
233	1.35324736174320e-04
234	1.36173896264424e-04
235	1.38450841435305e-04
236	1.35233293217194e-04
237	1.33273189134378e-04
238	1.39056246072336e-04
239	1.36380633570863e-04
240	1.35887207677847e-04
241	1.38949070832320e-04
242	1.35749389492173e-04
243	1.36956565039589e-04
244	1.37044965398533e-04
245	1.31341924609790e-04
246	1.39225008190858e-04
247	1.36722096682254e-04
248	1.29823458679381e-04
249	1.36455314252284e-04
250	1.35537299662160e-04
251	1.36280523411230e-04
252	1.37929800176653e-04
253	1.37950718879331e-04
254	1.39073909091149e-04
255	1.35530830996277e-04
256	1.40576947377249e-04
257	1.37218180499397e-04
258	1.39676030448475e-04
259	1.30727135616449e-04
260	1.37035550651621e-04
261	1.39522081269551e-04
262	1.34922058222631e-04
263	1.38502478392744e-04
264	1.34432464580787e-04
265	1.40076355388857e-04
266	1.33390848188718e-04
267	1.37825164737964e-04
268	1.37960835844327e-04
269	1.38902017916176e-04
270	1.36089411751729e-04
271	1.38706146075187e-04
272	1.37645947203620e-04
273	1.32917928732446e-04
274	1.33298406396100e-04
275	1.34288129763075e-04
276	1.39258707134726e-04
277	1.37707338982880e-04
278	1.36648525289888e-04
279	1.37449325942759e-04
280	1.43219558206129e-04
281	1.35140319436774e-04
282	1.33085544263865e-04
283	1.34843311113235e-04
284	1.39730840268380e-04
285	1.33922485972097e-04
286	1.39703962592959e-04
287	1.41290496343426e-04
288	1.42894979787045e-04
289	1.37323456107896e-04
290	1.34369541023218e-04
291	1.37544679230548e-04
292	1.36076674348430e-04
293	1.34280449888223e-04
294	1.37058343905340e-04
295	1.38827929185864e-04
296	1.36749093844966e-04
297	1.35322199138841e-04
298	1.34721793160902e-04
299	1.35205562296802e-04
300	1.39790986216223e-04
301	1.41180946194790e-04
302	1.32492867512155e-04
303	1.31519149539392e-04
304	1.37596914728880e-04
305	1.41825594625746e-04
306	1.38457440206081e-04
307	1.37166571847330e-04
308	1.40677271963443e-04
309	1.36969679818850e-04
310	1.35845496394192e-04
311	1.36930981730092e-04
312	1.38105065352595e-04
313	1.39967384217796e-04
314	1.36000603029795e-04
315	1.36991270077614e-04
316	1.39250325573260e-04
317	1.36120759920245e-04
318	1.39268708696965e-04
319	1.36835899010116e-04
320	1.39436338716236e-04
321	1.38032350154319e-04
322	1.41573129017945e-04
323	1.33694848754552e-04
324	1.33857813863947e-04
325	1.34449495343704e-04
326	1.38265657608734e-04
327	1.37327600078490e-04
328	1.38250286281392e-04
329	1.35253768538567e-04
330	1.34704267019744e-04
331	1.37202119033504e-04
332	1.37564287752968e-04
333	1.39142266918158e-04
334	1.35020044184920e-04
335	1.37980728831543e-04
336	1.36112078500584e-04
337	1.36977181282882e-04
338	1.37219140982131e-04
339	1.41089577331582e-04
340	1.38667664622599e-04
341	1.38378312831299e-04
342	1.36144500977731e-04
343	1.38470531745372e-04
344	1.38762244107878e-04
345	1.41983719585031e-04
346	1.42555760714629e-04
347	1.37105125975879e-04
348	1.38899972177567e-04
349	1.39656027851791e-04
350	1.38595409453847e-04
351	1.31495462544879e-04
352	1.36873991669746e-04
353	1.35274442531210e-04
354	1.40388168425773e-04
355	1.32520793648069e-04
356	1.40365798194469e-04
357	1.32853719681444e-04
358	1.35718075706209e-04
359	1.32576864318667e-04
360	1.39715389235079e-04
361	1.38108157776920e-04
362	1.39585626296202e-04
363	1.40311565946079e-04
364	1.42329148853059e-04
365	1.31283667357461e-04
366	1.39026626786476e-04
367	1.37755117196316e-04
368	1.38707483055087e-04
369	1.35487648117339e-04
370	1.37247564606598e-04
371	1.34829594152638e-04
372	1.35616336831652e-04
373	1.34410633212493e-04
374	1.39769503623500e-04
375	1.34335992180361e-04
376	1.36672682346033e-04
377	1.37606438330310e-04
378	1.38586927875361e-04
379	1.42091848747037e-04
380	1.35056291763739e-04
381	1.35851033581464e-04
382	1.35148560138296e-04
383	1.39931469164879e-04
384	1.34802091568086e-04
385	1.36957572974492e-04
386	1.40151027269952e-04
387	1.40916477965925e-04
388	1.37266075423136e-04
389	1.36509345725140e-04
390	1.30887748641530e-04
391	1.42046868353185e-04
392	1.39290301497107e-04
393	1.36877565584334e-04
394	1.37867973324173e-04
395	1.39519993845776e-04
396	1.38512905461310e-04
397	1.41496249442137e-04
398	1.32062131508228e-04
399	1.42899865962518e-04
400	1.39518305810043e-04
401	1.39471827347293e-04
402	1.32793298535899e-04
403	1.39067325890019e-04
404	1.36456612023445e-04
405	1.31655886269734e-04
406	1.38216175787958e-04
407	1.33007531030421e-04
408	1.33918159706308e-04
409	1.38878283217409e-04
410	1.38454675787374e-04
411	1.34874092325345e-04
412	1.32603793650002e-04
413	1.38320541314626e-04
414	1.37580264645937e-04
415	1.39962130411105e-04
416	1.35700881565515e-04
417	1.39462675703783e-04
418	1.37572677958122e-04
419	1.39585176879056e-04
420	1.35572328343365e-04
421	1.40739194259949e-04
422	1.34072072200908e-04
423	1.38771979235967e-04
424	1.38941549294487e-04
425	1.33707190425829e-04
426	1.37179830582650e-04
427	1.37955757270451e-04
428	1.42511616111930e-04
429	1.40222634159598e-04
430	1.40488781109939e-04
431	1.38480279553334e-04
432	1.34535154260092e-04
433	1.35970733046288e-04
434	1.37934948367223e-04
435	1.42207194090170e-04
436	1.41802001917283e-04
437	1.32385115337753e-04
438	1.40722704314488e-04
439	1.42656365061690e-04
440	1.35033801533972e-04
441	1.35809849656881e-04
442	1.35736073440115e-04
443	1.33741712739062e-04
444	1.38299622873531e-04
445	1.39785591049746e-04
446	1.39817563811336e-04
447	1.39500167686137e-04
448	1.38376875919885e-04
449	1.29843175957955e-04
450	1.39197445548308e-04
451	1.39183283050685e-04
452	1.41775280238308e-04
453	1.38057582125016e-04
454	1.35503715380540e-04
455	1.36526324156310e-04
456	1.35264909991649e-04
457	1.32497895263946e-04
458	1.36112643413752e-04
459	1.41029205105481e-04
460	1.45264247496102e-04
461	1.33918030191673e-04
462	1.39719153751362e-04
463	1.40977447472837e-04
464	1.40122413850424e-04
465	1.36955266593712e-04
466	1.34928694406804e-04
467	1.40493931616968e-04
468	1.37536626361331e-04
469	1.38909223788386e-04
470	1.35888907477033e-04
471	1.41055565346292e-04
472	1.30247710571902e-04
473	1.42398170581500e-04
474	1.32609389612513e-04
475	1.36992222917349e-04
476	1.42290500369972e-04
477	1.40761383279797e-04
478	1.36472236239779e-04
479	1.35647661112502e-04
480	1.32691250339003e-04
481	1.38103677297764e-04
482	1.36386689103429e-04
483	1.38323336594154e-04
484	1.40889577544227e-04
485	1.36894443726868e-04
486	1.33002731433778e-04
487	1.34530154775606e-04
488	1.41980552908972e-04
489	1.40087563844309e-04
490	1.38065277610300e-04
491	1.37370297604045e-04
492	1.44761181044328e-04
493	1.39048431282121e-04
494	1.39192937634345e-04
495	1.42233250321054e-04
496	1.40041557621087e-04
497	1.38483144344711e-04
498	1.37770512492604e-04
499	1.41396828002153e-04
