1	5.04440959825789e-04
2	6.75105631660690e-04
3	7.94700145610237e-04
4	8.80619087801312e-04
5	9.54544084759844e-04
6	1.01910932609239e-03
7	1.06345717712174e-03
8	1.10984129748359e-03
9	1.14895483940732e-03
10	1.18065704990906e-03
11	1.19496981986770e-03
12	1.21926460631756e-03
13	1.25206975984958e-03
14	1.27461813981840e-03
15	1.26139793064488e-03
16	1.28094648502632e-03
17	1.32022099775342e-03
18	1.34685203571428e-03
19	1.28955125597104e-03
20	1.32982607471800e-03
21	1.36149639298812e-03
22	1.32906858430639e-03
23	1.36731226720948e-03
24	1.34825460068284e-03
25	1.35391120415998e-03
26	1.35167768977780e-03
27	1.41544728778710e-03
28	1.38641035596212e-03
29	1.38612685269642e-03
30	1.41174163775835e-03
31	1.31219806831389e-03
32	1.41035792666145e-03
33	1.37934799839176e-03
34	1.37642429212018e-03
35	1.41572681614311e-03
36	1.31796630331085e-03
37	1.35358745529521e-03
38	1.36381868000668e-03
39	1.37979937285947e-03
40	1.35963525550053e-03
41	1.41351610709107e-03
42	1.43999265791206e-03
43	1.36851294231197e-03
44	1.35238833215851e-03
45	1.42436506771251e-03
46	1.46887697117635e-03
47	1.36843084401175e-03
48	1.38041270349749e-03
49	1.44368858311614e-03
50	1.38832627559234e-03
51	1.36281239866160e-03
52	1.27977746671839e-03
53	1.28270411708675e-03
54	1.35681572210243e-03
55	1.46156448833135e-03
56	1.32380519889122e-03
57	1.37830536009331e-03
58	1.42674019901092e-03
59	1.36421490955970e-03
60	1.41717203521267e-03
61	1.48055388579831e-03
62	1.32284958428841e-03
63	1.51336674373943e-03
64	1.42902006040780e-03
65	1.37480218571282e-03
66	1.35182427904171e-03
67	1.40571814624694e-03
68	1.45603098489073e-03
69	1.46197911768431e-03
70	1.44480737033883e-03
71	1.44865853814276e-03
72	1.35199994417559e-03
73	1.43110146314671e-03
74	1.39355245554592e-03
75	1.40911608185145e-03
76	1.38470609571896e-03
77	1.44244963476980e-03
78	1.46622804687475e-03
79	1.46039612329658e-03
80	1.38043273148051e-03
81	1.45812121274765e-03
82	1.52083539890138e-03
83	1.41061328766408e-03
84	1.52251707606797e-03
85	1.39121437176554e-03
86	1.36888070613789e-03
87	1.36582538484971e-03
88	1.44628062297741e-03
89	1.57012670700240e-03
90	1.25690292185494e-03
91	1.39970688903594e-03
92	1.55068468613163e-03
93	1.31769268765700e-03
94	1.43522827316124e-03
95	1.42451379710047e-03
96	1.40020913585389e-03
97	1.44141069521433e-03
98	1.57464370374689e-03
99	1.40858624611117e-03
