1	1.51918637576143e-07
2	1.98302546361114e-07
3	2.30641386608279e-07
4	2.55344861665686e-07
5	2.76604009180627e-07
6	2.94161092646528e-07
7	3.10084098217186e-07
8	3.23271146165785e-07
9	3.35196941435819e-07
10	3.47673972446668e-07
11	3.59149886810922e-07
12	3.68671036429070e-07
13	3.78307478102078e-07
14	3.88506357377659e-07
15	3.92409685194935e-07
16	4.04819379040918e-07
17	4.07764497021854e-07
18	4.14781622062503e-07
19	4.21595920313526e-07
20	4.26365542952718e-07
21	4.34837851864579e-07
22	4.36037809885334e-07
23	4.42345888193220e-07
24	4.45363252163361e-07
25	4.51171024176288e-07
26	4.56580972300749e-07
27	4.63731183813799e-07
28	4.72699127581296e-07
29	4.74248060000966e-07
30	4.76223261622992e-07
31	4.79022798455429e-07
32	4.85239132432193e-07
33	4.87573415280388e-07
34	4.88345238316475e-07
35	5.00638919129102e-07
36	4.99664112754576e-07
37	5.03800559189249e-07
38	4.97775608437700e-07
39	5.00878040142604e-07
40	5.09025905874469e-07
41	5.18839260395584e-07
42	5.25144126116932e-07
43	5.17516923081709e-07
44	5.21554808196583e-07
45	5.24337660205490e-07
46	5.33025366792368e-07
47	5.31438081097093e-07
48	5.39996660875341e-07
49	5.27777781637112e-07
50	5.37132798656809e-07
51	5.38356751400372e-07
52	5.45463628898478e-07
53	5.46150937528138e-07
54	5.43725221450222e-07
55	5.57073987895321e-07
56	5.53012192913900e-07
57	5.55293768133593e-07
58	5.58202251744640e-07
59	5.51070109268154e-07
60	5.57634480076019e-07
61	5.61056223097668e-07
62	5.65116465080502e-07
63	5.66886997437011e-07
64	5.64379340412302e-07
65	5.65472317861970e-07
66	5.76105471230300e-07
67	5.75410107102192e-07
68	5.68847599632266e-07
69	5.82097896862253e-07
70	5.96216970790701e-07
71	5.85164009018795e-07
72	5.91726778232285e-07
73	5.79446773566367e-07
74	5.92567478485640e-07
75	5.83150643227479e-07
76	5.84192726143066e-07
77	5.85587013627165e-07
78	6.02156174786461e-07
79	5.93849035768606e-07
80	5.97322537655874e-07
81	5.97702840260342e-07
82	6.04634312111402e-07
83	5.94235198473854e-07
84	6.10896512205339e-07
85	5.99199848325726e-07
86	6.14815303941339e-07
87	6.28580170695184e-07
88	6.13325140504241e-07
89	6.12451464243801e-07
90	6.02473124284927e-07
91	6.18636533674218e-07
92	6.27162471379045e-07
93	6.00793157120090e-07
94	6.10712691701496e-07
95	6.26575017719292e-07
96	6.18177957696668e-07
97	6.20466474448908e-07
98	6.21410935072640e-07
99	6.16369759609991e-07
100	6.16816431015261e-07
101	6.25746268148582e-07
102	6.28591208028692e-07
103	6.12868947506115e-07
104	6.28174018885358e-07
105	6.51683856831669e-07
106	6.48386523465230e-07
107	6.36348291726162e-07
108	6.19425342710811e-07
109	6.39312104114008e-07
110	6.35166337529753e-07
111	6.49313636968554e-07
112	6.33446979478494e-07
113	6.48462464565503e-07
114	6.32082254615839e-07
115	6.50473858144631e-07
116	6.41406300835140e-07
117	6.35224121571531e-07
118	6.56738326586644e-07
119	6.40744187365931e-07
120	6.59920363005313e-07
121	6.48306335365553e-07
122	6.44592079742107e-07
123	6.50230660541930e-07
124	6.42390315602501e-07
125	6.60800090942437e-07
126	6.64587192159945e-07
127	6.69495354825515e-07
128	6.69616762861431e-07
129	6.64101364901502e-07
130	6.26471231681425e-07
131	6.40483382707475e-07
132	6.63643287182173e-07
133	6.35253694863865e-07
134	6.75648342087743e-07
135	6.73062396450198e-07
136	6.57761433544238e-07
137	6.77891106240260e-07
138	6.95346839069901e-07
139	6.89387806360629e-07
140	6.95672655249666e-07
141	6.79057693182379e-07
142	6.85354935867941e-07
143	6.69804534419250e-07
144	6.98895228813133e-07
145	6.63953649961281e-07
146	6.99889347451349e-07
147	6.68802046547597e-07
148	6.63606498950432e-07
149	6.76000554722462e-07
150	6.62584781092553e-07
151	6.51660429130345e-07
152	6.53231889888631e-07
153	7.00365652171002e-07
154	7.08015473903935e-07
155	6.82358458902188e-07
156	6.86890819629041e-07
157	6.89409010454993e-07
158	6.90510679580277e-07
159	7.11667280068314e-07
160	7.01389369851466e-07
161	6.58163999322733e-07
162	7.04207105865476e-07
163	7.32703639884940e-07
164	7.10525817968194e-07
165	6.64336956300267e-07
166	6.81108257080214e-07
167	6.91304535139774e-07
168	7.07973292016589e-07
169	6.76384623692571e-07
170	6.91810251072812e-07
171	7.04073900005543e-07
172	6.84698493558823e-07
173	7.23180408877648e-07
174	6.94143538613988e-07
175	6.70809945994607e-07
176	7.06932865033128e-07
177	7.06151906622253e-07
178	6.71956296045486e-07
179	7.37392174980013e-07
180	6.64757016474259e-07
181	6.80360109149454e-07
182	7.04878774462133e-07
183	6.94098066106427e-07
184	7.18075560773888e-07
185	6.93399751420666e-07
186	7.12148712352913e-07
187	6.95718290517305e-07
188	7.06083469439041e-07
189	6.80850970062661e-07
190	7.11219599169418e-07
191	7.31517275058983e-07
192	7.21773753614237e-07
193	7.30207208744930e-07
194	6.91917475753966e-07
195	7.37557000556496e-07
196	6.71327438795882e-07
197	7.23444080132709e-07
198	7.34929281436511e-07
199	7.61498785516388e-07
200	7.12604600107934e-07
201	7.19442610260371e-07
202	6.91041717677400e-07
203	6.95882572220034e-07
204	6.86063793478172e-07
205	7.45177647077080e-07
206	6.97606532501680e-07
207	7.15931246018438e-07
208	7.12403277284776e-07
209	7.07040651473721e-07
210	7.00113881432659e-07
211	6.83192952537920e-07
212	6.92534748015384e-07
213	7.13085041601304e-07
214	7.98351590345935e-07
215	7.11551227462913e-07
216	6.71663644453450e-07
217	7.20321485278558e-07
218	6.87341426027138e-07
219	6.84255639218394e-07
220	7.07557232370765e-07
221	7.24763675986564e-07
222	7.50118562218503e-07
223	7.30984429587003e-07
224	7.02985298390490e-07
225	6.87428218495455e-07
226	7.01516240153473e-07
227	6.85692605575380e-07
228	6.73388580315023e-07
229	6.96833165270084e-07
230	7.20981430473419e-07
231	7.32299483080024e-07
232	7.11904583421936e-07
233	6.98406371729642e-07
234	7.21788241568212e-07
235	7.06338636356299e-07
236	6.86004899837024e-07
237	6.97336069120318e-07
238	6.87000803011137e-07
239	6.96441134418001e-07
240	7.36368633074873e-07
241	7.44877448085128e-07
242	7.28822381952688e-07
243	7.27267441439683e-07
244	7.23215688209919e-07
245	6.97722642306244e-07
246	6.77393343224587e-07
247	6.70850492608067e-07
248	7.04276403508317e-07
249	7.52746848509526e-07
250	7.57188616160695e-07
251	7.68884961406656e-07
252	7.44185061560559e-07
253	7.40772835501731e-07
254	7.80141231947561e-07
255	7.37793438667541e-07
256	7.22905109739009e-07
257	7.03769779817911e-07
258	7.18857719914375e-07
259	7.00251853949566e-07
260	7.10537638724269e-07
261	7.53167819703126e-07
262	7.43650964241911e-07
263	7.72625096604641e-07
264	7.58364937780986e-07
265	7.96516704023271e-07
266	7.31084706186775e-07
267	7.10894511430027e-07
268	7.17431548875544e-07
269	7.08340724741014e-07
270	6.91699046972347e-07
271	6.84404537321549e-07
272	7.17071514081205e-07
273	7.22098993700863e-07
274	7.08608609393523e-07
275	7.47796389095263e-07
276	7.82698494464617e-07
277	7.82440478055481e-07
278	7.33689487338248e-07
279	7.33684098579850e-07
280	7.66763718874742e-07
281	7.53049163793188e-07
282	7.27844975547972e-07
283	7.07040474907358e-07
284	6.73423963064951e-07
285	6.72878253742580e-07
286	6.70951230492235e-07
287	7.22223982157887e-07
288	7.52791844304334e-07
289	7.56682160630912e-07
290	7.52047784143766e-07
291	7.66281195092677e-07
292	7.35678015674589e-07
293	7.00600787663409e-07
294	7.14919797775836e-07
295	6.96450468564805e-07
296	7.25380773843221e-07
297	7.07845256173641e-07
298	6.73035681044443e-07
299	6.68257442181629e-07
300	6.89264875912557e-07
301	7.13148774037990e-07
302	7.14730325508537e-07
303	7.21880120870824e-07
304	7.02121301946045e-07
305	7.20089309450744e-07
306	7.50690376485963e-07
307	7.24067280626298e-07
308	7.34030661905097e-07
309	7.41192830677691e-07
310	7.49594049592841e-07
311	7.38846526859119e-07
312	7.09856571509083e-07
313	6.59117155902023e-07
314	6.84732772357817e-07
315	7.09305057896935e-07
316	7.02824965930594e-07
317	7.25977015010688e-07
318	6.97999076294748e-07
319	7.04910077633393e-07
320	7.45557803438875e-07
321	7.63590327928507e-07
322	7.57990317690229e-07
323	7.11360932287623e-07
324	7.20966673376168e-07
325	7.50080693939602e-07
326	7.67928375528113e-07
327	7.57008298452178e-07
328	7.46297577149635e-07
329	6.89941398017347e-07
330	6.84547200743331e-07
331	7.22800503420250e-07
332	7.11846823433779e-07
333	7.34144647091194e-07
334	7.17450242847236e-07
335	6.96153722020453e-07
336	6.98333131383012e-07
337	7.30300043398947e-07
338	7.24376668354577e-07
339	7.39112295245761e-07
340	7.53236766440369e-07
341	7.45681036821790e-07
342	7.46200550079653e-07
343	7.42900458957760e-07
344	7.40534178331534e-07
345	7.63670095349644e-07
346	7.75273717620051e-07
347	7.61736687773135e-07
348	7.53374132843614e-07
349	7.56008479646359e-07
350	7.34571279401969e-07
351	7.04796088247313e-07
352	7.08028699565999e-07
353	7.16685745895826e-07
354	7.31154916183600e-07
355	7.22091149877829e-07
356	7.29797593457096e-07
357	7.50601844665503e-07
358	7.40318847080380e-07
359	7.53521820517992e-07
360	7.41408249195812e-07
361	7.47041945516726e-07
362	7.24728452848221e-07
363	7.21081065535921e-07
364	7.41518466313416e-07
365	7.56414945534555e-07
366	7.96696988211441e-07
367	8.11994224888007e-07
368	8.09706071730382e-07
369	7.86425281224360e-07
370	7.82375075198837e-07
371	7.66168565207706e-07
372	7.36685571746658e-07
373	7.46876950245369e-07
374	7.51331615939801e-07
375	7.37376316731502e-07
376	7.61146181976825e-07
377	7.41781225293230e-07
378	7.23862293540241e-07
379	7.41606835493185e-07
380	7.26843868507805e-07
381	7.67080345234596e-07
382	7.36305505058978e-07
383	7.55349615061016e-07
384	7.46525867906451e-07
385	7.23105759479305e-07
386	7.13395167014346e-07
387	7.03632699049507e-07
388	7.13729869078202e-07
389	7.86059687417025e-07
390	7.67872358170891e-07
391	7.80671793451014e-07
392	7.86646379255994e-07
393	7.86716788034040e-07
394	7.90776997477479e-07
395	8.02153005754019e-07
396	8.16010906651533e-07
397	8.06375830384378e-07
398	7.56239942732673e-07
399	7.25924874925989e-07
400	7.41474204818428e-07
401	7.46418550316295e-07
402	7.38800457440763e-07
403	7.44912048041255e-07
404	7.63381572117795e-07
405	7.69760945746786e-07
406	7.56613276454647e-07
407	7.30819895037995e-07
408	7.30117947016808e-07
409	7.38153930722062e-07
410	7.38203699193617e-07
411	7.18998530828058e-07
412	7.21234914031609e-07
413	7.52671162965166e-07
414	7.55411936256437e-07
415	7.59251376678692e-07
416	7.59637917550551e-07
417	7.51497785689573e-07
418	7.48968803839318e-07
419	7.33434400202017e-07
420	7.52178774100358e-07
421	7.48823343661518e-07
422	7.81933764301781e-07
423	8.00400642810292e-07
424	8.00852739000007e-07
425	8.00811798539792e-07
426	7.95253399786856e-07
427	8.22247653831173e-07
428	8.13347584756040e-07
429	7.85027164439460e-07
430	7.76437677333813e-07
431	7.73677326889249e-07
432	7.56013048660431e-07
433	7.52105057452921e-07
434	7.40505209372515e-07
435	7.48051673749816e-07
436	7.46984419699946e-07
437	7.56461534083773e-07
438	7.57729967277448e-07
439	7.59002345462006e-07
440	7.63744598987856e-07
441	7.75124171588472e-07
442	7.44242714674502e-07
443	7.26845243913645e-07
444	7.34106427771129e-07
445	7.35268528011057e-07
446	7.19408612761167e-07
447	7.13839381689090e-07
448	7.14821976351488e-07
449	7.41438553245542e-07
450	7.58949451336823e-07
451	7.91793800575410e-07
452	7.67657658746048e-07
453	7.76177401492319e-07
454	7.56858465747333e-07
455	7.63365269795216e-07
456	7.55057901290223e-07
457	7.29021018249892e-07
458	7.21955412272971e-07
459	7.06991926364209e-07
460	7.47364184303437e-07
461	7.56907011044719e-07
462	7.84373162876743e-07
463	7.81224611711679e-07
464	7.69155052503722e-07
465	7.59061425235619e-07
466	7.89550302287917e-07
467	8.04652313839455e-07
468	7.80225592307283e-07
469	7.83547829046961e-07
470	7.60724235198068e-07
471	7.89218571006165e-07
472	7.85243668694218e-07
473	7.78131108275878e-07
474	7.69873361888404e-07
475	7.80010351457448e-07
476	7.58217530968048e-07
477	7.40578846389006e-07
478	7.72993749946886e-07
479	7.78708487586941e-07
480	7.40845366083094e-07
481	7.53214126153882e-07
482	7.43800228071614e-07
483	7.75375482226731e-07
484	7.69622054111783e-07
485	7.68846153944898e-07
486	7.45949224433177e-07
487	7.40399918093369e-07
488	7.84694523621520e-07
489	7.49276155802931e-07
490	7.35923547434405e-07
491	7.47516211809923e-07
492	7.59445465280792e-07
493	7.46569294407144e-07
494	7.81646759267495e-07
495	7.99379111928336e-07
496	8.12738005723075e-07
497	8.04002023754900e-07
498	7.85307069309451e-07
499	7.68135487573834e-07
