1	1.20271124871820e-03
2	1.69868273761418e-03
3	2.07861795028890e-03
4	2.40009280104850e-03
5	2.68283652948412e-03
6	2.93658704164048e-03
7	3.17251359819279e-03
8	3.39234528310313e-03
9	3.59659093301583e-03
10	3.79227882352614e-03
11	3.97569836755342e-03
12	4.14883622134652e-03
13	4.32142486784056e-03
14	4.47907949217647e-03
15	4.63626792927363e-03
16	4.78616743303831e-03
17	4.93750699596587e-03
18	5.07653766231312e-03
19	5.21522348475314e-03
20	5.36159119228771e-03
21	5.48226157218308e-03
22	5.60935492479763e-03
23	5.73514355021314e-03
24	5.85800139529438e-03
25	5.99412284197104e-03
26	6.09289392358859e-03
27	6.22896116172474e-03
28	6.32740702785342e-03
29	6.43232407200183e-03
30	6.54625751965265e-03
31	6.65792613022562e-03
32	6.76263044107030e-03
33	6.86249378981535e-03
34	6.96330122300480e-03
35	7.06370260255956e-03
36	7.17418218440442e-03
37	7.28987092357743e-03
38	7.36279367911822e-03
39	7.45215167485422e-03
40	7.58136132755443e-03
41	7.64042521006496e-03
42	7.74599071487176e-03
43	7.83272772265362e-03
44	7.91867407075546e-03
45	8.00984523197787e-03
46	8.10046573796252e-03
47	8.18453734155405e-03
48	8.28175727327949e-03
49	8.34316814979340e-03
50	8.47597192166158e-03
51	8.51063345661171e-03
52	8.60758262791245e-03
53	8.70294081947756e-03
54	8.75620043364367e-03
55	8.85317484034795e-03
56	8.94718520899441e-03
57	8.98610976724737e-03
58	9.07971744402119e-03
59	9.19870438243343e-03
60	9.22533349183877e-03
61	9.29920870692048e-03
62	9.40980707602442e-03
63	9.48783963383024e-03
64	9.51868533501568e-03
65	9.59018056773922e-03
66	9.70294321815956e-03
67	9.79159706584936e-03
68	9.81705266930515e-03
69	9.87698913841304e-03
70	9.95900220560456e-03
71	1.00747582297216e-02
72	1.01403543794998e-02
73	1.01745507101978e-02
74	1.02230292858760e-02
75	1.03018424666015e-02
76	1.04094507484403e-02
77	1.05182769053385e-02
78	1.05245654252760e-02
79	1.05716553568011e-02
80	1.06104638751273e-02
81	1.06910844735111e-02
82	1.07958469102589e-02
83	1.09061733686544e-02
84	1.09494141509163e-02
85	1.09689932231401e-02
86	1.10081076735240e-02
87	1.10684870997775e-02
88	1.11301643602503e-02
89	1.12308024409562e-02
90	1.13307488764512e-02
91	1.14375341606771e-02
92	1.14459660161097e-02
93	1.14700598427102e-02
94	1.15109399663520e-02
95	1.15470392727165e-02
96	1.16217542907165e-02
97	1.16900561904315e-02
98	1.17737382068416e-02
99	1.18725088203587e-02
100	1.19861822562935e-02
101	1.19920847094545e-02
102	1.20108909724559e-02
103	1.20422455138841e-02
104	1.20875268839478e-02
105	1.21213298766121e-02
106	1.21933077040490e-02
107	1.22521162299176e-02
108	1.23494832568042e-02
109	1.24325245460590e-02
110	1.25275553026505e-02
111	1.26342323457771e-02
112	1.26488490250120e-02
113	1.26610452995299e-02
114	1.26827711061199e-02
115	1.27150797999813e-02
116	1.27286887678646e-02
117	1.27818081549556e-02
118	1.28451783239270e-02
119	1.28882365234778e-02
120	1.29710017329335e-02
121	1.30323097210721e-02
122	1.31346442249270e-02
123	1.32146429129800e-02
124	1.33033811373409e-02
125	1.34007578997700e-02
126	1.34305630027260e-02
127	1.34349283002251e-02
128	1.34465155706390e-02
129	1.34653918502125e-02
130	1.34922238392916e-02
131	1.35275954323957e-02
132	1.35703728431911e-02
133	1.36203736002920e-02
134	1.36422022157987e-02
135	1.37067840018081e-02
136	1.37787270132407e-02
137	1.38582232789303e-02
138	1.39071697979134e-02
139	1.40009855488234e-02
140	1.40629656326442e-02
141	1.41707282372447e-02
142	1.42455243360468e-02
143	1.43522762349148e-02
144	1.43368116136572e-02
145	1.43681003007037e-02
146	1.43637663762333e-02
147	1.43637674441304e-02
148	1.44118256507577e-02
149	1.44243194378086e-02
150	1.44415462731908e-02
151	1.44647530753204e-02
152	1.45365385011822e-02
153	1.45708131727079e-02
154	1.46095930677393e-02
155	1.46535469505080e-02
156	1.47026217344852e-02
157	1.47568960140612e-02
158	1.48166067283778e-02
159	1.48813088866269e-02
160	1.49508400998106e-02
161	1.50255464776397e-02
162	1.51054031909721e-02
163	1.51900636226206e-02
164	1.52794277903395e-02
165	1.53236243959992e-02
166	1.54223612613019e-02
167	1.54940844608802e-02
168	1.55071329386128e-02
169	1.55243356454181e-02
170	1.54930960832925e-02
171	1.55169247276486e-02
172	1.55453211305360e-02
173	1.55244402152722e-02
174	1.55613268535893e-02
175	1.56021501237194e-02
176	1.55930932324594e-02
177	1.56416915509714e-02
178	1.56947849141517e-02
179	1.56957132207331e-02
180	1.57559281006062e-02
181	1.57636479304369e-02
182	1.58313967092040e-02
183	1.58457846023519e-02
184	1.59217415014228e-02
185	1.59430739647323e-02
186	1.60262964819691e-02
187	1.60543255271446e-02
188	1.61453078473553e-02
189	1.61800623490305e-02
190	1.62174969533648e-02
191	1.63193891013874e-02
192	1.63632072237781e-02
193	1.64099896308635e-02
194	1.65233105898237e-02
195	1.65764948248463e-02
196	1.66323783023249e-02
197	1.67563070540030e-02
198	1.68183682032729e-02
199	1.68830719514724e-02
200	1.69505582343084e-02
201	1.70016310012849e-02
202	1.69887249420084e-02
203	1.69769393613111e-02
204	1.69682996191709e-02
205	1.70300718031487e-02
206	1.70256192924141e-02
207	1.70239736097722e-02
208	1.70246039292981e-02
209	1.70281580036086e-02
210	1.70340332871504e-02
211	1.71143285116248e-02
212	1.71253368426709e-02
213	1.71384764492249e-02
214	1.71544707553174e-02
215	1.71724051206732e-02
216	1.71928086191480e-02
217	1.72151756610173e-02
218	1.72396666882262e-02
219	1.72667133813487e-02
220	1.72962216373772e-02
221	1.73282817622329e-02
222	1.73626151315687e-02
223	1.73989119164521e-02
224	1.74376336795217e-02
225	1.74786060263760e-02
226	1.75220394014858e-02
227	1.75678988885124e-02
228	1.76158665771890e-02
229	1.76658541826886e-02
230	1.77180754858171e-02
231	1.77725207017940e-02
232	1.78297642457885e-02
233	1.78890207587422e-02
234	1.79507406213996e-02
235	1.80144421357247e-02
236	1.80802516403667e-02
237	1.81481055978150e-02
238	1.81326607958497e-02
239	1.82045089519614e-02
240	1.82787278405593e-02
241	1.83550085395854e-02
242	1.84333789166491e-02
243	1.85141279197933e-02
244	1.85969835665985e-02
245	1.85913953116109e-02
246	1.86777756199875e-02
247	1.87665693116949e-02
248	1.88572756256678e-02
249	1.89502906227776e-02
250	1.89511738340665e-02
251	1.89699961838225e-02
252	1.89907886443744e-02
253	1.90138778222997e-02
254	1.90375385791970e-02
255	1.89671826623037e-02
256	1.89935462736921e-02
257	1.90214440731963e-02
258	1.90514700856597e-02
259	1.89851340977428e-02
260	1.90184208001810e-02
261	1.90538351787798e-02
262	1.90910637063871e-02
263	1.90300284753036e-02
264	1.90703171800018e-02
265	1.91118252089710e-02
266	1.91548983686000e-02
267	1.90994129978443e-02
268	1.91455663770569e-02
269	1.91932037610701e-02
270	1.91401857072162e-02
271	1.91908956038033e-02
272	1.92429578252896e-02
273	1.91930371756507e-02
274	1.92483334677456e-02
275	1.93054854589501e-02
276	1.92591488728927e-02
277	1.93193649260281e-02
278	1.93814391632956e-02
279	1.93377017199206e-02
280	1.94026716139145e-02
281	1.94693623673859e-02
282	1.94289541457588e-02
283	1.94989863524661e-02
284	1.94607609633699e-02
285	1.95334761944966e-02
286	1.96074788343982e-02
287	1.95720001897590e-02
288	1.96490563137905e-02
289	1.96153989002395e-02
290	1.96962099744081e-02
291	1.97783336916764e-02
292	1.97481485920768e-02
293	1.98336336900560e-02
294	1.98048314237126e-02
295	1.98926872767616e-02
296	1.99822367624293e-02
297	1.99561576468149e-02
298	2.00489897638655e-02
299	2.00246808058824e-02
300	2.01209030507311e-02
301	2.00982087190040e-02
302	2.01970088410141e-02
303	2.01762663772890e-02
304	2.02778848845633e-02
305	2.03815817389124e-02
306	2.03631056165007e-02
307	2.04697178393060e-02
308	2.04532697868963e-02
309	2.05629926200002e-02
310	2.05477797353872e-02
311	2.06603336714285e-02
312	2.06466589393018e-02
313	2.07623019337142e-02
314	2.07503500198387e-02
315	2.08689172560012e-02
316	2.08585945835031e-02
317	2.09803248594012e-02
318	2.09712507758014e-02
319	2.10958835642378e-02
320	2.10881393857847e-02
321	2.12155897724062e-02
322	2.12093940886663e-02
323	2.13399677150842e-02
324	2.13351229362642e-02
325	2.14686269637212e-02
326	2.14650524017681e-02
327	2.16017199584394e-02
328	2.15994337039539e-02
329	2.17392200901476e-02
330	2.17383559875861e-02
331	2.17379484381781e-02
332	2.18816353347599e-02
333	2.18823880585811e-02
334	2.19842359352133e-02
335	2.19191242871648e-02
336	2.20011073082235e-02
337	2.19377961012388e-02
338	2.20215593006957e-02
339	2.19586729030244e-02
340	2.18968138468095e-02
341	2.19829891320825e-02
342	2.19211956097284e-02
343	2.20097102011323e-02
344	2.19496512871605e-02
345	2.20404962126257e-02
346	2.19813075304317e-02
347	2.19230405958790e-02
348	2.20176697640310e-02
349	2.19608355433590e-02
350	2.20569814390809e-02
351	2.20015968897117e-02
352	2.19470685474396e-02
353	2.20464975436580e-02
354	2.19921181544239e-02
355	2.20934452590966e-02
356	2.20414730407674e-02
357	2.19890870089831e-02
358	2.20932515456650e-02
359	2.20418870597555e-02
360	2.21484772904242e-02
361	2.20980457677850e-02
362	2.20480434668640e-02
363	2.21569460146312e-02
364	2.21083310397860e-02
365	2.22199587168245e-02
366	2.21723321073957e-02
367	2.21253443119916e-02
368	2.22405159287087e-02
369	2.21943412758849e-02
370	2.21489386915738e-02
371	2.22670912206043e-02
372	2.22219044243717e-02
373	2.21777415765836e-02
374	2.22991333789735e-02
375	2.22558725657928e-02
376	2.23794325441944e-02
377	2.23377615146278e-02
378	2.22966476328958e-02
379	2.24237261040735e-02
380	2.23828548592380e-02
381	2.23423339719588e-02
382	2.24721076844856e-02
383	2.24328693763804e-02
384	2.23937550630613e-02
385	2.25266102578535e-02
386	2.24892861886732e-02
387	2.24523535314203e-02
388	2.25888539550636e-02
389	2.25527981230972e-02
390	2.25178298811708e-02
391	2.26578144466688e-02
392	2.26228556221558e-02
393	2.25880665657492e-02
394	2.27306443517909e-02
395	2.26966063655929e-02
396	2.26636053227237e-02
397	2.28100728062241e-02
398	2.27775347210671e-02
399	2.27459168152654e-02
400	2.27152306176239e-02
401	2.28650956781532e-02
402	2.28351274993095e-02
403	2.28048098510625e-02
404	2.29585033771715e-02
405	2.29295535594284e-02
406	2.29004970805261e-02
407	2.30577737485110e-02
408	2.30296536242290e-02
409	2.30021881150421e-02
410	2.31624896384349e-02
411	2.31365892869352e-02
412	2.31104977358647e-02
413	2.30846049230670e-02
414	2.32490999057709e-02
415	2.32241454676851e-02
416	2.31992867475819e-02
417	2.33677764758406e-02
418	2.33441648324696e-02
419	2.33212162581470e-02
420	2.32980224836967e-02
421	2.34707026595275e-02
422	2.34488009353872e-02
423	2.34277150846908e-02
424	2.36039241274752e-02
425	2.35831092053880e-02
426	2.35624105472159e-02
427	2.35418673440392e-02
428	2.37221079112327e-02
429	2.37025525889127e-02
430	2.36835359710417e-02
431	2.36647989754052e-02
432	2.38497419428825e-02
433	2.38315117224135e-02
434	2.38135438415107e-02
435	2.40018438960800e-02
436	2.39849424529363e-02
437	2.39678615789029e-02
438	2.39516992892293e-02
439	2.41450228437827e-02
440	2.41294195705373e-02
441	2.41145038945210e-02
442	2.40993385801592e-02
443	2.42967348581201e-02
444	2.42823860835491e-02
445	2.42685608265419e-02
446	2.42546044000776e-02
447	2.44569713267156e-02
448	2.44441373693217e-02
449	2.44316977984568e-02
450	2.44193440451875e-02
451	2.46265327601099e-02
452	2.46148792905772e-02
453	2.46035243210609e-02
454	2.45928092395834e-02
455	2.48050162646382e-02
456	2.47945911977934e-02
457	2.47845439147618e-02
458	2.47746595091583e-02
459	2.49915320655804e-02
460	2.49823259345944e-02
461	2.49734604001135e-02
462	2.49649032865483e-02
463	2.51869800088119e-02
464	2.51787871637450e-02
465	2.51710054095879e-02
466	2.51634744901050e-02
467	2.51561351064533e-02
468	2.53837694833737e-02
469	2.53772236981526e-02
470	2.53710665491344e-02
471	2.53649383106695e-02
472	2.55977602397698e-02
473	2.55923261633066e-02
474	2.55870307496004e-02
475	2.55820709822810e-02
476	2.55772482560159e-02
477	2.58159940165706e-02
478	2.58118694175442e-02
479	2.58079509527518e-02
480	2.58042524179717e-02
481	2.60483061204520e-02
482	2.60450715012189e-02
483	2.60421314141182e-02
484	2.60393793395080e-02
485	2.60369327637950e-02
486	2.62870098857112e-02
487	2.62852016258007e-02
488	2.62835928274513e-02
489	2.62821827122474e-02
490	2.62807811236464e-02
491	2.65369566294908e-02
492	2.65362053887601e-02
493	2.65358355422022e-02
494	2.65355797322921e-02
495	2.65353624993321e-02
496	2.67978493209331e-02
497	2.67983015273075e-02
498	2.67990505019708e-02
499	2.67998450172658e-02
