1	8.82043529299152e-05
2	1.17271786955057e-04
3	1.38239312239340e-04
4	1.55100877674137e-04
5	1.69166880437846e-04
6	1.81711747451152e-04
7	1.92737243085334e-04
8	2.02676575965637e-04
9	2.11944913317217e-04
10	2.20303973074487e-04
11	2.28422799970902e-04
12	2.35421521368634e-04
13	2.42415159782665e-04
14	2.48909591291081e-04
15	2.55553779326215e-04
16	2.61149070542819e-04
17	2.67814393459866e-04
18	2.71762875925008e-04
19	2.78185891587718e-04
20	2.83261188879236e-04
21	2.87504752864027e-04
22	2.92189587704673e-04
23	2.96848525978794e-04
24	3.02012733068142e-04
25	3.05129837741418e-04
26	3.10027775980834e-04
27	3.13346557986347e-04
28	3.18125702396888e-04
29	3.22143489019724e-04
30	3.26602381748412e-04
31	3.28965792726975e-04
32	3.32147611672613e-04
33	3.36028645585735e-04
34	3.40719540406771e-04
35	3.42322949604104e-04
36	3.46771033264976e-04
37	3.49753295638808e-04
38	3.52710841220071e-04
39	3.56915064696059e-04
40	3.57936347296140e-04
41	3.61755812188800e-04
42	3.64271385013687e-04
43	3.67336322250399e-04
44	3.69622867418938e-04
45	3.73222312112968e-04
46	3.77424247247454e-04
47	3.77221838445381e-04
48	3.82180511554860e-04
49	3.83665579194465e-04
50	3.86507498048645e-04
51	3.88926544724940e-04
52	3.92557495861225e-04
53	3.94678670083413e-04
54	3.95573987701989e-04
55	3.95899397827307e-04
56	4.02167345311688e-04
57	4.03287261121787e-04
58	4.06860908886129e-04
59	4.08013318282129e-04
60	4.09395008841650e-04
61	4.13200458744030e-04
62	4.14267038609085e-04
63	4.18056698957782e-04
64	4.18475843974263e-04
65	4.21991075792519e-04
66	4.22751928962260e-04
67	4.25784596217858e-04
68	4.28388925307310e-04
69	4.28610347917774e-04
70	4.31072515551304e-04
71	4.34241424476934e-04
72	4.36022743244764e-04
73	4.37303338876874e-04
74	4.37713451043897e-04
75	4.40804531853070e-04
76	4.41828918007082e-04
77	4.45759224750950e-04
78	4.50999147116627e-04
79	4.47379902069866e-04
80	4.51031041458556e-04
81	4.50739517629640e-04
82	4.51916514562200e-04
83	4.54256324917758e-04
84	4.57387571954924e-04
85	4.63770797029771e-04
86	4.61625865471064e-04
87	4.61358950725757e-04
88	4.62521660782290e-04
89	4.66406578441617e-04
90	4.67801639458894e-04
91	4.74021727178126e-04
92	4.74043922801090e-04
93	4.73712097791591e-04
94	4.72572270362378e-04
95	4.74283003231651e-04
96	4.72730062904955e-04
97	4.76445307686154e-04
98	4.78652267407579e-04
99	4.80763913061774e-04
100	4.84676728992546e-04
101	4.85803623804242e-04
102	4.85392928116812e-04
103	4.86258541903825e-04
104	4.91346558746475e-04
105	4.90503778344576e-04
106	4.93882228499815e-04
107	4.89599519387276e-04
108	4.93617037198350e-04
109	4.94095990331583e-04
110	4.95268870895364e-04
111	4.98144289870020e-04
112	4.97409561950217e-04
113	5.03739048227602e-04
114	5.02176230034252e-04
115	5.01208444620210e-04
116	5.04235159682494e-04
117	5.05979750445402e-04
118	5.05011671570737e-04
119	5.05936886645396e-04
120	5.08326900721108e-04
121	5.14010220842397e-04
122	5.14456344249790e-04
123	5.12902449948241e-04
124	5.16854872714759e-04
125	5.13475142070899e-04
126	5.15002999085896e-04
127	5.20831623280033e-04
128	5.23065741276501e-04
129	5.17525883546864e-04
130	5.22054978734596e-04
131	5.25116399776864e-04
132	5.23184567504349e-04
133	5.27399088319263e-04
134	5.28463010399969e-04
135	5.27860230245917e-04
136	5.32354750022755e-04
137	5.34404249886849e-04
138	5.33420736970508e-04
139	5.34257637302564e-04
140	5.33054743644226e-04
141	5.33732321594369e-04
142	5.39567813472903e-04
143	5.39667801652170e-04
144	5.41627515038158e-04
145	5.42224519243564e-04
146	5.40158064374094e-04
147	5.45473962033638e-04
148	5.42797620454407e-04
149	5.45348376308690e-04
150	5.43023441471998e-04
151	5.47922540984820e-04
152	5.48236179448929e-04
153	5.44471389258240e-04
154	5.52499557413651e-04
155	5.51204063053167e-04
156	5.57240396507820e-04
157	5.53548195929545e-04
158	5.57527478709052e-04
159	5.54724835582438e-04
160	5.59792465657440e-04
161	5.52293972557991e-04
162	5.57346009975566e-04
163	5.61607421468462e-04
164	5.62482018990755e-04
165	5.60536349390686e-04
166	5.60198998195258e-04
167	5.69004007149832e-04
168	5.65761837598523e-04
169	5.68081160047135e-04
170	5.75469936945296e-04
171	5.71406979176239e-04
172	5.69692410843154e-04
173	5.68802921390057e-04
174	5.73913711575909e-04
175	5.71888352900499e-04
176	5.62391704136552e-04
177	5.69308881330871e-04
178	5.70316627890180e-04
179	5.70441416150034e-04
180	5.77811087034739e-04
181	5.81385299959100e-04
182	5.79112660926558e-04
183	5.79985600197911e-04
184	5.80576700398166e-04
185	5.70785309457345e-04
186	5.75588440692409e-04
187	5.84767849533687e-04
188	5.83454230318097e-04
189	5.78067725052830e-04
190	5.80734542842200e-04
191	5.92401226123133e-04
192	5.84796858576625e-04
193	5.82417760497106e-04
194	5.87606261798948e-04
195	5.85880781959423e-04
196	5.88494584731631e-04
197	5.89871255115105e-04
198	5.88277935001603e-04
199	5.93068085935627e-04
200	5.87455305539864e-04
201	5.87754644158922e-04
202	5.91745728209703e-04
203	5.96720485734747e-04
204	5.93684598554371e-04
205	5.84052416912001e-04
206	5.94463749179027e-04
207	5.89673913338340e-04
208	5.99154215510558e-04
209	5.99680243045293e-04
210	5.98158149512355e-04
211	5.98401140586706e-04
212	6.06455394992450e-04
213	6.02495937504548e-04
214	5.97436690159404e-04
215	6.04974489668397e-04
216	6.09185637401975e-04
217	6.03229208879512e-04
218	6.07893330281787e-04
219	6.18389397507262e-04
220	6.00009932547738e-04
221	6.11954696990188e-04
222	6.07586191469088e-04
223	6.06849043792408e-04
224	6.07749212294530e-04
225	6.07856036310185e-04
226	6.05174273882886e-04
227	6.13081322679140e-04
228	6.12837398413165e-04
229	6.07151213041338e-04
230	6.20060093040223e-04
231	6.10414420720896e-04
232	6.12097207163801e-04
233	6.24362522481434e-04
234	6.19248328802172e-04
235	6.19438067293817e-04
236	6.19695962226077e-04
237	6.07043291529664e-04
238	6.22404641253155e-04
239	6.15387385097588e-04
240	6.20642990371660e-04
241	6.19385773793990e-04
242	6.26663237085373e-04
243	6.30990914875657e-04
244	6.27064966291903e-04
245	6.37898103850788e-04
246	6.34121610609909e-04
247	6.29832052984263e-04
248	6.29635733028533e-04
249	6.19531297544342e-04
250	6.20748111363435e-04
251	6.31557141808261e-04
252	6.30819168923195e-04
253	6.29582752475943e-04
254	6.35767583410416e-04
255	6.36198223726019e-04
256	6.20742151076023e-04
257	6.41049796383128e-04
258	6.33371743384557e-04
259	6.31643746664139e-04
260	6.27731716851954e-04
261	6.47695560346487e-04
262	6.31932543847067e-04
263	6.34358165958213e-04
264	6.32768299910201e-04
265	6.36890388579257e-04
266	6.33775104164578e-04
267	6.40568439020466e-04
268	6.46407855144690e-04
269	6.44342082059217e-04
270	6.39461988650223e-04
271	6.33200261172483e-04
272	6.52336833381354e-04
273	6.50637497437618e-04
274	6.44275945384196e-04
275	6.38777791185316e-04
276	6.46112557112375e-04
277	6.34906149344611e-04
278	6.38495504097628e-04
279	6.42587227740051e-04
280	6.36299303260169e-04
281	6.58253342071023e-04
282	6.54164386225974e-04
283	6.52648214658471e-04
284	6.52530571821690e-04
285	6.44449930897046e-04
286	6.49392926188209e-04
287	6.47774895232652e-04
288	6.53872722353642e-04
289	6.54196186303433e-04
290	6.51160261003651e-04
291	6.44981974749896e-04
292	6.56819687385932e-04
293	6.55133418979136e-04
294	6.50931804744891e-04
295	6.48036189671028e-04
296	6.56065122410150e-04
297	6.53806555336386e-04
298	6.63925249558036e-04
299	6.62081877662868e-04
300	6.60962879718211e-04
301	6.70962329741054e-04
302	6.74381579575707e-04
303	6.63386486573375e-04
304	6.58134699356792e-04
305	6.73059098558865e-04
306	6.62319948730451e-04
307	6.52052116998752e-04
308	6.66050651476074e-04
309	6.51073717395566e-04
310	6.66997603378458e-04
311	6.67027889751423e-04
312	6.73035201889404e-04
313	6.53812288675137e-04
314	6.57011631097663e-04
315	6.63632439596524e-04
316	6.68761882318083e-04
317	6.63947151862212e-04
318	6.70996668703068e-04
319	6.71243773800326e-04
320	6.66337920643928e-04
321	6.59059920771339e-04
322	6.62341173599927e-04
323	6.79294664615726e-04
324	6.72782841916533e-04
325	6.68709965168141e-04
326	6.69825644584831e-04
327	6.70697378655971e-04
328	6.60924210773718e-04
329	6.70634334211288e-04
330	6.79145461805894e-04
331	6.64102077591372e-04
332	6.67911926532991e-04
333	6.84581540812235e-04
334	6.81280418308742e-04
335	6.70839811052686e-04
336	6.75487529169239e-04
337	6.78240123448751e-04
338	6.82874600531198e-04
339	6.74063375420580e-04
340	6.81315717877178e-04
341	6.86457708314021e-04
342	6.81581821000806e-04
343	6.69739254645497e-04
344	6.89817019903450e-04
345	6.80226348610157e-04
346	6.64542028707535e-04
347	6.82994789877360e-04
348	6.92022313546830e-04
349	6.79913066568844e-04
350	6.78596212970817e-04
351	6.89960635509720e-04
352	6.78197320049280e-04
353	6.77636146497713e-04
354	6.97474973799759e-04
355	6.95315918167306e-04
356	6.84496482298919e-04
357	6.80905147411823e-04
358	6.80936442122090e-04
359	6.87089030087242e-04
360	6.96514564684121e-04
361	6.76192712354533e-04
362	6.95434909346585e-04
363	7.07316252339331e-04
364	6.87713420417346e-04
365	6.75127399836095e-04
366	6.99515290289406e-04
367	6.74210280202890e-04
368	6.86201673172330e-04
369	6.97148254794743e-04
370	6.94475659265098e-04
371	7.01967379397794e-04
372	6.83581668063184e-04
373	6.82940712694264e-04
374	6.91128074485714e-04
375	6.79023678189176e-04
376	6.96018142804418e-04
377	6.89947367291805e-04
378	6.93599526002503e-04
379	6.82611074192245e-04
380	6.91424922759170e-04
381	6.93347691913074e-04
382	6.93057629508569e-04
383	6.99821416489768e-04
384	7.07924235445603e-04
385	7.04412596479837e-04
386	6.95561209177678e-04
387	6.93906374789304e-04
388	6.90461309658906e-04
389	6.95538523707968e-04
390	6.96557869653825e-04
391	6.86633506751589e-04
392	6.95827552696958e-04
393	6.97992813280455e-04
394	7.05862285548988e-04
395	6.95379096039755e-04
396	6.82330230660952e-04
397	6.89649494147438e-04
398	6.88659321603359e-04
399	7.03177825962748e-04
400	7.02972664793835e-04
401	7.08055299680333e-04
402	7.10215909126189e-04
403	6.96461777064544e-04
404	7.05718222425482e-04
405	6.97337225089700e-04
406	7.00449316901671e-04
407	6.97908025501087e-04
408	7.04735886686682e-04
409	7.06634014532847e-04
410	6.78331735341990e-04
411	6.97295820574766e-04
412	7.14763129650891e-04
413	7.20967301116625e-04
414	7.02933390231693e-04
415	7.05420017640030e-04
416	7.12401519714540e-04
417	7.02851794522361e-04
418	7.11832189907255e-04
419	7.08890208268150e-04
420	6.99751678611483e-04
421	7.09738532084493e-04
422	7.24695831897777e-04
423	6.94257445955759e-04
424	7.29414048281087e-04
425	7.07668337068953e-04
426	6.95069732570842e-04
427	7.16531900042685e-04
428	6.95715466447005e-04
429	7.17244331456972e-04
430	7.22417348277363e-04
431	7.14120822431193e-04
432	7.06219090633357e-04
433	7.12780577691503e-04
434	7.04905576345731e-04
435	7.23058265147158e-04
436	7.28815143047610e-04
437	7.11078719264342e-04
438	7.31250542412182e-04
439	7.23974091572020e-04
440	7.12519623750443e-04
441	7.19413847194569e-04
442	7.10307901736955e-04
443	7.22267727497386e-04
444	6.97224156808606e-04
445	7.20475034549843e-04
446	7.07322919294985e-04
447	7.17359038765776e-04
448	7.05351192970340e-04
449	7.11766208501162e-04
450	7.16012259365368e-04
451	7.27190013139434e-04
452	7.08989265775513e-04
453	7.27029333291101e-04
454	7.14137863040146e-04
455	7.36215717209685e-04
456	7.13568470160301e-04
457	7.26398929310703e-04
458	7.19558773124583e-04
459	7.23959850984430e-04
460	7.36393852295255e-04
461	7.10821133796556e-04
462	7.26203257465352e-04
463	7.05458117553907e-04
464	7.21587137655157e-04
465	7.28917039575398e-04
466	7.40564425095416e-04
467	7.53297453528289e-04
468	7.11309843646128e-04
469	7.10699735801393e-04
470	6.91035123678397e-04
471	7.06911802817103e-04
472	7.40392039648586e-04
473	7.29774813281079e-04
474	7.28571227984380e-04
475	7.44315330307498e-04
476	7.17722474809372e-04
477	7.44653922150461e-04
478	7.33824443751974e-04
479	7.36985138908021e-04
480	7.23151846785759e-04
481	7.36427247540530e-04
482	7.20663792351467e-04
483	7.44024798366567e-04
484	7.27898096510701e-04
485	7.33049973938151e-04
486	7.51845359115379e-04
487	7.43702907097860e-04
488	7.38050664162644e-04
489	7.46062866464067e-04
490	7.30002255475873e-04
491	7.31833018838573e-04
492	7.19701193021546e-04
493	7.30117892403251e-04
494	7.35524663199942e-04
495	7.49799676935095e-04
496	7.37287140525535e-04
497	7.30521045171090e-04
498	7.19854518593218e-04
499	7.22155361087508e-04
