1	6.36782551913418e-05
2	7.96673993734427e-05
3	8.97918370085336e-05
4	9.67697822361388e-05
5	1.02275030845637e-04
6	1.06460385994127e-04
7	1.09539263383799e-04
8	1.12306834048384e-04
9	1.14552168228812e-04
10	1.17254612912041e-04
11	1.18914544827924e-04
12	1.19464577247546e-04
13	1.21294739130221e-04
14	1.21685056207649e-04
15	1.22398350161317e-04
16	1.24597388392395e-04
17	1.24981702432002e-04
18	1.25037072230451e-04
19	1.25648874831756e-04
20	1.26852616117629e-04
21	1.26477510136123e-04
22	1.27635751403079e-04
23	1.27747419118262e-04
24	1.26986300180491e-04
25	1.27713894120242e-04
26	1.29298314225359e-04
27	1.28395021220425e-04
28	1.28988236662106e-04
29	1.29994261168789e-04
30	1.30054948474244e-04
31	1.30562954560529e-04
32	1.30489081400591e-04
33	1.30912970387792e-04
34	1.30900858822993e-04
35	1.31064354603205e-04
36	1.29485604205410e-04
37	1.30400157501004e-04
38	1.29930808221367e-04
39	1.30375832442062e-04
40	1.31109631576274e-04
41	1.29808970973043e-04
42	1.31636463804756e-04
43	1.31651983794564e-04
44	1.31487802529397e-04
45	1.31205035666813e-04
46	1.32400992497787e-04
47	1.30811493264969e-04
48	1.30767932958279e-04
49	1.32635804329779e-04
50	1.30146197241977e-04
51	1.31498978704194e-04
52	1.31412773602105e-04
53	1.30796185655962e-04
54	1.31191284429907e-04
55	1.32281327462815e-04
56	1.29978145870497e-04
57	1.31893212178594e-04
58	1.32679289183595e-04
59	1.33191064969606e-04
60	1.32283551324835e-04
61	1.32421184936905e-04
62	1.32128244188031e-04
63	1.31164056046535e-04
64	1.32390252227235e-04
65	1.30591370280926e-04
66	1.31272189893298e-04
67	1.30757720724688e-04
68	1.31333407692799e-04
69	1.33752241734006e-04
70	1.30788070398414e-04
71	1.31666611366377e-04
72	1.31027783845786e-04
73	1.32027238887115e-04
74	1.32070692130965e-04
75	1.32711571148145e-04
76	1.29926646208447e-04
77	1.32626762122047e-04
78	1.32695690005504e-04
79	1.31993268296040e-04
80	1.35507179673901e-04
81	1.31116499471854e-04
82	1.30356250352029e-04
83	1.32392793328081e-04
84	1.32365877451813e-04
85	1.33335912607789e-04
86	1.30432115986816e-04
87	1.31931315999040e-04
88	1.34519889660541e-04
89	1.32628223838281e-04
90	1.32809101083665e-04
91	1.31659608502535e-04
92	1.31243184237209e-04
93	1.30593680760860e-04
94	1.33058989412539e-04
95	1.32848456372798e-04
96	1.31574715245442e-04
97	1.32703601544303e-04
98	1.31379913295306e-04
99	1.33555568414297e-04
100	1.32946556094919e-04
101	1.34166528510117e-04
102	1.31960582345111e-04
103	1.31836827920220e-04
104	1.32206391732989e-04
105	1.32365715636802e-04
106	1.34096914030474e-04
107	1.33974363162050e-04
108	1.34654826607202e-04
109	1.33543194888226e-04
110	1.36555283938926e-04
111	1.33721230166954e-04
112	1.31908302785583e-04
113	1.32564295900553e-04
114	1.31818879428310e-04
115	1.33126802591831e-04
116	1.35108367929617e-04
117	1.33173063802518e-04
118	1.36935456382020e-04
119	1.33449010317698e-04
120	1.33450697071088e-04
121	1.33769797816322e-04
122	1.34501611016984e-04
123	1.34600154848773e-04
124	1.31801560265107e-04
125	1.37319791726536e-04
126	1.28835516252592e-04
127	1.33992741587726e-04
128	1.35980038055689e-04
129	1.34535752134784e-04
130	1.33915276566159e-04
131	1.36493999537826e-04
132	1.32642958639215e-04
133	1.30005601171586e-04
134	1.31543307261306e-04
135	1.32625126267333e-04
136	1.29893787489315e-04
137	1.34404670631426e-04
138	1.37266147902307e-04
139	1.34242282362758e-04
140	1.35935120074930e-04
141	1.34225907395920e-04
142	1.31160101531851e-04
143	1.33287274588706e-04
144	1.32325145109546e-04
145	1.31785101271336e-04
146	1.35089331384857e-04
147	1.32627919929126e-04
148	1.31372360267083e-04
149	1.29788666458063e-04
150	1.37552982649739e-04
151	1.34825021495859e-04
152	1.32260304760233e-04
153	1.34139172706690e-04
154	1.31265216406425e-04
155	1.32578052550292e-04
156	1.34010802272868e-04
157	1.34158481478454e-04
158	1.32580109664183e-04
159	1.32573969779919e-04
160	1.37194944023193e-04
161	1.32435318511988e-04
162	1.34044964400096e-04
163	1.34515068247582e-04
164	1.32510202785379e-04
165	1.32165978389977e-04
166	1.35224482862729e-04
167	1.35571789376898e-04
168	1.34514875714389e-04
169	1.35264122838768e-04
170	1.36037330834971e-04
171	1.33569947373676e-04
172	1.34209660250793e-04
173	1.31600771182828e-04
174	1.32462620137026e-04
175	1.33862351034178e-04
176	1.35814370754976e-04
177	1.34850924765773e-04
178	1.40087431162300e-04
179	1.30546443907202e-04
180	1.34807670593248e-04
181	1.32992017341548e-04
182	1.33186099590302e-04
183	1.34183137385338e-04
184	1.33599796684687e-04
185	1.36958351404001e-04
186	1.33997084208485e-04
187	1.34773058207694e-04
188	1.36149647131454e-04
189	1.35036752767471e-04
190	1.34508394768440e-04
191	1.37705022071547e-04
192	1.34367974878037e-04
193	1.33942820710624e-04
194	1.34751800270113e-04
195	1.33615866686977e-04
196	1.32831566838759e-04
197	1.35022310275224e-04
198	1.31907622035912e-04
199	1.33913802567700e-04
200	1.37338524849303e-04
201	1.34328521380203e-04
202	1.34654699782320e-04
203	1.33701671625888e-04
204	1.33896479423032e-04
205	1.32996576592048e-04
206	1.31798883159703e-04
207	1.35727969719240e-04
208	1.33533346152847e-04
209	1.31571999492748e-04
210	1.32389010479720e-04
211	1.30216125067715e-04
212	1.31894036101394e-04
213	1.30018070158524e-04
214	1.32618657804973e-04
215	1.33119201910683e-04
216	1.33491301046788e-04
217	1.31923779057866e-04
218	1.35803309970686e-04
219	1.33669755358152e-04
220	1.38220520341412e-04
221	1.31919424380794e-04
222	1.33409872155606e-04
223	1.32702491712691e-04
224	1.32498637857543e-04
225	1.36348276528231e-04
226	1.36135602206614e-04
227	1.33607282439782e-04
228	1.30131527418497e-04
229	1.32543382542080e-04
230	1.33514251699188e-04
231	1.33085593849462e-04
232	1.36273693606392e-04
233	1.37512075382949e-04
234	1.32561651951344e-04
235	1.32195623927874e-04
236	1.37748907195543e-04
237	1.34901549849435e-04
238	1.32826855208039e-04
239	1.32762449309571e-04
240	1.34417013589049e-04
241	1.36046913488017e-04
242	1.36421328009365e-04
243	1.31866916260901e-04
244	1.35847506167075e-04
245	1.33179551041653e-04
246	1.38561731661351e-04
247	1.33507451890569e-04
248	1.31553530320211e-04
249	1.37049870570770e-04
250	1.34334021145810e-04
251	1.30578147607898e-04
252	1.31648807852258e-04
253	1.33906304241452e-04
254	1.31404432530197e-04
255	1.33141308534153e-04
256	1.36051945336902e-04
257	1.33889435848975e-04
258	1.31029503426716e-04
259	1.33033562489379e-04
260	1.33459666641183e-04
261	1.32501929170432e-04
262	1.36373353960798e-04
263	1.32974147971018e-04
264	1.31787234531667e-04
265	1.29264293613564e-04
266	1.30790268009795e-04
267	1.32707326939997e-04
268	1.28944949482190e-04
269	1.32815450257177e-04
270	1.35475725732232e-04
271	1.37166534011586e-04
272	1.36954272764346e-04
273	1.34079155220341e-04
274	1.33882045138436e-04
275	1.36024511817985e-04
276	1.29731086781573e-04
277	1.32637986386806e-04
278	1.30042335968715e-04
279	1.30063794409386e-04
280	1.30473117336862e-04
281	1.30583957230032e-04
282	1.35706491575714e-04
283	1.36261355128972e-04
284	1.31541343261583e-04
285	1.31880410018354e-04
286	1.30922784805356e-04
287	1.29787712312997e-04
288	1.31399032586525e-04
289	1.33301559501345e-04
290	1.35673547132707e-04
291	1.36510056044043e-04
292	1.31318110603109e-04
293	1.32144088793768e-04
294	1.36936388664218e-04
295	1.37094900477332e-04
296	1.31446299304550e-04
297	1.33977892075879e-04
298	1.29103917134089e-04
299	1.31935576283960e-04
300	1.37011598072932e-04
301	1.34099691364726e-04
302	1.32975571197295e-04
303	1.38785422961250e-04
304	1.33585308490701e-04
305	1.37616442301371e-04
306	1.30779215916074e-04
307	1.36156004400542e-04
308	1.28996941946040e-04
309	1.32342390207300e-04
310	1.34541101456356e-04
311	1.35566281952273e-04
312	1.30596250992087e-04
313	1.31484325123843e-04
314	1.32429819111171e-04
315	1.27009460107094e-04
316	1.33160277069029e-04
317	1.27285807423683e-04
318	1.33955433134064e-04
319	1.34135505889034e-04
320	1.39694038707054e-04
321	1.36661363719675e-04
322	1.32537331195893e-04
323	1.31560740695125e-04
324	1.36781304185273e-04
325	1.36740614635003e-04
326	1.33296929094165e-04
327	1.33229365698443e-04
328	1.30373148880440e-04
329	1.36332628662775e-04
330	1.35283612439864e-04
331	1.27619123483995e-04
332	1.33996046396099e-04
333	1.33267536414167e-04
334	1.34840262462380e-04
335	1.32244390900219e-04
336	1.31339548542620e-04
337	1.32922783671643e-04
338	1.31202135917020e-04
339	1.30630254397684e-04
340	1.34717495371272e-04
341	1.29089350576551e-04
342	1.32054748307375e-04
343	1.27068383796488e-04
344	1.32177461246197e-04
345	1.27248358659633e-04
346	1.23567440442256e-04
347	1.32696530050549e-04
348	1.37979524865421e-04
349	1.30332921084775e-04
350	1.32816021391551e-04
351	1.33797119412233e-04
352	1.36536118667310e-04
353	1.33285850572127e-04
354	1.33259645437301e-04
355	1.32091319544449e-04
356	1.37281033574106e-04
357	1.32568493653553e-04
358	1.34073281477539e-04
359	1.31967107508824e-04
360	1.35914203551642e-04
361	1.31877053484849e-04
362	1.34995645489916e-04
363	1.28828434860030e-04
364	1.32817709480437e-04
365	1.34649342504802e-04
366	1.33660348676157e-04
367	1.29550625988173e-04
368	1.25472043118318e-04
369	1.33220206339248e-04
370	1.33098345481675e-04
371	1.29754034155788e-04
372	1.35113128162485e-04
373	1.32906747088096e-04
374	1.31495104965002e-04
375	1.29671785312374e-04
376	1.37458815392105e-04
377	1.31466899331551e-04
378	1.28676313172702e-04
379	1.34593589936866e-04
380	1.31222404593501e-04
381	1.29149378271332e-04
382	1.33037266382140e-04
383	1.26537581483803e-04
384	1.37197635219359e-04
385	1.30445004826167e-04
386	1.33940398215908e-04
387	1.34776147939396e-04
388	1.30080024480772e-04
389	1.29141568851718e-04
390	1.30160615833208e-04
391	1.33987878430842e-04
392	1.30983113003125e-04
393	1.32658508239275e-04
394	1.35967528254288e-04
395	1.30977370609918e-04
396	1.29475677551120e-04
397	1.35674163695076e-04
398	1.28185537572378e-04
399	1.31313521253720e-04
400	1.36077169267263e-04
401	1.33185770572399e-04
402	1.32913893942569e-04
403	1.34172950878183e-04
404	1.27551956431766e-04
405	1.33411583665636e-04
406	1.30760290470892e-04
407	1.39553069359821e-04
408	1.37378702899651e-04
409	1.30041655470202e-04
410	1.30956479505009e-04
411	1.28669341364730e-04
412	1.35538045717470e-04
413	1.34097374646505e-04
414	1.34000487539367e-04
415	1.34052181334555e-04
416	1.35529883878214e-04
417	1.26719914335580e-04
418	1.26628235090799e-04
419	1.30177320521882e-04
420	1.36766498603469e-04
421	1.29015067113675e-04
422	1.28096891696433e-04
423	1.24419716215003e-04
424	1.30224300627470e-04
425	1.31383357683483e-04
426	1.26142348022284e-04
427	1.30211857012845e-04
428	1.30780703294909e-04
429	1.32500918699307e-04
430	1.31959506814565e-04
431	1.30710426538942e-04
432	1.38512921161816e-04
433	1.27728780184216e-04
434	1.30315442782396e-04
435	1.32293166868901e-04
436	1.31585997193059e-04
437	1.34205773474233e-04
438	1.32210387982816e-04
439	1.30751056004288e-04
440	1.32707560555322e-04
441	1.31202018971826e-04
442	1.26351359490381e-04
443	1.35725452720058e-04
444	1.19759815337647e-04
445	1.39252382594217e-04
446	1.33882600164907e-04
447	1.34140694940119e-04
448	1.32690114383866e-04
449	1.33523638088861e-04
450	1.27893452468618e-04
451	1.30679133324596e-04
452	1.33484069911952e-04
453	1.32983560965861e-04
454	1.35104445989993e-04
455	1.34386596354849e-04
456	1.32567982669656e-04
457	1.33425055566837e-04
458	1.26805869736057e-04
459	1.27062711873830e-04
460	1.31708088830967e-04
461	1.34445515237167e-04
462	1.30111772152374e-04
463	1.30478194919945e-04
464	1.35019122911765e-04
465	1.28069302862866e-04
466	1.31219899708009e-04
467	1.35835052183548e-04
468	1.29973742439009e-04
469	1.34204924895323e-04
470	1.23855447590690e-04
471	1.30973086992384e-04
472	1.35674174990398e-04
473	1.34852593708954e-04
474	1.26943456582500e-04
475	1.27591965439540e-04
476	1.27155334846206e-04
477	1.31777590943444e-04
478	1.35803028352769e-04
479	1.28183499174357e-04
480	1.32307856472054e-04
481	1.28352295834492e-04
482	1.33788352667099e-04
483	1.32610507886484e-04
484	1.44321842835846e-04
485	1.26471396553859e-04
486	1.33684877416978e-04
487	1.32144745389204e-04
488	1.27857292122874e-04
489	1.31777057050607e-04
490	1.24694251302294e-04
491	1.30443025425964e-04
492	1.35209037318608e-04
493	1.28607730234645e-04
494	1.30945174385148e-04
495	1.31015404436198e-04
496	1.31799877499174e-04
497	1.34572165463282e-04
498	1.33691782168091e-04
499	1.31224686728288e-04
