1	1.89402991049101e-04
2	2.46924320463081e-04
3	2.87408059712966e-04
4	3.18215801724436e-04
5	3.43524504343371e-04
6	3.64694460269450e-04
7	3.81461381615792e-04
8	4.00653415973078e-04
9	4.16253120115044e-04
10	4.26384112471734e-04
11	4.38450319703282e-04
12	4.52471992843365e-04
13	4.60555200954912e-04
14	4.72718274125483e-04
15	4.79559793072169e-04
16	4.88119453274693e-04
17	5.00200511483982e-04
18	5.05569995610976e-04
19	5.09067531013725e-04
20	5.20071125069150e-04
21	5.20180340043070e-04
22	5.31593650454049e-04
23	5.37698429071705e-04
24	5.40023486074891e-04
25	5.44569637621104e-04
26	5.44858578459876e-04
27	5.63707905279340e-04
28	5.52362282606455e-04
29	5.67019266197156e-04
30	5.69748656670726e-04
31	5.71800856978706e-04
32	5.85421792669542e-04
33	5.84860926492658e-04
34	5.91991638596001e-04
35	5.89460839910720e-04
36	5.90882582265665e-04
37	5.96124848379399e-04
38	5.97950296104191e-04
39	6.04112586416143e-04
40	6.12160023740043e-04
41	6.24376236972137e-04
42	6.12114997245504e-04
43	6.16091619910716e-04
44	6.17217656008152e-04
45	6.09568480715658e-04
46	6.26608780475543e-04
47	6.13267837060230e-04
48	6.40470347729734e-04
49	6.30502790153784e-04
50	6.14954518675669e-04
51	6.34374862229086e-04
52	6.45852262635525e-04
53	6.26922502757854e-04
54	6.47558204644701e-04
55	6.32050466256255e-04
56	6.39931119987284e-04
57	6.59672668130797e-04
58	6.55456222720217e-04
59	6.39355963033370e-04
60	6.61289193739254e-04
61	6.59260856674186e-04
62	6.53607887391238e-04
63	6.47733703088711e-04
64	6.70278852674777e-04
65	6.61099640246585e-04
66	6.69508196182120e-04
67	6.68296901217772e-04
68	6.75402509746377e-04
69	6.74004801657038e-04
70	6.77112829801166e-04
71	6.51068731124658e-04
72	6.57758256010196e-04
73	6.68247233065932e-04
74	6.82243012644940e-04
75	6.95588815304705e-04
76	6.73230107946582e-04
77	6.65834468829851e-04
78	6.66850791486010e-04
79	6.73267441796032e-04
80	6.82946012602268e-04
81	6.84374987130276e-04
82	6.82099621137012e-04
83	7.01952179331145e-04
84	6.93442057968957e-04
85	7.00550951303628e-04
86	6.87965476320397e-04
87	6.93553738012063e-04
88	7.03331901882850e-04
89	6.79391655778621e-04
90	6.48825285197110e-04
91	6.92199340885881e-04
92	7.17631612787684e-04
93	6.82859791981469e-04
94	6.82703787216275e-04
95	6.86259064457097e-04
96	6.93807082216030e-04
97	6.95660772465104e-04
98	6.97838990789767e-04
99	6.60251797583165e-04
100	6.82481143222529e-04
101	6.98236989579245e-04
102	7.11584453896911e-04
103	7.15364808971939e-04
104	7.08165286527287e-04
105	7.07161013450290e-04
106	6.80840032926227e-04
107	7.03328809937055e-04
108	6.89861329793416e-04
109	6.90488888747716e-04
110	7.07041681505030e-04
111	6.90001999894579e-04
112	7.22858694122644e-04
113	7.04855144217517e-04
114	7.31106996756592e-04
115	6.89082546637948e-04
116	6.92763613137239e-04
117	7.24410223071105e-04
118	7.32265884318471e-04
119	6.93481815506670e-04
120	6.89529829920190e-04
121	6.96788523771845e-04
122	7.42429283565787e-04
123	7.11387420453447e-04
124	7.09595877479965e-04
125	7.33443437407131e-04
126	7.03454235339092e-04
127	6.90763640270194e-04
128	7.21113824789829e-04
129	6.98399615083711e-04
130	6.90550555877365e-04
131	7.21864292624057e-04
132	7.08634385559158e-04
133	7.26853454269805e-04
134	7.03734487619427e-04
135	7.27629505682608e-04
136	7.03827780795942e-04
137	7.15923594943668e-04
138	7.25319777579610e-04
139	7.11917878541910e-04
140	7.27082125108685e-04
141	7.12113239157753e-04
142	7.35581616255264e-04
143	7.07153971793626e-04
144	7.20361558996322e-04
145	7.10876268231635e-04
146	6.98341005718533e-04
147	7.07041869710747e-04
148	7.39302282529025e-04
149	7.04161522336971e-04
150	7.06077422318774e-04
151	7.66141986185622e-04
152	6.84877597507328e-04
153	7.31518905398359e-04
154	7.20726280731471e-04
155	7.13994962408945e-04
156	7.30447081368456e-04
157	6.91346759735577e-04
158	7.25307776828841e-04
159	7.08351861858176e-04
160	6.97625485092745e-04
161	7.05817905990517e-04
162	7.03442853952785e-04
163	7.13683115110701e-04
164	7.14141830200244e-04
165	7.45864654039250e-04
166	7.08834022432331e-04
167	7.02614172420759e-04
168	7.82199608688885e-04
169	6.80316395132254e-04
170	7.41090889531677e-04
171	6.85369973367870e-04
172	7.52087326859968e-04
173	7.43016722603937e-04
174	7.25761535197811e-04
175	6.85078991786773e-04
176	6.98896946313797e-04
177	7.40079403005560e-04
178	7.13350699441957e-04
179	7.98096686678059e-04
180	7.14455590727464e-04
181	7.50546254762820e-04
182	6.96516437167994e-04
183	6.98118433598536e-04
184	7.31932072311426e-04
185	7.60554277034030e-04
186	7.24995812504850e-04
187	7.21140955081824e-04
188	7.29029021007146e-04
189	7.49126571471236e-04
190	7.14278182826090e-04
191	7.13566079291487e-04
192	7.34982859680062e-04
193	7.30447765308968e-04
194	7.12397080565846e-04
195	7.11609371326326e-04
196	7.32245496626198e-04
197	6.93625410903489e-04
198	7.23727262135052e-04
199	7.89184944887994e-04
200	6.82103919146618e-04
201	7.32889079587151e-04
202	7.35925445701587e-04
203	7.35010971650942e-04
204	7.53314949880786e-04
205	7.01431531596978e-04
206	7.30399904629117e-04
207	7.45539200137798e-04
208	7.52495033460483e-04
209	7.70467260884253e-04
210	6.92680059023025e-04
211	7.15922330625061e-04
212	7.54458990182890e-04
213	6.91200706876232e-04
214	7.18593240986816e-04
215	7.09196413249134e-04
216	7.28743262983897e-04
217	7.50638423897288e-04
218	6.95613803824910e-04
219	6.94540757723019e-04
220	7.59494079720228e-04
221	7.20942908851383e-04
222	7.19393266516769e-04
223	7.16469664282917e-04
224	7.70718580533622e-04
225	7.54560259952868e-04
226	7.23096009784525e-04
227	7.22750543540498e-04
228	7.37055711425592e-04
229	6.80988467746426e-04
230	6.85993410611755e-04
231	7.25983462986983e-04
232	7.47725594810307e-04
233	7.39331052766086e-04
234	7.25151542067151e-04
235	7.00910284535196e-04
236	7.67608033475524e-04
237	7.19945542774025e-04
238	6.89583822406011e-04
239	7.48992997823993e-04
240	7.29377130640824e-04
241	7.83902767081954e-04
242	7.15353163089320e-04
243	7.12918691801649e-04
244	7.10624032017903e-04
245	6.96298947001034e-04
246	7.18609247824305e-04
247	7.43547141819048e-04
248	6.94007564614412e-04
249	6.62889560224061e-04
250	6.92998583081214e-04
251	7.50914652453904e-04
252	7.05024822515828e-04
253	7.03271618309456e-04
254	7.12423823171632e-04
255	7.53565785469808e-04
256	7.17084286901329e-04
257	6.77179780439577e-04
258	7.00334691692712e-04
259	7.59548897690288e-04
260	7.05396460225328e-04
261	7.20296151980785e-04
262	7.55143825580809e-04
263	7.90633043819397e-04
264	6.87937569601442e-04
265	6.54405135100417e-04
266	7.17598412658238e-04
267	7.53137557320868e-04
268	7.08570175613793e-04
269	6.70330412233347e-04
270	6.67282449365486e-04
271	7.24346350986262e-04
272	7.50683396871511e-04
273	7.52365150490297e-04
274	7.07546068095071e-04
275	7.01904963433245e-04
276	7.28997262796349e-04
277	6.98166821890699e-04
278	7.37669356602356e-04
279	6.95107439791311e-04
280	7.48895751167786e-04
281	7.09139673640424e-04
282	6.48102281885118e-04
283	6.78680869145857e-04
284	6.88122256152233e-04
285	7.12736108016209e-04
286	7.37264640445294e-04
287	7.41258175166154e-04
288	6.83519488261837e-04
289	6.92532852348410e-04
290	6.70940109276614e-04
291	7.20487018945096e-04
292	7.29387067148797e-04
293	6.89721457694162e-04
294	7.22417446052854e-04
295	7.11521198011827e-04
296	7.25398666400158e-04
297	7.09779387140967e-04
298	7.07147690620698e-04
299	7.19776977193137e-04
300	7.28674526315508e-04
301	7.23849372565566e-04
302	7.21222684800785e-04
303	6.93432961123087e-04
304	6.97017899473490e-04
305	7.39317121064345e-04
306	7.45524763906887e-04
307	7.24381863539290e-04
308	7.25153010253336e-04
309	6.72117354792680e-04
310	6.65878002362044e-04
311	6.31692507347598e-04
312	6.69514116732649e-04
313	7.10955495663432e-04
314	6.81061088155499e-04
315	7.29731144608312e-04
316	7.44084847892746e-04
317	7.10016367643682e-04
318	6.97554133895785e-04
319	6.96810932540171e-04
320	7.09785345015156e-04
321	7.62861012617199e-04
322	7.62636937966110e-04
323	6.95970523909969e-04
324	7.15281292945206e-04
325	7.22313828813150e-04
326	7.15450806872332e-04
327	7.29636026253869e-04
328	6.98211848051069e-04
329	6.57044103897200e-04
330	6.63932916580718e-04
331	6.58947402471021e-04
332	6.79354651873888e-04
333	7.15102772415763e-04
334	6.85153633366252e-04
335	6.69029904607665e-04
336	6.65851606744331e-04
337	6.16457996155486e-04
338	6.44226275666086e-04
339	7.05382364617753e-04
340	7.33573377771501e-04
341	7.37389983910325e-04
342	6.99464097977532e-04
343	7.30380661188780e-04
344	7.15966959510492e-04
345	6.72440929043877e-04
346	6.85183592916020e-04
347	7.06409482944468e-04
348	7.02681930242943e-04
349	7.10687680429096e-04
350	7.00772993986113e-04
351	7.40331551183305e-04
352	7.06723325300607e-04
353	7.13760377950496e-04
354	7.48624200966796e-04
355	7.05930148780250e-04
356	6.97902636330528e-04
357	7.21932164645051e-04
358	7.45881960815669e-04
359	7.31308266690501e-04
360	6.97214884038511e-04
361	6.95376371834128e-04
362	6.98032267072485e-04
363	6.70836729577896e-04
364	6.95163122206337e-04
365	6.82567834710789e-04
366	6.76020988104906e-04
367	6.97690693356840e-04
368	7.30475235221040e-04
369	7.00811818242841e-04
370	7.29187539323611e-04
371	7.36136995048224e-04
372	7.53631670742155e-04
373	7.48303263584557e-04
374	7.12137778661363e-04
375	6.95335534121873e-04
376	6.81802756195655e-04
377	7.06724280512999e-04
378	6.95871903074999e-04
379	7.11476618390115e-04
380	7.22504535241728e-04
381	6.89231762626880e-04
382	6.99345799809840e-04
383	6.78773221405627e-04
384	6.67108705041138e-04
385	7.15930468542008e-04
386	6.95756880460023e-04
387	6.95521058614784e-04
388	7.29546418001471e-04
389	7.32070213925024e-04
390	6.99575507076625e-04
391	7.06819228762370e-04
392	7.09203192565410e-04
393	7.08077159737013e-04
394	6.98614878527819e-04
395	7.00384210824470e-04
396	6.98533089366092e-04
397	7.27452830638222e-04
398	7.19884786890898e-04
399	7.22993281922390e-04
400	6.85798052365541e-04
401	7.20471681303195e-04
402	7.43161527040735e-04
403	7.70481732650378e-04
404	7.50820823305591e-04
405	7.55244045242745e-04
406	7.65006038812050e-04
407	7.36050073330431e-04
408	7.30582138258431e-04
409	6.91227716656687e-04
410	6.81979724451084e-04
411	6.82188174902220e-04
412	7.12696600207253e-04
413	7.72347679949626e-04
414	7.72006159645024e-04
415	7.24717786658854e-04
416	7.22084024233666e-04
417	7.39282587922158e-04
418	7.04771837161736e-04
419	6.94805873599703e-04
420	6.78759387645876e-04
421	6.40413632893544e-04
422	6.48200988984364e-04
423	6.81169007515991e-04
424	7.16259159506362e-04
425	7.06256739917422e-04
426	7.16744745375806e-04
427	6.75083570184264e-04
428	6.62754487443535e-04
429	6.76905537340323e-04
430	6.58393136440687e-04
431	6.57160307438312e-04
432	6.73909423417493e-04
433	6.98675638960567e-04
434	7.13206851157996e-04
435	6.97789142717973e-04
436	7.05532443940282e-04
437	7.41778600518134e-04
438	7.43724076561706e-04
439	7.48434019790018e-04
440	7.82397838665131e-04
441	7.45640562332005e-04
442	7.62092042803505e-04
443	7.13738985479677e-04
444	6.81279667102026e-04
445	6.57223245018025e-04
446	6.26906808709505e-04
447	6.49920598976126e-04
448	6.83636789323746e-04
449	7.34336336007575e-04
450	7.18534378910896e-04
451	7.27806471837398e-04
452	7.54476381235638e-04
453	8.09790965335468e-04
454	8.18379276760220e-04
455	8.29013244443179e-04
456	7.68386228149362e-04
457	7.11978109404515e-04
458	6.85909814464411e-04
459	6.39779574072932e-04
460	6.36643385561140e-04
461	6.70322385790055e-04
462	7.13993729796811e-04
463	7.36928708091461e-04
464	7.51465544341580e-04
465	7.64233935437178e-04
466	7.61307832322343e-04
467	7.82068354008814e-04
468	8.05090363121905e-04
469	7.28591188857043e-04
470	6.97633299728213e-04
471	6.84904042999192e-04
472	6.65971189282424e-04
473	6.64778951871550e-04
474	6.05074006564471e-04
475	5.91873382773083e-04
476	5.93753136653422e-04
477	6.63334896032950e-04
478	7.20991421458094e-04
479	7.51077233117348e-04
480	7.67220923646573e-04
481	7.95112149704370e-04
482	7.69837845428634e-04
483	7.50561390638896e-04
484	7.29937996216569e-04
485	7.05870664428301e-04
486	6.78649437638441e-04
487	6.72283850125112e-04
488	6.69583578628116e-04
489	6.65056409155652e-04
490	6.45759663172037e-04
491	6.46112968450366e-04
492	6.25312320668594e-04
493	6.67194438520616e-04
494	6.84747839333069e-04
495	6.63618391212251e-04
496	6.41221407271892e-04
497	6.37495443104040e-04
498	6.43634534206326e-04
499	6.24881730919064e-04
