1	8.34589595059364e-05
2	1.10171401694519e-04
3	1.29175933881736e-04
4	1.44275540052229e-04
5	1.56909618627066e-04
6	1.67773082955945e-04
7	1.77626544434587e-04
8	1.86239047533166e-04
9	1.94164178202475e-04
10	2.01822137091111e-04
11	2.08406866415505e-04
12	2.14801031070780e-04
13	2.21256549732097e-04
14	2.26654082705518e-04
15	2.31446937571178e-04
16	2.36450499838356e-04
17	2.41444718383766e-04
18	2.45701570806844e-04
19	2.51337193832037e-04
20	2.54507036575274e-04
21	2.58614939995733e-04
22	2.62631837366214e-04
23	2.66484943664909e-04
24	2.70016616053997e-04
25	2.73990598575872e-04
26	2.77552163830585e-04
27	2.81050457142858e-04
28	2.84315561871699e-04
29	2.86094743473377e-04
30	2.90304225520343e-04
31	2.93433416105809e-04
32	2.94372568533260e-04
33	2.98937222333183e-04
34	3.00946667253971e-04
35	3.05368460482443e-04
36	3.06125349936524e-04
37	3.09920803457224e-04
38	3.11134262883052e-04
39	3.13623078876048e-04
40	3.15920328033066e-04
41	3.18094619151611e-04
42	3.22714496057215e-04
43	3.21813985884556e-04
44	3.26920906373122e-04
45	3.26915434586353e-04
46	3.28878943279986e-04
47	3.31924581135211e-04
48	3.33616472153238e-04
49	3.35063534417827e-04
50	3.38270736632285e-04
51	3.39360191283508e-04
52	3.43137589212583e-04
53	3.45886985779980e-04
54	3.45042965947209e-04
55	3.47000782308100e-04
56	3.48260969745522e-04
57	3.48614405170628e-04
58	3.49945533274704e-04
59	3.51655587127750e-04
60	3.57318783374946e-04
61	3.58118777497356e-04
62	3.56790387774486e-04
63	3.59791565738459e-04
64	3.61840577551997e-04
65	3.63119518934799e-04
66	3.63511275642412e-04
67	3.64883883807298e-04
68	3.68167600930440e-04
69	3.66652230280406e-04
70	3.70660929847986e-04
71	3.70162610073139e-04
72	3.70750163723503e-04
73	3.76775389112926e-04
74	3.75036094588746e-04
75	3.78145327526135e-04
76	3.79359738005717e-04
77	3.78831605827021e-04
78	3.83735338501661e-04
79	3.80340840204425e-04
80	3.83730730317754e-04
81	3.86250361137394e-04
82	3.86037827407325e-04
83	3.88499021852086e-04
84	3.90305374884581e-04
85	3.92239876382870e-04
86	3.93040152117863e-04
87	3.94317496971963e-04
88	3.95541424369504e-04
89	3.97111059617940e-04
90	3.90103384726548e-04
91	3.99488639485886e-04
92	3.95709279087735e-04
93	3.99162489821308e-04
94	3.98015300921685e-04
95	3.98168154448111e-04
96	4.00771509745903e-04
97	4.03018358448142e-04
98	4.03614318763602e-04
99	4.01556168656244e-04
100	4.06536102914850e-04
101	4.04646687482045e-04
102	4.10326422001498e-04
103	4.05428426402518e-04
104	4.12338856770265e-04
105	4.13251647316159e-04
106	4.14302179909201e-04
107	4.16707420208525e-04
108	4.13637427160934e-04
109	4.15423840689652e-04
110	4.13529416244129e-04
111	4.18389375985137e-04
112	4.17112225150501e-04
113	4.16356576901786e-04
114	4.18729785905334e-04
115	4.18325377453408e-04
116	4.17863698582718e-04
117	4.22781734429463e-04
118	4.16537131794719e-04
119	4.26212580076031e-04
120	4.24894427507318e-04
121	4.26329150725097e-04
122	4.25465832082180e-04
123	4.27122939230052e-04
124	4.24846125050852e-04
125	4.25384704561208e-04
126	4.26157087317576e-04
127	4.26580883396036e-04
128	4.29008716575174e-04
129	4.29125350755291e-04
130	4.33556305764811e-04
131	4.33114142025280e-04
132	4.31307052861446e-04
133	4.32278613397298e-04
134	4.36986958353848e-04
135	4.33988001022064e-04
136	4.33777992854521e-04
137	4.29955350428040e-04
138	4.31877533918240e-04
139	4.39247262327746e-04
140	4.32073862522935e-04
141	4.41105632756032e-04
142	4.33254053706663e-04
143	4.44272666017553e-04
144	4.40795933203954e-04
145	4.42038417344524e-04
146	4.44456198839868e-04
147	4.40532007610655e-04
148	4.44516756729471e-04
149	4.46310528014624e-04
150	4.41633124153970e-04
151	4.42039248567016e-04
152	4.44782549399778e-04
153	4.49352716817932e-04
154	4.53189863213283e-04
155	4.50892683791970e-04
156	4.46160940477526e-04
157	4.47273529807218e-04
158	4.47762972067875e-04
159	4.46730363622954e-04
160	4.45305270113030e-04
161	4.49408658934763e-04
162	4.49057480777758e-04
163	4.51622753178886e-04
164	4.49075237015699e-04
165	4.46851163458926e-04
166	4.55313641702139e-04
167	4.54624449763352e-04
168	4.49804156476859e-04
169	4.51976427640522e-04
170	4.64229503693455e-04
171	4.53038487179311e-04
172	4.58025091064175e-04
173	4.62036068435521e-04
174	4.56877585356697e-04
175	4.46788381206717e-04
176	4.56846213346501e-04
177	4.59259803976886e-04
178	4.61393815414530e-04
179	4.57611642378886e-04
180	4.55254722449258e-04
181	4.61111891482872e-04
182	4.56672547519783e-04
183	4.59693512129317e-04
184	4.61222594511153e-04
185	4.61984726509565e-04
186	4.64495075795160e-04
187	4.74893196476109e-04
188	4.64261892914372e-04
189	4.65328032973732e-04
190	4.61765108876763e-04
191	4.69196507590493e-04
192	4.65847183074962e-04
193	4.67100939050111e-04
194	4.70974686892345e-04
195	4.68876707964488e-04
196	4.72935228428408e-04
197	4.75227771910898e-04
198	4.74266584361008e-04
199	4.64252109374588e-04
200	4.69774572493215e-04
201	4.65076145800277e-04
202	4.72858386512838e-04
203	4.69187675401568e-04
204	4.72275157562166e-04
205	4.79386922784340e-04
206	4.68715965497323e-04
207	4.82228169638987e-04
208	4.82324084378491e-04
209	4.74076903255059e-04
210	4.74737361548073e-04
211	4.80740282174239e-04
212	4.77097261642728e-04
213	4.75191705015598e-04
214	4.89315242003188e-04
215	4.81027596171667e-04
216	4.71270490582174e-04
217	4.68818137182102e-04
218	4.68351119968856e-04
219	4.68079642760799e-04
220	4.77863795456543e-04
221	4.80446367353439e-04
222	4.80782330777524e-04
223	4.75749768509831e-04
224	4.81204250092451e-04
225	4.73440083204964e-04
226	4.80068153109691e-04
227	4.75934795774910e-04
228	4.74375435368090e-04
229	4.92604117074892e-04
230	4.87175870193802e-04
231	4.69301146341815e-04
232	4.85506792407095e-04
233	4.83634884382199e-04
234	4.86997308896266e-04
235	4.80591726377013e-04
236	4.71299223641111e-04
237	4.80190768507323e-04
238	4.90027108582096e-04
239	4.83083893672008e-04
240	4.91693761924608e-04
241	4.93363102927941e-04
242	4.86496580384391e-04
243	4.82208559301064e-04
244	4.89179447735977e-04
245	4.84093107714942e-04
246	4.90304156215989e-04
247	4.85826260893910e-04
248	4.81448126067002e-04
249	4.89832380519920e-04
250	4.92327926542779e-04
251	4.99209281423416e-04
252	4.91893262915113e-04
253	4.94401146954883e-04
254	4.78456707805978e-04
255	4.95001630992800e-04
256	4.87971785931447e-04
257	4.85539670589234e-04
258	4.97742310587283e-04
259	4.93817143661018e-04
260	4.87060236699965e-04
261	4.92879953197841e-04
262	4.88558360483292e-04
263	4.91651114959597e-04
264	5.01084925818805e-04
265	4.91814441386742e-04
266	4.91482069982454e-04
267	4.95121434533241e-04
268	4.99734780816478e-04
269	4.93700134848422e-04
270	4.90316783896712e-04
271	5.01221311791775e-04
272	4.98979240050702e-04
273	4.97018503160898e-04
274	4.91011348447259e-04
275	4.94347243409549e-04
276	5.03444071943248e-04
277	4.87631539119308e-04
278	5.04684192441700e-04
279	5.00405255041528e-04
280	4.97695845101400e-04
281	4.96057112990120e-04
282	5.01911056226097e-04
283	4.98639443814267e-04
284	4.97000578158612e-04
285	4.97636410162590e-04
286	4.99465690835052e-04
287	4.98372538821269e-04
288	4.97878017154256e-04
289	5.10641475021528e-04
290	5.06673144339321e-04
291	4.97915957896842e-04
292	4.97994582056383e-04
293	4.89260676307225e-04
294	4.96811059631449e-04
295	5.08492388450115e-04
296	5.16872272930676e-04
297	4.95790872878600e-04
298	5.12746705973952e-04
299	4.99310227688015e-04
300	4.93004418529843e-04
301	5.01458864484861e-04
302	5.03986076754560e-04
303	4.86816286897386e-04
304	5.10062101649592e-04
305	5.14001049464753e-04
306	5.03467260217693e-04
307	5.17709465384216e-04
308	5.05839538056695e-04
309	4.88522360895575e-04
310	5.08197162140341e-04
311	5.03987467145993e-04
312	5.09565589604827e-04
313	5.04840167912621e-04
314	5.09048079495531e-04
315	5.13437179375132e-04
316	4.94633618566319e-04
317	5.09615595517666e-04
318	5.01657030390762e-04
319	5.14171169547046e-04
320	5.03980468141160e-04
321	5.08210687209599e-04
322	5.13881002989081e-04
323	5.01857582740968e-04
324	5.21225229654929e-04
325	5.04471169414104e-04
326	5.17033181148647e-04
327	5.13336908618557e-04
328	5.10216046269125e-04
329	5.08598447987765e-04
330	5.06999512429916e-04
331	5.24058227370700e-04
332	4.97201442079666e-04
333	5.14517390622680e-04
334	5.04891126136342e-04
335	5.14294173337267e-04
336	5.05143589685318e-04
337	4.99374129957151e-04
338	5.13665234766136e-04
339	5.22001827324184e-04
340	5.11582127051017e-04
341	5.24137400514914e-04
342	5.28614457215326e-04
343	5.25361445838039e-04
344	5.09289336279841e-04
345	4.95202464775357e-04
346	5.12581480488925e-04
347	5.05512779267814e-04
348	5.14976076688586e-04
349	5.20654803732142e-04
350	4.96389811415441e-04
351	5.11392038999393e-04
352	5.17430086996001e-04
353	5.11266647755108e-04
354	5.22285828425961e-04
355	5.11422399448464e-04
356	5.21499762483376e-04
357	5.20652544892729e-04
358	5.09548280243850e-04
359	5.28454232215115e-04
360	5.13898480080974e-04
361	5.25712738398446e-04
362	5.24624303588009e-04
363	5.30383984865752e-04
364	5.21364147977600e-04
365	5.22324405156280e-04
366	5.13034277752495e-04
367	5.23078964310517e-04
368	5.10138721806725e-04
369	5.23050235710975e-04
370	5.21134792994934e-04
371	5.02042771959022e-04
372	5.37516643257120e-04
373	5.15408047378030e-04
374	5.21105750078600e-04
375	5.20617346882851e-04
376	5.17244983109827e-04
377	5.30582547306285e-04
378	5.08164378178686e-04
379	5.23027625090641e-04
380	5.29584415947625e-04
381	5.18168487995014e-04
382	5.36322484972266e-04
383	5.10204650979587e-04
384	5.51344230728304e-04
385	5.13443602962145e-04
386	5.28374614517752e-04
387	5.25272941533041e-04
388	5.17631294306291e-04
389	5.16466089567522e-04
390	5.23130560276590e-04
391	5.25977367106203e-04
392	5.31738940442520e-04
393	5.33067269786418e-04
394	5.33040586883749e-04
395	5.27708623930830e-04
396	5.34873096880432e-04
397	5.23280350247933e-04
398	5.27737321083492e-04
399	5.19447629841803e-04
400	5.31354824234316e-04
401	5.16618461276774e-04
402	5.28816824591689e-04
403	5.29500793832744e-04
404	5.03950685483976e-04
405	5.30974390324336e-04
406	5.22252758938999e-04
407	5.35362414205456e-04
408	5.44524415027531e-04
409	5.18109374251793e-04
410	5.37992871608000e-04
411	5.16471956310513e-04
412	5.29101815348891e-04
413	5.30334251659171e-04
414	5.27891548716215e-04
415	5.34215067266710e-04
416	5.30358570926407e-04
417	5.41613921415602e-04
418	5.29306088342209e-04
419	5.28289194925409e-04
420	5.39897662184025e-04
421	5.00929149893001e-04
422	5.34788169883847e-04
423	5.20168852273141e-04
424	5.37668565012739e-04
425	5.23420070845950e-04
426	5.28540130742606e-04
427	5.34654414245466e-04
428	5.30660718710239e-04
429	5.53307960339212e-04
430	5.03669516720799e-04
431	5.42802828477811e-04
432	5.14340169972656e-04
433	5.16961142000082e-04
434	5.17606634088916e-04
435	5.40517221579160e-04
436	5.28642103942414e-04
437	5.29836700421102e-04
438	5.30143475502006e-04
439	5.17273721059890e-04
440	5.42530293810813e-04
441	5.13962470292783e-04
442	5.40323203018432e-04
443	5.32466408864003e-04
444	5.41449396507866e-04
445	5.30744859558102e-04
446	5.39740084357886e-04
447	5.36500741703153e-04
448	5.36496936326864e-04
449	5.31410209440219e-04
450	5.24379388630343e-04
451	5.18839081492365e-04
452	5.32543132453419e-04
453	5.17555630579199e-04
454	5.19688189110199e-04
455	5.16574546473680e-04
456	5.32756774572381e-04
457	5.20626950903320e-04
458	5.31947102098284e-04
459	5.29267814462210e-04
460	5.33234637930674e-04
461	5.36194987336358e-04
462	5.24475123207715e-04
463	5.20726892850434e-04
464	5.33684301326184e-04
465	5.30072145048250e-04
466	5.25258919336932e-04
467	5.31147158450786e-04
468	5.18694568440317e-04
469	5.34313135507161e-04
470	5.37550965771196e-04
471	5.44723032102029e-04
472	5.23652622854930e-04
473	5.19107802120351e-04
474	5.27066588859448e-04
475	5.19196698003799e-04
476	5.29220052474571e-04
477	5.37179246318860e-04
478	5.43690831612071e-04
479	5.34374181355264e-04
480	5.41527999442629e-04
481	5.51204743003980e-04
482	5.35790997279667e-04
483	5.54167658397196e-04
484	5.42339141193122e-04
485	5.36719711645398e-04
486	5.41053990593059e-04
487	5.37618164610351e-04
488	5.41220774603999e-04
489	5.27605361295164e-04
490	5.24531279329888e-04
491	5.45355687330888e-04
492	5.26137034345778e-04
493	5.32980716303919e-04
494	5.31982126852971e-04
495	5.36878117646416e-04
496	5.32971614588986e-04
497	5.28114904434566e-04
498	5.38616682633018e-04
499	5.29555335366973e-04
