1	1.28665893983656e-04
2	1.52002293894887e-04
3	1.66010423874973e-04
4	1.73999389363077e-04
5	1.79079954693872e-04
6	1.86448570659982e-04
7	1.89485944684451e-04
8	1.90726710754490e-04
9	1.93603625358973e-04
10	1.96186769037220e-04
11	1.94799254883687e-04
12	1.99644224658834e-04
13	1.96905914978256e-04
14	2.00151458483107e-04
15	2.02168238174957e-04
16	2.04540729416961e-04
17	2.03534275567264e-04
18	2.03069403731163e-04
19	2.02915461690581e-04
20	2.06205543783836e-04
21	2.07596789553450e-04
22	2.05909734608506e-04
23	2.05063458236860e-04
24	2.06060349966165e-04
25	2.06508276981791e-04
26	2.06885983545133e-04
27	2.01640862409450e-04
28	2.06129717618538e-04
29	2.01559258656840e-04
30	2.06505007122698e-04
31	2.08224783006708e-04
32	2.02920733247774e-04
33	2.07738327730613e-04
34	2.10000542671225e-04
35	2.00569253195264e-04
36	2.02357937562626e-04
37	2.02186411466054e-04
38	2.09107724147821e-04
39	2.08464850266794e-04
40	2.09538482811899e-04
41	2.10673934825921e-04
42	2.02581230948958e-04
43	2.03831813816623e-04
44	2.05520002851434e-04
45	2.01886390408274e-04
46	2.02288648286934e-04
47	2.06990153932475e-04
48	2.08837912702577e-04
49	2.04712274892940e-04
50	2.13384991333194e-04
51	2.08493286220277e-04
52	2.04670143092498e-04
53	2.04766612908952e-04
54	1.99280471836656e-04
55	1.97571117327278e-04
56	2.05574347909981e-04
57	1.98318805803390e-04
58	1.98137038397120e-04
59	2.10865256997860e-04
60	2.00532838648808e-04
61	2.00471746294275e-04
62	2.02893573285241e-04
63	2.05698619460815e-04
64	2.03116836073268e-04
65	1.96379569243601e-04
66	2.02876475116140e-04
67	2.07530693222487e-04
68	2.03575799758264e-04
69	2.03515883392826e-04
70	2.01942171145917e-04
71	2.07866259102603e-04
72	1.98083350121320e-04
73	2.04676502284294e-04
74	2.03061202621750e-04
75	2.08517622746782e-04
76	2.04483759890324e-04
77	2.04660766548892e-04
78	2.10338297220976e-04
79	2.12472181466888e-04
80	2.10989884962734e-04
81	2.04291942184601e-04
82	2.05581525226638e-04
83	2.03932127978326e-04
84	2.10196975934563e-04
85	2.04870289045331e-04
86	2.03619117867960e-04
87	1.96530235579834e-04
88	2.07652286215401e-04
89	2.08791943654921e-04
90	1.98358020746435e-04
91	1.98209031550602e-04
92	1.97508993960606e-04
93	2.02971371061726e-04
94	2.10535335935049e-04
95	1.96138737278322e-04
96	2.01484491680362e-04
97	2.16492339622817e-04
98	1.95563726235829e-04
99	2.02358149694728e-04
100	2.12710235421101e-04
101	1.89737243980055e-04
102	2.08369407772596e-04
103	2.06829950881489e-04
104	2.01709206642175e-04
105	2.09475716907589e-04
106	2.01559328626105e-04
107	2.06214382709581e-04
108	1.96452817595198e-04
109	2.10019564409860e-04
110	2.01363832974027e-04
111	2.05660262325865e-04
112	2.08776139654264e-04
113	2.14007538223292e-04
114	1.96164911417236e-04
115	2.06421684189684e-04
116	2.08290754882357e-04
117	1.98599342988745e-04
118	2.07319025289605e-04
119	1.98942597711308e-04
120	2.02674057031699e-04
121	2.01635244301530e-04
122	2.02223977413552e-04
123	1.94854445381945e-04
124	2.13570071849968e-04
125	2.03728823476478e-04
126	1.94727598797898e-04
127	2.06886032264374e-04
128	2.10643817784128e-04
129	2.09684066621287e-04
130	2.04055498347677e-04
131	2.01500320180260e-04
132	2.11439642228626e-04
133	2.09613325604424e-04
134	2.00654811869745e-04
135	2.09919802940608e-04
136	1.92028253046034e-04
137	2.17194418671005e-04
138	2.00920492287051e-04
139	2.07323161816441e-04
140	2.11220518958019e-04
141	2.05643405680456e-04
142	2.20291213769407e-04
143	1.94612079344420e-04
144	2.06986359583605e-04
145	2.14279239944146e-04
146	2.15917314510549e-04
147	2.06961314848052e-04
148	1.96895108320542e-04
149	2.12897515155135e-04
150	2.07424950611797e-04
151	2.04092351534945e-04
152	2.02571967096751e-04
153	2.03906862893550e-04
154	2.05692372187839e-04
155	2.11160933443158e-04
156	2.00984853404105e-04
157	2.08339522419667e-04
158	2.13710805283960e-04
159	2.08541265130542e-04
160	2.10814705154940e-04
161	1.99952448201024e-04
162	2.02846197065167e-04
163	2.02185515387372e-04
164	2.03209244090868e-04
165	2.01774899296642e-04
166	2.01989466624448e-04
167	1.97113891272855e-04
168	2.15968634738467e-04
169	2.14536217291520e-04
170	2.00568184750855e-04
171	2.11037403871982e-04
172	2.08991413184588e-04
173	2.13139560560076e-04
174	2.04116633336711e-04
175	2.07038387177563e-04
176	2.17388950660156e-04
177	2.01512195969593e-04
178	1.98413745186824e-04
179	2.00327237384226e-04
180	1.96361401769561e-04
181	2.09165729229276e-04
182	1.93042472869172e-04
183	1.93161948513031e-04
184	1.94142733207826e-04
185	2.06512205405908e-04
186	2.09566197770187e-04
187	2.08833018234785e-04
188	1.96720080771283e-04
189	2.06593830088231e-04
190	1.93177328705977e-04
191	1.96837989850715e-04
192	2.11338759599256e-04
193	2.06168362541020e-04
194	2.14767694788776e-04
195	2.01619550401821e-04
196	2.11989843554371e-04
197	2.10374474481987e-04
198	2.03833711641552e-04
199	1.93168207552789e-04
200	2.21135917690785e-04
201	1.99714479504039e-04
202	2.06433979556594e-04
203	1.97590665400522e-04
204	2.14325900222768e-04
205	2.12062112453213e-04
206	2.14733419945143e-04
207	2.00325419569253e-04
208	1.97987388004006e-04
209	2.03990796955537e-04
210	2.09524092739756e-04
211	2.16351638939285e-04
212	2.09756444227886e-04
213	2.03644676591238e-04
214	2.01680910004719e-04
215	1.97481050763291e-04
216	2.05783893697083e-04
217	2.17446750535140e-04
218	2.15229807755330e-04
219	2.02649720226196e-04
220	2.02079002268347e-04
221	2.12037629190182e-04
222	2.05038044705671e-04
223	2.07255291987224e-04
224	2.15130220359995e-04
225	2.11039150735046e-04
226	2.21860041738289e-04
227	2.12106735399412e-04
228	2.02602545537623e-04
229	2.14786572087277e-04
230	2.04957734397351e-04
231	2.13478378172690e-04
232	2.08186547090275e-04
233	2.06801913443394e-04
234	2.02500217773309e-04
235	2.15412565637824e-04
236	2.22194029589698e-04
237	2.21554610099537e-04
238	2.03011828301586e-04
239	2.11585388377359e-04
240	2.11250893378814e-04
241	2.05239150318608e-04
242	1.97658812835791e-04
243	2.12679433829603e-04
244	2.10612166120867e-04
245	2.14963668365507e-04
246	2.13015006722530e-04
247	2.13806973165845e-04
248	2.16501760749371e-04
249	2.21166981324091e-04
250	2.06874659216942e-04
251	2.00330493351792e-04
252	2.04296069886264e-04
253	2.10365509063132e-04
254	2.14057060116181e-04
255	2.09007990216714e-04
256	2.21153652643544e-04
257	2.00008404876375e-04
258	2.10310880706386e-04
259	2.23788641971858e-04
260	2.15459475179679e-04
261	1.99381204851091e-04
262	1.99878822365860e-04
263	2.14295985046906e-04
264	2.15290170767283e-04
265	2.09312443060490e-04
266	1.97539140873568e-04
267	2.09748619364086e-04
268	2.05894670393693e-04
269	2.05332258969768e-04
270	2.08442521833513e-04
271	1.88901113074385e-04
272	2.04451727142844e-04
273	2.07982386416057e-04
274	2.15435608275160e-04
275	2.06378364291505e-04
276	2.05521153973906e-04
277	2.11853677380594e-04
278	2.29189713249485e-04
279	2.11922784724189e-04
280	2.11757905893090e-04
281	2.15113269378678e-04
282	2.04953443198713e-04
283	1.85616460226151e-04
284	2.06038534207343e-04
285	2.07073950432222e-04
286	2.08449398136276e-04
287	2.03037925680424e-04
288	2.11360556942298e-04
289	2.31805385628282e-04
290	2.26172855588659e-04
291	2.17093805224744e-04
292	2.05770297551069e-04
293	2.19156509936464e-04
294	2.13002782839661e-04
295	2.16851164047453e-04
296	1.99282150755152e-04
297	1.99715159914954e-04
298	2.01850075783828e-04
299	2.20755013814541e-04
300	2.11604816788107e-04
301	1.96781420183145e-04
302	2.03511883204495e-04
303	1.99098229600583e-04
304	2.16768594869974e-04
305	2.07566910339230e-04
306	2.18209485465047e-04
307	2.19997384573011e-04
308	2.21477280693752e-04
309	2.27745496320935e-04
310	2.20601357861377e-04
311	1.98824343427214e-04
312	1.86549463569409e-04
313	2.00859329935896e-04
314	2.06660753567258e-04
315	2.05895058913226e-04
316	2.11580219935328e-04
317	2.08359775208772e-04
318	2.07381043974525e-04
319	2.09423397673320e-04
320	2.12877348122891e-04
321	2.16297019071975e-04
322	2.18724195927104e-04
323	2.09879951612582e-04
324	2.12973090497771e-04
325	2.13694847632645e-04
326	2.01820876030693e-04
327	1.94507841757580e-04
328	1.97880037924402e-04
329	2.04821622264533e-04
330	2.20448790089506e-04
331	2.08355787715213e-04
332	2.15166877717216e-04
333	2.07320428959433e-04
334	2.09498879712617e-04
335	2.20554805042145e-04
336	2.10117294770050e-04
337	2.12635041420265e-04
338	2.25064299525560e-04
339	2.22140516679098e-04
340	2.13923819031271e-04
341	2.15240623556271e-04
342	2.11414966702277e-04
343	2.08768084509463e-04
344	2.19213002424938e-04
345	2.10302145017900e-04
346	2.23034736487776e-04
347	2.27426043630717e-04
348	2.18181064372705e-04
349	2.08199720966325e-04
350	2.24634961144802e-04
351	2.21338617315785e-04
352	2.28856339891118e-04
353	2.25488182379977e-04
354	2.12591712729499e-04
355	2.07031318205582e-04
356	2.06483142842300e-04
357	2.00795973430046e-04
358	2.19263438086396e-04
359	2.14936789070970e-04
360	2.18203475090237e-04
361	2.14657163380672e-04
362	2.14390700868961e-04
363	2.22408707793935e-04
364	2.04110309302371e-04
365	2.03329337703864e-04
366	2.12396770297936e-04
367	2.21579291034538e-04
368	2.04818039074849e-04
369	1.96100569342806e-04
370	2.07784146260815e-04
371	2.19196943844776e-04
372	2.22443243726264e-04
373	2.25125094099075e-04
374	2.24426483997043e-04
375	2.24316210264659e-04
376	2.11722688166365e-04
377	2.17266676222060e-04
378	2.11431934057372e-04
379	2.06896375215963e-04
380	1.98573060206769e-04
381	2.04581917175743e-04
382	2.10502634392721e-04
383	2.09863344672568e-04
384	2.21266669190049e-04
385	2.12261569151800e-04
386	2.12823022476748e-04
387	2.15138628020429e-04
388	2.25356140398604e-04
389	2.19591301109777e-04
390	2.13614431717800e-04
391	2.15129066715726e-04
392	2.25406690276825e-04
393	2.25461531286044e-04
394	2.31260791779455e-04
395	2.36722353152980e-04
396	2.25344073908808e-04
397	2.16404000667004e-04
398	2.11382242527165e-04
399	2.08322655655758e-04
400	2.27501330509785e-04
401	2.22001634411789e-04
402	2.11780172635335e-04
403	2.21674590008101e-04
404	2.24983516751843e-04
405	2.24865868459212e-04
406	2.19790017371000e-04
407	2.09424818833976e-04
408	2.27594994816353e-04
409	2.26218867716425e-04
410	2.36201997321201e-04
411	2.29124440003906e-04
412	2.35444998656812e-04
413	2.34053719135009e-04
414	2.18805933634141e-04
415	2.12617123726004e-04
416	2.09420765374096e-04
417	2.18599766634669e-04
418	2.12354723084640e-04
419	2.12243342727157e-04
420	2.22776999370036e-04
421	2.38275177164622e-04
422	2.42007602871798e-04
423	2.39432654262580e-04
424	2.22847666726309e-04
425	2.23551558299326e-04
426	2.42945624570099e-04
427	2.37735236834498e-04
428	2.26359352203949e-04
429	2.26296650870897e-04
430	2.17471204755170e-04
431	2.20338500577401e-04
432	2.25295705091025e-04
433	2.32647321621158e-04
434	2.27083794845410e-04
435	2.29959687407203e-04
436	2.33075785071765e-04
437	2.37806275298515e-04
438	2.35311535151175e-04
439	2.36252261069350e-04
440	2.41734488824296e-04
441	2.32268974609326e-04
442	2.34930997886789e-04
443	2.26951120253273e-04
444	2.31142246447656e-04
445	2.29665387177066e-04
446	2.27013744015517e-04
447	2.26106136358608e-04
448	2.22086724814222e-04
449	2.18199466132998e-04
450	2.19207682845301e-04
451	2.12904553065278e-04
452	2.26237043167716e-04
453	2.34716225111790e-04
454	2.30766510659675e-04
455	2.14707378090789e-04
456	2.21757429734252e-04
457	2.18839907896074e-04
458	2.14439009060073e-04
459	2.15776191236990e-04
460	2.20604437837463e-04
461	2.31663224187575e-04
462	2.29014228649170e-04
463	2.33379984697241e-04
464	2.32417225872478e-04
465	2.34090208414317e-04
466	2.33204144963754e-04
467	2.25427529909242e-04
468	2.17554221922286e-04
469	2.32445970753105e-04
470	2.44189886811281e-04
471	2.33504858554583e-04
472	2.44961479428412e-04
473	2.39102228712363e-04
474	2.39054013112594e-04
475	2.29541845805392e-04
476	2.17804194866100e-04
477	2.27034895000492e-04
478	2.29255328597053e-04
479	2.32720425313693e-04
480	2.26431054306874e-04
481	2.24504879923920e-04
482	2.30333832288210e-04
483	2.31049519784145e-04
484	2.35041273571293e-04
485	2.32474760676431e-04
486	2.31696430328247e-04
487	2.30715837322416e-04
488	2.30384867952184e-04
489	2.29985188840042e-04
490	2.31737234335551e-04
491	2.17611041710765e-04
492	2.07849730600322e-04
493	2.04200334396656e-04
494	2.04562271035887e-04
495	2.02307050263111e-04
496	2.06065681681508e-04
497	2.04499540896997e-04
498	2.20591583238068e-04
499	2.28434016875699e-04
