1	1.05177546695955e-03
2	1.48444189694966e-03
3	1.81562944510711e-03
4	2.09553789431022e-03
5	2.34154801606266e-03
6	2.56231876846242e-03
7	2.76752710153371e-03
8	2.95872464696049e-03
9	3.13629503471836e-03
10	3.30642938743969e-03
11	3.46592221951976e-03
12	3.61639518970570e-03
13	3.76644194990834e-03
14	3.90343037766814e-03
15	4.04007487601175e-03
16	4.17045203558236e-03
17	4.30199588646341e-03
18	4.42272667980388e-03
19	4.54341309405394e-03
20	4.67046776501469e-03
21	4.77531629206036e-03
22	4.88580842400030e-03
23	4.99514778313585e-03
24	5.10205894615577e-03
25	5.22031146651882e-03
26	5.30605442024311e-03
27	5.42409243037737e-03
28	5.51012556570892e-03
29	5.60112308988148e-03
30	5.70004756527961e-03
31	5.79698084706720e-03
32	5.88803807663773e-03
33	5.97501013086989e-03
34	6.06253756448995e-03
35	6.14971069169211e-03
36	6.24567375379587e-03
37	6.34627478364121e-03
38	6.40982464572827e-03
39	6.48733931557667e-03
40	6.59957097962203e-03
41	6.65077131588856e-03
42	6.74267900718629e-03
43	6.81811141155697e-03
44	6.89266347070808e-03
45	6.97180594592838e-03
46	7.05092775271084e-03
47	7.12389722053069e-03
48	7.20873914158074e-03
49	7.26183317440765e-03
50	7.37735266606585e-03
51	7.40718133887629e-03
52	7.49172141344136e-03
53	7.57511381817733e-03
54	7.62080460907216e-03
55	7.70516813026479e-03
56	7.78712681264103e-03
57	7.82073619021037e-03
58	7.90216619468768e-03
59	8.00548930673368e-03
60	8.02860298018699e-03
61	8.09278643160964e-03
62	8.18887723947202e-03
63	8.25720974402429e-03
64	8.28380341517286e-03
65	8.34583253842915e-03
66	8.44369020349348e-03
67	8.52143902077255e-03
68	8.54300807432630e-03
69	8.59505291133182e-03
70	8.66657844660559e-03
71	8.76691381998485e-03
72	8.82445722787088e-03
73	8.85395734520615e-03
74	8.89618783759842e-03
75	8.96440291719359e-03
76	9.05808955796291e-03
77	9.15274371155428e-03
78	9.15804253258571e-03
79	9.19893162704112e-03
80	9.23289826261137e-03
81	9.30274909234182e-03
82	9.39334815654182e-03
83	9.48969907340270e-03
84	9.52790161913559e-03
85	9.54439294161991e-03
86	9.57819799913402e-03
87	9.63118566149950e-03
88	9.68423137949809e-03
89	9.77174323722190e-03
90	9.85834340987747e-03
91	9.95236880479800e-03
92	9.95903332219793e-03
93	9.98028663205015e-03
94	1.00152483263101e-02
95	1.00471698304286e-02
96	1.01118679387992e-02
97	1.01710923480669e-02
98	1.02433044647234e-02
99	1.03294904982774e-02
100	1.04292042683660e-02
101	1.04340788889198e-02
102	1.04498796919272e-02
103	1.04772626584864e-02
104	1.05171545566233e-02
105	1.05460684821714e-02
106	1.06086854430733e-02
107	1.06593293446892e-02
108	1.07436947221313e-02
109	1.08166031859006e-02
110	1.08990864106693e-02
111	1.09925608304868e-02
112	1.10059040870579e-02
113	1.10156924019344e-02
114	1.10348781235548e-02
115	1.10624813847540e-02
116	1.10744288390829e-02
117	1.11202816581560e-02
118	1.11750699713299e-02
119	1.12120360493110e-02
120	1.12837001851679e-02
121	1.13373569687317e-02
122	1.14262666242645e-02
123	1.14962267370419e-02
124	1.15739959038459e-02
125	1.16589008917895e-02
126	1.16855886002281e-02
127	1.16882866426399e-02
128	1.16987858705332e-02
129	1.17146110784199e-02
130	1.17385024677873e-02
131	1.17686427479071e-02
132	1.18059567754233e-02
133	1.18489591822882e-02
134	1.18676629709691e-02
135	1.19230367917491e-02
136	1.19860223745212e-02
137	1.20550859437154e-02
138	1.20974958489958e-02
139	1.21795956180118e-02
140	1.22336327285369e-02
141	1.23275786713539e-02
142	1.23930253821105e-02
143	1.24864154023659e-02
144	1.24736288374835e-02
145	1.24996385449452e-02
146	1.24963487363397e-02
147	1.24960981086233e-02
148	1.25383041053531e-02
149	1.25485929494466e-02
150	1.25637799849163e-02
151	1.25841756641084e-02
152	1.26453995787147e-02
153	1.26744621773742e-02
154	1.27074506595336e-02
155	1.27461814932683e-02
156	1.27891886599619e-02
157	1.28355438084082e-02
158	1.28878041740674e-02
159	1.29445864956268e-02
160	1.30050229389449e-02
161	1.30700542472267e-02
162	1.31398116275603e-02
163	1.32132832468627e-02
164	1.32915716178978e-02
165	1.33304404268654e-02
166	1.34164480968024e-02
167	1.34794048828661e-02
168	1.34911486540157e-02
169	1.35054162623514e-02
170	1.34780083216852e-02
171	1.34990970104667e-02
172	1.35230013245897e-02
173	1.35054469445334e-02
174	1.35375130801982e-02
175	1.35726804580113e-02
176	1.35644256413674e-02
177	1.36056681741284e-02
178	1.36518123776503e-02
179	1.36524569314177e-02
180	1.37036499948388e-02
181	1.37110571008640e-02
182	1.37704087314755e-02
183	1.37816953144112e-02
184	1.38475074314373e-02
185	1.38668178384855e-02
186	1.39396017396892e-02
187	1.39634831060524e-02
188	1.40429413563260e-02
189	1.40728116067494e-02
190	1.41054272352472e-02
191	1.41942744789849e-02
192	1.42328296760149e-02
193	1.42736388175507e-02
194	1.43720781597888e-02
195	1.44187610870550e-02
196	1.44671222892869e-02
197	1.45754370510860e-02
198	1.46294287177513e-02
199	1.46862086730803e-02
200	1.47458025097082e-02
201	1.47907046566603e-02
202	1.47787785278677e-02
203	1.47684039064504e-02
204	1.47603645664861e-02
205	1.48150165567053e-02
206	1.48098499282149e-02
207	1.48092165748880e-02
208	1.48096627435235e-02
209	1.48130093515976e-02
210	1.48178246342401e-02
211	1.48875312715880e-02
212	1.48969419774722e-02
213	1.49074604325214e-02
214	1.49209243411481e-02
215	1.49358714821945e-02
216	1.49526628667286e-02
217	1.49724015861936e-02
218	1.49944574369951e-02
219	1.50171562562674e-02
220	1.50414135730988e-02
221	1.50701277305735e-02
222	1.51004492154532e-02
223	1.51318163679934e-02
224	1.51655371198408e-02
225	1.52009025351797e-02
226	1.52386548184893e-02
227	1.52782536900605e-02
228	1.53201811612158e-02
229	1.53631589410075e-02
230	1.54090532949230e-02
231	1.54571559748836e-02
232	1.55064016700875e-02
233	1.55577336188859e-02
234	1.56113839274907e-02
235	1.56667611784888e-02
236	1.57242527601266e-02
237	1.57840170877634e-02
238	1.57703294530668e-02
239	1.58324509814485e-02
240	1.58974184248231e-02
241	1.59636689317887e-02
242	1.60322649938833e-02
243	1.61027491968539e-02
244	1.61751040811298e-02
245	1.61705811773655e-02
246	1.62459946390405e-02
247	1.63236139462603e-02
248	1.64029226209018e-02
249	1.64840840623501e-02
250	1.64856515204178e-02
251	1.65022442489106e-02
252	1.65210417235632e-02
253	1.65395173438589e-02
254	1.65603476174352e-02
255	1.64990497012013e-02
256	1.65225168000759e-02
257	1.65462846916765e-02
258	1.65714958288810e-02
259	1.65151667932337e-02
260	1.65439757730463e-02
261	1.65744502603743e-02
262	1.66062718800836e-02
263	1.65526987547646e-02
264	1.65885405114377e-02
265	1.66239009842035e-02
266	1.66610220359102e-02
267	1.66117229992655e-02
268	1.66515630340990e-02
269	1.66920070178262e-02
270	1.66449668715797e-02
271	1.66901171430948e-02
272	1.67353164785242e-02
273	1.66922238832086e-02
274	1.67392279666697e-02
275	1.67877191059858e-02
276	1.67475277782780e-02
277	1.68006228760809e-02
278	1.68549462009152e-02
279	1.68168063846963e-02
280	1.68728533205038e-02
281	1.69305910348111e-02
282	1.68953126776923e-02
283	1.69560812837800e-02
284	1.69226617815402e-02
285	1.69854127904833e-02
286	1.70498260598639e-02
287	1.70190987570941e-02
288	1.70870514153836e-02
289	1.70575935364001e-02
290	1.71272089061657e-02
291	1.71986765582934e-02
292	1.71720426458667e-02
293	1.72457799281895e-02
294	1.72211794310735e-02
295	1.72974519771626e-02
296	1.73759856417593e-02
297	1.73529930921458e-02
298	1.74337917995433e-02
299	1.74120230837299e-02
300	1.74955132228555e-02
301	1.74751766670844e-02
302	1.75614367921811e-02
303	1.75431698415834e-02
304	1.76321883252650e-02
305	1.77222811876613e-02
306	1.77066360525272e-02
307	1.77995201375366e-02
308	1.77857139173138e-02
309	1.78810088365029e-02
310	1.78683938231162e-02
311	1.79666216300442e-02
312	1.79547074874948e-02
313	1.80550751601711e-02
314	1.80451942143469e-02
315	1.81479078340067e-02
316	1.81388294607593e-02
317	1.82449111778147e-02
318	1.82370845784990e-02
319	1.83452952155457e-02
320	1.83388846655162e-02
321	1.84502945943830e-02
322	1.84452277656407e-02
323	1.85590307063807e-02
324	1.85553423983430e-02
325	1.86716885856049e-02
326	1.86693551178135e-02
327	1.87884982452151e-02
328	1.87866220348941e-02
329	1.89086056615089e-02
330	1.89083101139208e-02
331	1.89081512752044e-02
332	1.90335981889538e-02
333	1.90346988838250e-02
334	1.91237014332894e-02
335	1.90672829998661e-02
336	1.91387962649143e-02
337	1.90829589594868e-02
338	1.91554202098179e-02
339	1.91007513605572e-02
340	1.90469370200120e-02
341	1.91220823709845e-02
342	1.90688438680509e-02
343	1.91442064515247e-02
344	1.90922269376680e-02
345	1.91719828866412e-02
346	1.91206592158169e-02
347	1.90695211531627e-02
348	1.91519451996919e-02
349	1.91021489025534e-02
350	1.91859406502037e-02
351	1.91373043602055e-02
352	1.90900471175764e-02
353	1.91758721566624e-02
354	1.91272789679360e-02
355	1.92154157338928e-02
356	1.91698718558990e-02
357	1.91238485826625e-02
358	1.92140511077017e-02
359	1.91675186626739e-02
360	1.92599012474581e-02
361	1.92164982712123e-02
362	1.91735111262301e-02
363	1.92689927560378e-02
364	1.92264415942870e-02
365	1.93230540391443e-02
366	1.92798282246688e-02
367	1.92377345776711e-02
368	1.93381860370745e-02
369	1.92992976502057e-02
370	1.92594652878048e-02
371	1.93620585594237e-02
372	1.93234078654870e-02
373	1.92846649134680e-02
374	1.93892890811483e-02
375	1.93520363129467e-02
376	1.94593306132452e-02
377	1.94227886131064e-02
378	1.93864441580835e-02
379	1.94962573891186e-02
380	1.94605936742666e-02
381	1.94256157164295e-02
382	1.95384326094391e-02
383	1.95042404099872e-02
384	1.94713048498506e-02
385	1.95869720741118e-02
386	1.95536097687198e-02
387	1.95215772956027e-02
388	1.96396157517631e-02
389	1.96080127997462e-02
390	1.95768532531633e-02
391	1.96979036227205e-02
392	1.96673969247939e-02
393	1.96373242860930e-02
394	1.97616238127095e-02
395	1.97323354625486e-02
396	1.97034944003690e-02
397	1.98313042324882e-02
398	1.98010703852730e-02
399	1.97734290176576e-02
400	1.97464737080982e-02
401	1.98757144271783e-02
402	1.98494252553049e-02
403	1.98237211925807e-02
404	1.99571104142930e-02
405	1.99320899595176e-02
406	1.99068059229631e-02
407	2.00433684789758e-02
408	2.00188015932371e-02
409	1.99953154964829e-02
410	2.01356188980140e-02
411	2.01124412844307e-02
412	2.00898122418609e-02
413	2.00681254919237e-02
414	2.02119965970447e-02
415	2.01900118470699e-02
416	2.01679301091618e-02
417	2.03136696458709e-02
418	2.02929294912397e-02
419	2.02728888980207e-02
420	2.02526338418894e-02
421	2.04026601247724e-02
422	2.03826134727638e-02
423	2.03631109682535e-02
424	2.05163748081200e-02
425	2.04975665560209e-02
426	2.04795183962787e-02
427	2.04621395813560e-02
428	2.06193407574856e-02
429	2.06025003123662e-02
430	2.05861597720015e-02
431	2.05700460683038e-02
432	2.07309687514595e-02
433	2.07157852863447e-02
434	2.07009503501070e-02
435	2.08661688524504e-02
436	2.08507702955547e-02
437	2.08371569619720e-02
438	2.08234022998809e-02
439	2.09917579290120e-02
440	2.09778546572735e-02
441	2.09651841520081e-02
442	2.09521316910860e-02
443	2.11245337794960e-02
444	2.11123560913952e-02
445	2.11005882041225e-02
446	2.10889943562969e-02
447	2.12657649368452e-02
448	2.12550292212541e-02
449	2.12442117214277e-02
450	2.12332429638504e-02
451	2.14139127118154e-02
452	2.14036022203391e-02
453	2.13936752973172e-02
454	2.13839373503143e-02
455	2.15692497516507e-02
456	2.15607566890256e-02
457	2.15523771021644e-02
458	2.15442527172941e-02
459	2.17335385549792e-02
460	2.17251007462879e-02
461	2.17176614665028e-02
462	2.17108482778174e-02
463	2.19050081125468e-02
464	2.18981358687241e-02
465	2.18912579071830e-02
466	2.18847390483581e-02
467	2.18787259835400e-02
468	2.20772765094046e-02
469	2.20716758524770e-02
470	2.20667509708026e-02
471	2.20614717077705e-02
472	2.22643646394648e-02
473	2.22590991228012e-02
474	2.22544863073591e-02
475	2.22503092791039e-02
476	2.22461898023630e-02
477	2.24538089850564e-02
478	2.24502809058585e-02
479	2.24472436062155e-02
480	2.24438604177286e-02
481	2.26565812229769e-02
482	2.26537988217586e-02
483	2.26510366258560e-02
484	2.26490315731793e-02
485	2.26470126896419e-02
486	2.28650033388388e-02
487	2.28628482035975e-02
488	2.28612873552353e-02
489	2.28599508585817e-02
490	2.28590184017576e-02
491	2.30822014795513e-02
492	2.30812630624575e-02
493	2.30808924295826e-02
494	2.30807338925505e-02
495	2.30808632488997e-02
496	2.33094102300248e-02
497	2.33094067674865e-02
498	2.33101677619890e-02
499	2.33106365855133e-02
