1	1.51639104067515e-08
2	1.88028115342173e-08
3	2.11287846459607e-08
4	2.26880518159006e-08
5	2.38479781529986e-08
6	2.48357005168966e-08
7	2.56852424557029e-08
8	2.61854700620692e-08
9	2.67973986950363e-08
10	2.66970807390032e-08
11	2.74334278375083e-08
12	2.74957517331065e-08
13	2.79488336655586e-08
14	2.81035985692857e-08
15	2.84662897637227e-08
16	2.91707733321744e-08
17	2.91357685755989e-08
18	2.92435991760584e-08
19	2.88143996562709e-08
20	2.90267409814235e-08
21	2.93593139086450e-08
22	2.97592348224122e-08
23	3.03219807634041e-08
24	2.96403327474743e-08
25	2.89087813301669e-08
26	3.00568654067611e-08
27	2.88592797296993e-08
28	2.97123172169537e-08
29	2.94304651726097e-08
30	2.96191320370934e-08
31	2.90089819924285e-08
32	3.00744773789310e-08
33	3.00121561446177e-08
34	2.98319747054632e-08
35	3.00283619147548e-08
36	3.06152670898976e-08
37	2.96223220519412e-08
38	3.06473653168778e-08
39	3.05174158918343e-08
40	2.96049797842730e-08
41	3.04705867965600e-08
42	2.95657098750301e-08
43	2.99044303755212e-08
44	3.01072490504540e-08
45	3.03560724025831e-08
46	2.99356345966700e-08
47	3.02912445668416e-08
48	3.03408147528805e-08
49	2.94545340937106e-08
50	2.98090549995485e-08
51	3.08181574866890e-08
52	3.03720094752148e-08
53	3.09773254474296e-08
54	2.98644118812867e-08
55	3.05546633381028e-08
56	3.07287211060814e-08
57	3.07175571773684e-08
58	3.06273121712866e-08
59	2.95677878059847e-08
60	2.95747944405155e-08
61	3.11463624893723e-08
62	3.02476759007751e-08
63	3.03821905950617e-08
64	3.03166244219211e-08
65	3.05719690673114e-08
66	3.03591627958289e-08
67	3.11177767044944e-08
68	3.11844077363123e-08
69	3.18431608729853e-08
70	2.97940306481584e-08
71	2.99470897911767e-08
72	3.09609408131380e-08
73	3.16952764919862e-08
74	3.02926321749758e-08
75	3.05087923207903e-08
76	3.08381112929395e-08
77	3.11767826326916e-08
78	3.04636443070213e-08
79	3.05687844210047e-08
80	3.05549217630172e-08
81	2.92917320863554e-08
82	3.13271332961269e-08
83	2.97709362993389e-08
84	3.05924792844927e-08
85	3.13000711156751e-08
86	2.97741860462740e-08
87	3.11746370171216e-08
88	3.09300820036092e-08
89	3.01135497505532e-08
90	3.05473456996267e-08
91	3.12352266856385e-08
92	2.99418377656122e-08
93	3.06838252275579e-08
94	3.05713670612156e-08
95	3.23061129919467e-08
96	3.05643529006182e-08
97	3.09417043307057e-08
98	3.06132595308112e-08
99	3.29527830824801e-08
100	3.04577910545442e-08
101	3.17847714294547e-08
102	3.06549952228311e-08
103	3.02224072497872e-08
104	3.03934512348511e-08
105	3.13797863932787e-08
106	3.12801877240656e-08
107	2.96071213576458e-08
108	3.08850341470758e-08
109	3.22287118639426e-08
110	3.15012525842957e-08
111	3.05321727833111e-08
112	3.03291568939958e-08
113	3.04724513003550e-08
114	3.21600015181613e-08
115	3.06652706125684e-08
116	3.08744740944509e-08
117	3.11509296205685e-08
118	2.98366743388327e-08
119	3.10533630729014e-08
120	3.04574172051921e-08
121	3.18099847425271e-08
122	3.20843269311036e-08
123	3.12857336134102e-08
124	3.09037504813738e-08
125	3.17604260363632e-08
126	2.98835914911917e-08
127	3.04647444335125e-08
128	3.16022529570947e-08
129	3.16220804347381e-08
130	3.16649227818880e-08
131	2.93869183439419e-08
132	3.07162579051027e-08
133	3.03710748818933e-08
134	3.07047292542642e-08
135	3.20224821345847e-08
136	3.09626458547131e-08
137	3.22296359951751e-08
138	3.12964953643193e-08
139	3.28165408901178e-08
140	3.01681885103922e-08
141	3.11869705069192e-08
142	3.08358097287637e-08
143	3.11584235901944e-08
144	3.00503025894321e-08
145	3.16010282502910e-08
146	3.14070824792942e-08
147	3.02533755570245e-08
148	3.09577682312258e-08
149	3.02851674268184e-08
150	3.16608386982245e-08
151	3.12721896062541e-08
152	3.06339437797178e-08
153	3.25094319394596e-08
154	3.04701787370874e-08
155	3.14234269240382e-08
156	3.15697067794968e-08
157	2.95313943703246e-08
158	3.06139877118522e-08
159	3.06407644748066e-08
160	3.11242916706092e-08
161	3.10615494661503e-08
162	3.03425083469366e-08
163	3.01328612472381e-08
164	3.16264678308017e-08
165	3.12495425600520e-08
166	3.11347078705100e-08
167	3.10587345883445e-08
168	3.07466002803825e-08
169	3.27343853668539e-08
170	3.18486268287153e-08
171	3.19394474577720e-08
172	3.07262431962471e-08
173	3.07805223339198e-08
174	2.97681924879150e-08
175	3.13686247316985e-08
176	3.22673397158810e-08
177	3.03412863436240e-08
178	3.02870157283054e-08
179	3.02151352374852e-08
180	3.16378584428018e-08
181	3.10207747059872e-08
182	3.35437511055531e-08
183	3.15750911352313e-08
184	2.94148795577603e-08
185	3.12719903352029e-08
186	3.12574726030900e-08
187	3.12831944776944e-08
188	3.11470001530488e-08
189	3.10543714197067e-08
190	3.39779796631359e-08
191	3.17316980510503e-08
192	3.10058742467191e-08
193	3.41843464955148e-08
194	3.08270340018511e-08
195	3.23084541819689e-08
196	3.00413497244718e-08
197	3.30556668174763e-08
198	3.28746110910310e-08
199	2.87383550328761e-08
200	3.01754829592442e-08
201	3.38982451978226e-08
202	3.14185251735007e-08
203	3.07310319209473e-08
204	3.14853023452163e-08
205	3.06742395803185e-08
206	3.05505710770190e-08
207	3.10313132891636e-08
208	3.06824921519857e-08
209	3.25590306181464e-08
210	3.37447088719419e-08
211	3.23131212077327e-08
212	3.17779205879240e-08
213	3.19098805667750e-08
214	3.15696296628393e-08
215	2.99740755136229e-08
216	3.26328264146747e-08
217	3.35720234846474e-08
218	3.31284415612438e-08
219	3.11331468374322e-08
220	3.25099058422477e-08
221	3.19267105869538e-08
222	3.21571954039015e-08
223	3.33783071241319e-08
224	3.24195909267691e-08
225	3.17837116488231e-08
226	3.22569503955303e-08
227	3.26783363493307e-08
228	3.24423627851469e-08
229	3.32484108913870e-08
230	3.15991207508193e-08
231	3.13283881694779e-08
232	3.17149972667552e-08
233	3.19549530901870e-08
234	3.17920063053548e-08
235	3.37990584118224e-08
236	3.11259688014648e-08
237	3.09285032407412e-08
238	3.22414707874854e-08
239	3.28479133494338e-08
240	3.16005086987277e-08
241	3.32505777179578e-08
242	3.20268648083591e-08
243	3.23435606436736e-08
244	3.33009363141487e-08
245	3.10416852258438e-08
246	3.13575898994502e-08
247	3.12537653568208e-08
248	3.35769713313926e-08
249	3.20167748134936e-08
250	3.27383712473515e-08
251	3.46955907408248e-08
252	3.37655337648493e-08
253	3.54550897098748e-08
254	3.23852347434401e-08
255	3.32836434440537e-08
256	3.33203503904131e-08
257	3.09913706886714e-08
258	3.11316152429874e-08
259	3.08631950735607e-08
260	3.32234313721146e-08
261	3.15199846725435e-08
262	3.29596335316968e-08
263	3.30516806560101e-08
264	3.44885352857755e-08
265	3.45986048213595e-08
266	3.21796191758752e-08
267	3.18339881407115e-08
268	3.36211456573444e-08
269	3.22567588742023e-08
270	3.20987257620010e-08
271	3.38043749090394e-08
272	3.15288087691366e-08
273	3.05663118725520e-08
274	3.00785630461903e-08
275	3.30019003627396e-08
276	3.24407895979901e-08
277	3.21118046890333e-08
278	3.40252139000110e-08
279	3.42457122091001e-08
280	3.26842901500946e-08
281	3.46923459292005e-08
282	3.23896280122637e-08
283	3.13970398813003e-08
284	3.40892591376711e-08
285	3.36656616961699e-08
286	3.35333647695372e-08
287	3.33777954025676e-08
288	3.30960356629950e-08
289	3.22157801869464e-08
290	3.26210797332029e-08
291	3.26205335832345e-08
292	3.08721154939620e-08
293	3.30318521395483e-08
294	3.30316797343980e-08
295	3.29673563941349e-08
296	3.35631024360783e-08
297	3.39421053458308e-08
298	3.29897693755145e-08
299	3.56383367764956e-08
300	3.47509902115765e-08
301	3.19646485261330e-08
302	3.26441483584108e-08
303	3.21082632590226e-08
304	3.04572139514351e-08
305	3.22380206486884e-08
306	3.43481371764221e-08
307	3.39411440952897e-08
308	3.34885346677543e-08
309	3.36310802250172e-08
310	3.29913467066787e-08
311	3.25829542124536e-08
312	3.64591241281238e-08
313	3.59037375808101e-08
314	3.24837835307763e-08
315	3.24125109413610e-08
316	3.34880973191354e-08
317	3.47965186071776e-08
318	3.51215497454325e-08
319	3.50708075436092e-08
320	3.36171667141155e-08
321	3.32245558921001e-08
322	3.13972267998596e-08
323	3.22665741707610e-08
324	3.04949874365689e-08
325	3.11705345769520e-08
326	3.01128557158846e-08
327	3.62580349386245e-08
328	3.58596754900155e-08
329	3.41112386991771e-08
330	3.46804149039771e-08
331	3.50906472922395e-08
332	3.38033448942298e-08
333	3.45698575488336e-08
334	3.47350537313919e-08
335	3.34500434408377e-08
336	3.46156393057767e-08
337	3.24293651485885e-08
338	3.22515156236890e-08
339	3.40435401429983e-08
340	3.39679157713110e-08
341	3.50228377223727e-08
342	3.56980611890098e-08
343	3.58997497685514e-08
344	3.37463881440199e-08
345	3.46184714452835e-08
346	3.38055003010597e-08
347	3.35834907347741e-08
348	3.24770313563140e-08
349	3.24996021236512e-08
350	3.33420568726101e-08
351	3.44472428725359e-08
352	3.59224315645742e-08
353	3.48249252828251e-08
354	3.30686512537135e-08
355	3.18443877552546e-08
356	3.08210883787460e-08
357	3.21250115365556e-08
358	3.36255849871658e-08
359	3.56931166344110e-08
360	3.65903442188047e-08
361	3.73461331524378e-08
362	3.42553000748118e-08
363	3.27855817407256e-08
364	3.39653936034470e-08
365	3.44722669093694e-08
366	3.39888893833565e-08
367	3.61335517767809e-08
368	3.40549257863072e-08
369	3.63911362495647e-08
370	3.63087610815984e-08
371	3.69042004904596e-08
372	3.54006218662643e-08
373	3.41320032868710e-08
374	3.53486429844713e-08
375	3.51161442773713e-08
376	3.42212097567108e-08
377	3.45246688461347e-08
378	3.33580341143263e-08
379	3.52422253235391e-08
380	3.49205831980745e-08
381	3.47158311306149e-08
382	3.36968703217916e-08
383	3.31117548319054e-08
384	3.32502046351275e-08
385	3.47367008404520e-08
386	3.53440059237274e-08
387	3.54627543100487e-08
388	3.30633689056352e-08
389	3.41314122756244e-08
390	3.60845145833628e-08
391	3.48754694033386e-08
392	3.23488136417783e-08
393	3.06963993711463e-08
394	3.15863665408268e-08
395	3.30566089252787e-08
396	3.27596530167916e-08
397	3.45999992511165e-08
398	3.32335802829520e-08
399	3.35816060894063e-08
400	3.54566297884244e-08
401	3.76606184460987e-08
402	3.90524840173674e-08
403	3.71795366334584e-08
404	3.39837608995350e-08
405	3.42582177813058e-08
406	3.42634958888198e-08
407	3.52115335361205e-08
408	3.43630067651053e-08
409	3.41819373000266e-08
410	3.28348403894825e-08
411	3.30614285052103e-08
412	3.27363213702577e-08
413	3.32898228188097e-08
414	3.26598119986303e-08
415	3.12996074147573e-08
416	2.93350492883650e-08
417	3.05531857098573e-08
418	3.26723723194479e-08
419	3.26889048970100e-08
420	3.35567239384288e-08
421	3.37258442712201e-08
422	3.47342906432906e-08
423	3.51698036324012e-08
424	3.44530672517367e-08
425	3.53198876476356e-08
426	3.58677092127200e-08
427	3.44917951813575e-08
428	3.18625753845635e-08
429	3.17887014674289e-08
430	3.13710274232065e-08
431	3.32937498681245e-08
432	3.37750155272397e-08
433	3.62713584708173e-08
434	3.60197945634907e-08
435	3.70763415707953e-08
436	3.82082354002491e-08
437	3.66508402914713e-08
438	3.19988011671301e-08
439	3.46708430974265e-08
440	3.39288337834372e-08
441	3.25105884619289e-08
442	3.18093648541270e-08
443	3.29812768116361e-08
444	3.48834886256778e-08
445	3.60813082935419e-08
446	3.50802886436747e-08
447	3.44048476796310e-08
448	3.42442471799432e-08
449	3.48310117707488e-08
450	3.23288524793121e-08
451	3.09990941455864e-08
452	3.06388413790884e-08
453	3.23444584512619e-08
454	3.33276174908892e-08
455	3.46578582713039e-08
456	3.27521420266392e-08
457	3.33721571748214e-08
458	3.52700758567870e-08
459	3.49405404620467e-08
460	3.33845019622697e-08
461	3.28656163903076e-08
462	3.19529404262881e-08
463	3.28418093223813e-08
464	3.39231749781819e-08
465	3.31369070845763e-08
466	3.37812254046788e-08
467	3.44022343874907e-08
468	3.58531161615296e-08
469	3.65406657674028e-08
470	3.74308979261555e-08
471	3.39692263554685e-08
472	3.17850556938958e-08
473	3.25321385945394e-08
474	3.43231106325787e-08
475	3.36078176486099e-08
476	3.40979152138992e-08
477	3.49157378773937e-08
478	3.24242081897830e-08
479	3.38031388853616e-08
480	3.33833675294445e-08
481	3.29585012260109e-08
482	3.27825954964814e-08
483	3.15135560320079e-08
484	3.30420719636569e-08
485	3.41536930619681e-08
486	3.42375813681631e-08
487	3.30152695942969e-08
488	3.31089037812552e-08
489	3.39113877127404e-08
490	3.58452728904897e-08
491	3.45731010890199e-08
492	3.69727328329665e-08
493	3.69555679115007e-08
494	3.62214914971700e-08
495	3.72969486756716e-08
496	3.64519619940270e-08
497	3.28596774963647e-08
498	3.33226400498190e-08
499	3.40759536225832e-08
