1	2.02508713420251e-04
2	2.59332762950893e-04
3	2.97511766410783e-04
4	3.25237861356123e-04
5	3.49275914127707e-04
6	3.69056234208457e-04
7	3.82312252119729e-04
8	3.95169254282613e-04
9	4.07837306953010e-04
10	4.18149090558567e-04
11	4.24959678540160e-04
12	4.38735324017467e-04
13	4.43980860598229e-04
14	4.52914698860869e-04
15	4.54975488886580e-04
16	4.61814470518727e-04
17	4.68004671582387e-04
18	4.73851685035298e-04
19	4.76074283610818e-04
20	4.74911653490584e-04
21	4.83169401093970e-04
22	4.83960447407778e-04
23	4.91131293674048e-04
24	4.83385610381651e-04
25	5.05129421442199e-04
26	5.02625201352362e-04
27	5.12230493771190e-04
28	4.97911237219493e-04
29	4.96858888012031e-04
30	5.10442320746531e-04
31	5.01977349185145e-04
32	5.16658743288722e-04
33	4.98888871600148e-04
34	5.25296762072326e-04
35	5.31939344605786e-04
36	5.15443729402209e-04
37	5.21215673476943e-04
38	5.14206932785621e-04
39	5.25555271532717e-04
40	5.29577506212160e-04
41	5.27751823549750e-04
42	5.26523249500080e-04
43	5.35326182463552e-04
44	5.33361726245551e-04
45	5.30438088231580e-04
46	5.31765699236980e-04
47	5.28886077641356e-04
48	5.48994239424766e-04
49	5.36158313026158e-04
50	5.35262395305319e-04
51	5.33004335971042e-04
52	5.49553642979778e-04
53	5.37433218768878e-04
54	5.52858714098186e-04
55	5.54082858688983e-04
56	5.45984081804399e-04
57	5.42355774775080e-04
58	5.57893050760617e-04
59	5.36897330385136e-04
60	5.57131788353249e-04
61	5.42109056490513e-04
62	5.46716215039039e-04
63	5.59884334720027e-04
64	5.57748194602409e-04
65	5.61639188953568e-04
66	5.47971612372392e-04
67	5.38721980348428e-04
68	5.40506833141568e-04
69	5.71910641778365e-04
70	5.75640574657264e-04
71	5.67431550679875e-04
72	5.53622509135485e-04
73	5.42231745842464e-04
74	5.55951041415491e-04
75	5.45096634224248e-04
76	5.61385599342574e-04
77	5.70390807099636e-04
78	5.36841332778234e-04
79	5.57074346377127e-04
80	5.38015450708919e-04
81	5.51666109569001e-04
82	5.53697919325889e-04
83	5.72551668819675e-04
84	5.62961208676741e-04
85	5.58386555263420e-04
86	5.51620932727494e-04
87	5.56478534445538e-04
88	5.52326863987877e-04
89	5.76496755408195e-04
90	5.59099449971601e-04
91	5.48062412903570e-04
92	5.58750579084202e-04
93	5.31704081130533e-04
94	5.77380606907269e-04
95	5.83784895992250e-04
96	5.60501453003737e-04
97	5.70060948303116e-04
98	5.77355509613204e-04
99	5.55618190805830e-04
100	5.62733351467179e-04
101	5.57726948032577e-04
102	5.67331181838249e-04
103	5.56230173143009e-04
104	5.90806981634652e-04
105	5.37191329323003e-04
106	5.63025254371299e-04
107	5.79581602174118e-04
108	5.83083063156614e-04
109	5.74377398704870e-04
110	5.78525100950883e-04
111	5.68502683179735e-04
112	5.68422843915420e-04
113	5.90810396303120e-04
114	5.71774982897234e-04
115	5.84982206431640e-04
116	5.99842369323534e-04
117	5.77220566240871e-04
118	5.80188832898270e-04
119	5.71778374365443e-04
120	5.52408858911509e-04
121	5.51478637664179e-04
122	5.62075857443754e-04
123	5.70360747342697e-04
124	5.85009052805578e-04
125	5.97849858272165e-04
126	5.90774250740942e-04
127	5.90487571342351e-04
128	5.73280004570973e-04
129	5.87905672744209e-04
130	5.79344163211187e-04
131	5.68645026278948e-04
132	5.82955698667845e-04
133	5.79829872864847e-04
134	5.75495251855422e-04
135	5.78356884543920e-04
136	5.60794872777439e-04
137	5.63765000425687e-04
138	5.82320802954102e-04
139	5.67021191530657e-04
140	5.83015783040237e-04
141	5.64846981583013e-04
142	5.89240275732176e-04
143	5.83874944812591e-04
144	5.55613531006533e-04
145	5.76468280683662e-04
146	5.79704975394277e-04
147	5.68263382138239e-04
148	5.90809785380888e-04
149	5.51267321160978e-04
150	6.09051821216360e-04
151	5.85049001137621e-04
152	5.63632583911294e-04
153	5.89743583562507e-04
154	6.05514373154278e-04
155	5.81287810601248e-04
156	5.65161490039017e-04
157	5.86022800848913e-04
158	5.93217625688832e-04
159	5.86464441024969e-04
160	5.90308393113603e-04
161	5.80316542244085e-04
162	5.68966120742529e-04
163	6.07826203622090e-04
164	5.74402197256343e-04
165	6.07230249070592e-04
166	6.19071970576661e-04
167	5.80263233763966e-04
168	5.69282164332337e-04
169	5.99596508771189e-04
170	5.94025774036607e-04
171	5.99726461193307e-04
172	5.70371150435802e-04
173	5.87074524098707e-04
174	5.78075407179225e-04
175	5.65532771984394e-04
176	5.80441269182865e-04
177	5.71288580326983e-04
178	5.71688948352966e-04
179	5.98139959455595e-04
180	6.15598491436464e-04
181	5.87968150973519e-04
182	5.50459237831026e-04
183	5.84615057752166e-04
184	5.68742421178513e-04
185	5.77770806436356e-04
186	5.50957975782328e-04
187	6.28027069737468e-04
188	5.79069258043914e-04
189	6.01211859280374e-04
190	5.84640537964446e-04
191	6.01970418743342e-04
192	5.55605670787919e-04
193	5.89494135140532e-04
194	6.03346525970641e-04
195	5.86129589819054e-04
196	5.91331216231506e-04
197	5.71842866733831e-04
198	5.86343227903374e-04
199	5.57965003416030e-04
200	6.09863227752226e-04
201	5.85828923997077e-04
202	5.84555134865873e-04
203	5.98061939203942e-04
204	5.68473137901471e-04
205	6.06882865697280e-04
206	5.75925394919147e-04
207	5.99827510945181e-04
208	6.15840777440237e-04
209	6.01139390768180e-04
210	5.44399952305720e-04
211	5.25249050500621e-04
212	6.17361295105440e-04
213	5.89799538611161e-04
214	6.10376967774750e-04
215	6.00419428689402e-04
216	5.72220804222646e-04
217	5.78001513923820e-04
218	6.23675136453130e-04
219	6.16651059485977e-04
220	5.80071211870543e-04
221	5.47526232932939e-04
222	5.80832492114292e-04
223	5.87086397411622e-04
224	6.10073192593135e-04
225	5.90040820936092e-04
226	5.84171488527971e-04
227	5.90676522678111e-04
228	6.05439198839388e-04
229	6.05256596286184e-04
230	6.44613215426097e-04
231	6.23802927667925e-04
232	5.94685882854054e-04
233	5.78113040946935e-04
234	6.48457434729592e-04
235	6.43337245171378e-04
236	5.92880721126001e-04
237	6.01512955266951e-04
238	5.77546080049834e-04
239	5.90268058304249e-04
240	6.07328346128278e-04
241	6.24801901925676e-04
242	5.78337391900826e-04
243	6.11430164641368e-04
244	6.22189469337450e-04
245	6.13078341935410e-04
246	5.72316710755669e-04
247	5.79226891028505e-04
248	6.02011088481773e-04
249	5.87666160633511e-04
250	5.66277473852029e-04
251	5.60340111453243e-04
252	5.74026435167725e-04
253	6.10048255541503e-04
254	6.13265532307519e-04
255	5.83565178745702e-04
256	5.79887299566838e-04
257	5.81614455266265e-04
258	6.07382048892681e-04
259	6.04646805811020e-04
260	6.08777613225633e-04
261	5.86147632007402e-04
262	5.95119609703737e-04
263	6.08204767230089e-04
264	6.06816045327079e-04
265	5.68986280166003e-04
266	5.55580407830631e-04
267	5.44321665354072e-04
268	5.56072133443151e-04
269	6.02755983652379e-04
270	6.11413927455942e-04
271	6.21436526712910e-04
272	6.09498141286076e-04
273	5.69756916848896e-04
274	5.93962485130480e-04
275	5.84128790057572e-04
276	6.01622099824005e-04
277	5.92051219235017e-04
278	5.78555625690329e-04
279	5.59355964015306e-04
280	6.03128943168989e-04
281	6.12896351373888e-04
282	5.90743735580419e-04
283	5.71069667812415e-04
284	5.52769301071521e-04
285	5.66396170244284e-04
286	6.13363907048490e-04
287	5.87536240176834e-04
288	5.45009751452670e-04
289	5.55194647154240e-04
290	6.03870474809602e-04
291	6.33142430190940e-04
292	6.12752127172307e-04
293	6.05344944498016e-04
294	5.39696498270016e-04
295	5.76015295319791e-04
296	5.74090561458699e-04
297	5.84086979399315e-04
298	5.70954309915503e-04
299	6.10002527796264e-04
300	6.44155601083608e-04
301	6.21492672327745e-04
302	5.97492992589428e-04
303	5.93894170620657e-04
304	5.70956952196419e-04
305	5.76723905707342e-04
306	5.80555516860069e-04
307	5.51362288210991e-04
308	5.51607027457522e-04
309	5.71867606762835e-04
310	6.00579717665828e-04
311	5.86545711184337e-04
312	5.83763187935487e-04
313	5.96770519212934e-04
314	6.15690027404689e-04
315	6.22436557029514e-04
316	6.34311919597900e-04
317	6.17862181936054e-04
318	5.86791584101472e-04
319	5.66595803081202e-04
320	5.81076471557890e-04
321	6.02126908625185e-04
322	5.84254317608316e-04
323	5.88632545851690e-04
324	6.04558524550543e-04
325	6.33541638380576e-04
326	6.12506691869167e-04
327	5.70734950953926e-04
328	5.75149814120006e-04
329	5.80483500870023e-04
330	5.55759789416847e-04
331	5.30902797816986e-04
332	5.50653277753980e-04
333	5.71578891867010e-04
334	5.68590096810765e-04
335	5.42148877173590e-04
336	5.68764703475648e-04
337	6.04645286296254e-04
338	6.17851016252469e-04
339	6.13098291083753e-04
340	6.04181070633383e-04
341	5.81917005189104e-04
342	5.94636620729633e-04
343	5.60571557308139e-04
344	5.71359452287292e-04
345	6.00337540554330e-04
346	6.08356420841043e-04
347	6.26694246822292e-04
348	6.13176664697498e-04
349	5.55481936975044e-04
350	5.33677554326634e-04
351	5.96168318557745e-04
352	6.14031120361249e-04
353	6.37315440222060e-04
354	6.02674191822276e-04
355	5.89686130540571e-04
356	5.96219740732412e-04
357	5.76401797153991e-04
358	5.66726405768305e-04
359	5.68220628409157e-04
360	5.82701933736616e-04
361	5.85721828368156e-04
362	5.94843555965687e-04
363	5.43639480641828e-04
364	5.68212992379999e-04
365	6.02080286330902e-04
366	6.00066077736787e-04
367	5.64989379845308e-04
368	5.41887090504800e-04
369	5.61453502573489e-04
370	6.07824205094829e-04
371	6.12013888575701e-04
372	5.95603611266649e-04
373	6.06455363082631e-04
374	5.82974093401479e-04
375	5.72280258456909e-04
376	5.76788937748072e-04
377	5.59981246890938e-04
378	5.80339552279407e-04
379	5.82422547226976e-04
380	6.03146196705012e-04
381	5.91852721390099e-04
382	5.95876146964082e-04
383	6.27105986748048e-04
384	5.98968072973720e-04
385	5.72984045904558e-04
386	5.90621957109650e-04
387	6.09216931716362e-04
388	5.93821994883134e-04
389	5.97398098180338e-04
390	6.01057211526056e-04
391	6.19778747703785e-04
392	5.97640303559848e-04
393	6.04127749470823e-04
394	6.06349915223171e-04
395	6.03960782466181e-04
396	5.82773775294778e-04
397	5.75243634260115e-04
398	5.79526128454580e-04
399	6.00524561700323e-04
400	5.91072414981672e-04
401	5.67508884457023e-04
402	5.30594890383208e-04
403	5.47944780283198e-04
404	5.51011915332906e-04
405	5.41865306669200e-04
406	5.28132816771211e-04
407	5.45126945877627e-04
408	6.00672824681531e-04
409	6.33375380741177e-04
410	6.67198086878763e-04
411	6.80970645306030e-04
412	6.66687109324963e-04
413	6.37322929572698e-04
414	6.35786022151281e-04
415	6.08474311330312e-04
416	6.10256944756162e-04
417	5.99962428915466e-04
418	5.88437916775521e-04
419	6.05659667230354e-04
420	5.40350748842515e-04
421	5.33731353757382e-04
422	5.39903784741407e-04
423	5.63493657628699e-04
424	5.82670251562773e-04
425	5.82057967328787e-04
426	6.03108946056956e-04
427	6.11814574041023e-04
428	6.30743315425962e-04
429	6.11560225087996e-04
430	6.08141131602670e-04
431	5.66295518200262e-04
432	5.44400246109221e-04
433	5.46715152799826e-04
434	5.76576910794417e-04
435	5.90417759966810e-04
436	6.09781123852735e-04
437	6.26974974684514e-04
438	6.42311102824850e-04
439	6.40856931509572e-04
440	5.82788984343902e-04
441	5.45194537456280e-04
442	5.52294347261180e-04
443	5.49814290437813e-04
444	5.72174840355109e-04
445	5.81484363811887e-04
446	5.91663998353900e-04
447	6.06260751473245e-04
448	6.19991228815917e-04
449	6.26996148454449e-04
450	6.27378669414665e-04
451	6.10657987374163e-04
452	6.25909211876391e-04
453	6.44457784012977e-04
454	6.38570486762485e-04
455	6.07093686650114e-04
456	5.96415693272470e-04
457	6.10027627251839e-04
458	6.25545435030823e-04
459	6.39161160191781e-04
460	6.52416188713364e-04
461	6.28526505814023e-04
462	5.90121763215505e-04
463	5.85749366273608e-04
464	6.09631895235912e-04
465	6.12618213329002e-04
466	6.42433463411333e-04
467	6.16046156000970e-04
468	6.55662268494432e-04
469	6.53117873566179e-04
470	6.82890589180028e-04
471	6.48440890778675e-04
472	6.20353167788055e-04
473	5.81978564154416e-04
474	5.47645407259195e-04
475	5.40938113822081e-04
476	5.73281633570819e-04
477	5.74558457999465e-04
478	5.98406815235904e-04
479	6.01053340160393e-04
480	5.84380811615767e-04
481	5.84400580775634e-04
482	6.00383189998981e-04
483	5.86548749473920e-04
484	5.96514581010806e-04
485	6.17265734875393e-04
486	6.64842954810875e-04
487	6.68600189727968e-04
488	6.94770241181847e-04
489	7.06893220702080e-04
490	6.76995430602928e-04
491	6.57704623744294e-04
492	6.55464538443123e-04
493	6.64698673754585e-04
494	6.18942870928029e-04
495	6.12051555754146e-04
496	5.74680339075956e-04
497	5.62184836236838e-04
498	5.57901004937163e-04
499	5.38725926551701e-04
