1	1.96665684561584e-04
2	2.58089332153790e-04
3	3.01506976850595e-04
4	3.35817746926584e-04
5	3.63969576525193e-04
6	3.88911968972914e-04
7	4.11902960774852e-04
8	4.29154779890331e-04
9	4.45351443829258e-04
10	4.64377472402564e-04
11	4.76499643418954e-04
12	4.90045371113510e-04
13	5.03630898113758e-04
14	5.14334946108046e-04
15	5.27099093378123e-04
16	5.36915056407567e-04
17	5.45264785030257e-04
18	5.54229069925386e-04
19	5.70644601973277e-04
20	5.80096167674643e-04
21	5.82975201223903e-04
22	5.90442077612861e-04
23	5.99954905772047e-04
24	6.09586337891081e-04
25	6.15942694728975e-04
26	6.17894983952032e-04
27	6.27935143092108e-04
28	6.39509871379338e-04
29	6.39628608404042e-04
30	6.50352574092145e-04
31	6.53042924849320e-04
32	6.61773930583886e-04
33	6.62707278658938e-04
34	6.65815693671236e-04
35	6.84043418329414e-04
36	6.83403587310411e-04
37	6.83195454899927e-04
38	7.00806141559288e-04
39	7.01540551981968e-04
40	7.07661356229526e-04
41	7.06462119846861e-04
42	7.09541778457863e-04
43	7.20819649663107e-04
44	7.21738114742027e-04
45	7.31686340862732e-04
46	7.27234744056587e-04
47	7.32458410846313e-04
48	7.36362772689301e-04
49	7.36806155828762e-04
50	7.41693876188991e-04
51	7.42710878977609e-04
52	7.55506270755260e-04
53	7.70406477951680e-04
54	7.55069500410881e-04
55	7.82153332463111e-04
56	7.76866356570532e-04
57	7.81532733506476e-04
58	7.95551473349083e-04
59	7.76910494031955e-04
60	7.98443526822955e-04
61	7.93576912196150e-04
62	7.94581269451355e-04
63	8.09790082816227e-04
64	8.04564497516362e-04
65	8.20233468657492e-04
66	8.16894456236510e-04
67	8.14218658893577e-04
68	8.22497775743151e-04
69	8.32071743290685e-04
70	8.33799580723607e-04
71	8.34134229634113e-04
72	8.19649191477338e-04
73	8.40442763328553e-04
74	8.40651240709960e-04
75	8.43324115631725e-04
76	8.43604746361343e-04
77	8.53344982160002e-04
78	8.46191661658433e-04
79	8.63135544029617e-04
80	8.45649705844645e-04
81	8.61403998471088e-04
82	8.67764959201290e-04
83	8.57464012264903e-04
84	8.58363351281821e-04
85	8.91716920995231e-04
86	8.79344570017902e-04
87	8.75083973115182e-04
88	8.89432529743135e-04
89	8.75996129922228e-04
90	8.96589698950707e-04
91	8.67635869505511e-04
92	8.89473317960454e-04
93	8.79961166011173e-04
94	8.76529196729493e-04
95	8.83957586467069e-04
96	8.80325598835680e-04
97	9.00526082722515e-04
98	9.04905748835255e-04
99	9.00611085068883e-04
100	8.94925339209282e-04
101	8.95515213505910e-04
102	8.94559152054736e-04
103	8.84395128319299e-04
104	9.05004120455992e-04
105	9.21575221765288e-04
106	9.14966014439263e-04
107	9.12732886508686e-04
108	9.12269290314564e-04
109	9.46004245415518e-04
110	9.35508601110418e-04
111	9.31700843474965e-04
112	9.36300231410344e-04
113	9.33335856976729e-04
114	9.48340417085150e-04
115	9.13491882510753e-04
116	9.41566317375833e-04
117	9.22094923024419e-04
118	9.33644098934000e-04
119	9.39995867508336e-04
120	9.38707389953816e-04
121	9.60698167812908e-04
122	9.58200900518562e-04
123	9.75964561153082e-04
124	9.61694088184006e-04
125	9.36456920066501e-04
126	9.62176114768702e-04
127	9.52384578770333e-04
128	9.50831672261886e-04
129	9.58378029577546e-04
130	9.67303150827855e-04
131	9.73397050733907e-04
132	9.96156439033349e-04
133	9.78687593836885e-04
134	9.74485778902119e-04
135	9.69075621477795e-04
136	9.90786928076393e-04
137	1.01339477166566e-03
138	9.66680259149656e-04
139	1.00025471653226e-03
140	9.65774827469118e-04
141	1.02118109880522e-03
142	9.95474734238075e-04
143	9.80436931481081e-04
144	9.64516369823490e-04
145	9.78438439886594e-04
146	9.77283175729836e-04
147	1.00885047764048e-03
148	9.63061232718891e-04
149	1.00784394102399e-03
150	9.83199214424025e-04
151	9.86226389929759e-04
152	9.89934163755702e-04
153	1.00181158359472e-03
154	1.00794228693522e-03
155	1.01760698403025e-03
156	1.02389602860233e-03
157	1.01145093652221e-03
158	1.02210852461385e-03
159	1.00868488263319e-03
160	1.01062388414180e-03
161	9.60781223606311e-04
162	1.03557762388519e-03
163	1.00540521297722e-03
164	9.89680515357666e-04
165	1.03956533639338e-03
166	9.93737151347622e-04
167	1.01477367589461e-03
168	9.89790699771827e-04
169	1.07466392191618e-03
170	1.00696744440939e-03
171	1.06221897466037e-03
172	9.84577520385642e-04
173	1.01452601746414e-03
174	1.01836866379240e-03
175	1.01140766112885e-03
176	1.03054703190476e-03
177	1.02528747475709e-03
178	1.04962900285713e-03
179	1.01172038180562e-03
180	1.03282840538634e-03
181	1.01527131691592e-03
182	1.01629492301885e-03
183	1.02440204934180e-03
184	1.03001536501261e-03
185	1.04310271899074e-03
186	1.01960326624605e-03
187	1.07026131412132e-03
188	1.04713279686273e-03
189	1.08263964139665e-03
190	1.03913137292825e-03
191	1.03345244134917e-03
192	9.90775328208353e-04
193	1.05549433337052e-03
194	1.06574518140592e-03
195	1.01362052505233e-03
196	1.01919163173919e-03
197	1.03178507634401e-03
198	1.01808628826859e-03
199	1.05657659971109e-03
200	1.03664978671836e-03
201	1.12121145121267e-03
202	1.04687798353121e-03
203	1.02612038917459e-03
204	1.08818963221535e-03
205	1.03036862897218e-03
206	1.05514245572317e-03
207	1.07423422884197e-03
208	1.03122174102334e-03
209	1.11505710866449e-03
210	1.04600737250123e-03
211	1.03778372280777e-03
212	1.05020139088706e-03
213	1.01460804446846e-03
214	1.09104770141490e-03
215	1.08663391123171e-03
216	1.05112576054606e-03
217	1.06295398870912e-03
218	1.07359241221278e-03
219	1.01730572194969e-03
220	1.04875006591226e-03
221	1.10269565327173e-03
222	1.06124915823872e-03
223	1.05664477949365e-03
224	1.12557444817135e-03
225	1.06156575731015e-03
226	1.06418187080350e-03
227	1.09349943324046e-03
228	1.07780130367869e-03
229	1.03560980540540e-03
230	1.07962764105864e-03
231	1.12414577313129e-03
232	1.08071571258158e-03
233	1.08511134763447e-03
234	1.08367017001871e-03
235	1.14129274258414e-03
236	1.10724495609721e-03
237	1.10432192168950e-03
238	1.09296358924292e-03
239	1.04636799911514e-03
240	1.04702454248084e-03
241	1.07804845440804e-03
242	1.10910906195512e-03
243	1.10357435466670e-03
244	1.11321317239471e-03
245	1.07992830341299e-03
246	1.08739873848353e-03
247	1.07931676098779e-03
248	1.05830801204453e-03
249	1.06052587936836e-03
250	1.07622675912524e-03
251	1.11095320434314e-03
252	1.08591263206394e-03
253	1.09602444103870e-03
254	1.12608944003365e-03
255	1.13440569660821e-03
256	1.12461018568885e-03
257	1.12422502384003e-03
258	1.11152602732836e-03
259	1.09832261786531e-03
260	1.10655341454155e-03
261	1.14151768539276e-03
262	1.12942607810149e-03
263	1.11681889983265e-03
264	1.12095165487081e-03
265	1.11878725910554e-03
266	1.14861785804314e-03
267	1.14071148264559e-03
268	1.17848633668168e-03
269	1.13385366105855e-03
270	1.09894597695331e-03
271	1.07314716440983e-03
272	1.11480071553800e-03
273	1.07724479462566e-03
274	1.12745028826055e-03
275	1.09678607714061e-03
276	1.09577910263423e-03
277	1.10898179310739e-03
278	1.16501598540757e-03
279	1.15987236442189e-03
280	1.16407931861846e-03
281	1.12977334632018e-03
282	1.12149360941835e-03
283	1.12544597693083e-03
284	1.15401460827868e-03
285	1.15593569943953e-03
286	1.10062503213741e-03
287	1.07385269290923e-03
288	1.09255432249726e-03
289	1.16269800748729e-03
290	1.17842290953441e-03
291	1.13307297228200e-03
292	1.07155304170785e-03
293	1.10991211208369e-03
294	1.12971066687150e-03
295	1.12047817941530e-03
296	1.09387684489268e-03
297	1.06744682941390e-03
298	1.12241159760418e-03
299	1.14271326441447e-03
300	1.15308590283189e-03
301	1.14947266570272e-03
302	1.11031957478253e-03
303	1.09903107170459e-03
304	1.14694038346254e-03
305	1.14038238354568e-03
306	1.18765276072709e-03
307	1.14652076584289e-03
308	1.12008345439895e-03
309	1.12497970027084e-03
310	1.16556662789949e-03
311	1.17937755909246e-03
312	1.24200039924041e-03
313	1.26320969315036e-03
314	1.17993386457822e-03
315	1.14561847847338e-03
316	1.15096967852038e-03
317	1.14651611865600e-03
318	1.15349373756077e-03
319	1.12417987757848e-03
320	1.09338934024040e-03
321	1.09568821146427e-03
322	1.06303323291315e-03
323	1.13646020398372e-03
324	1.15068004422414e-03
325	1.13629444607191e-03
326	1.11208550843243e-03
327	1.11617185331747e-03
328	1.14032623386038e-03
329	1.16206850768477e-03
330	1.18744170012828e-03
331	1.19649462823849e-03
332	1.17418690265411e-03
333	1.14011127695937e-03
334	1.10985484743886e-03
335	1.13487259282273e-03
336	1.12434824649291e-03
337	1.17613367857952e-03
338	1.18986333948799e-03
339	1.21418541772633e-03
340	1.17654529392564e-03
341	1.15016090448944e-03
342	1.14041584894716e-03
343	1.12365082395668e-03
344	1.14287529290700e-03
345	1.19863413977599e-03
346	1.21376566047341e-03
347	1.21575221065019e-03
348	1.20201110860339e-03
349	1.16651350156810e-03
350	1.16497181933534e-03
351	1.17730308354083e-03
352	1.21716663338721e-03
353	1.21839403920595e-03
354	1.16823170743551e-03
355	1.09862319105417e-03
356	1.09866805611397e-03
357	1.11123998371734e-03
358	1.16614396885116e-03
359	1.22347108390721e-03
360	1.25177836983991e-03
361	1.27223244078215e-03
362	1.21956820711924e-03
363	1.18827158901359e-03
364	1.14643362452225e-03
365	1.13330961685574e-03
366	1.17504703318717e-03
367	1.20698411506350e-03
368	1.21499058842240e-03
369	1.22494992399506e-03
370	1.21183655947124e-03
371	1.21221330135091e-03
372	1.20856113809183e-03
373	1.25049930062684e-03
374	1.26244532388179e-03
375	1.27582258452290e-03
376	1.25952238767158e-03
377	1.26673237996878e-03
378	1.25139100009930e-03
379	1.20608217023078e-03
380	1.14765235781515e-03
381	1.12931034658964e-03
382	1.13841977630176e-03
383	1.11008228147041e-03
384	1.08128750282333e-03
385	1.11081031670940e-03
386	1.16449322679977e-03
387	1.21679462649506e-03
388	1.24224303936133e-03
389	1.22978059632382e-03
390	1.23396844626934e-03
391	1.19834558601271e-03
392	1.17535695275845e-03
393	1.20780394909865e-03
394	1.19024733442148e-03
395	1.17499484018621e-03
396	1.17343736320747e-03
397	1.22623514055136e-03
398	1.23382833460310e-03
399	1.23406493647447e-03
400	1.19625334514839e-03
401	1.21187517769404e-03
402	1.23443694739291e-03
403	1.22043641435768e-03
404	1.18262927333067e-03
405	1.19256276235365e-03
406	1.18220940606281e-03
407	1.22244995071176e-03
408	1.24020402689616e-03
409	1.17860825181729e-03
410	1.12894952471353e-03
411	1.14818645960453e-03
412	1.14501252895035e-03
413	1.18116635559982e-03
414	1.19084514051834e-03
415	1.19956639905850e-03
416	1.23452091001850e-03
417	1.30360013842957e-03
418	1.29482547458487e-03
419	1.26458776585379e-03
420	1.18251860395513e-03
421	1.11523967612461e-03
422	1.09455748044557e-03
423	1.13628599208765e-03
424	1.13888674510781e-03
425	1.14218154915113e-03
426	1.20242260171538e-03
427	1.26321127077967e-03
428	1.28949213096360e-03
429	1.28706822231248e-03
430	1.29167811636688e-03
431	1.25596394786433e-03
432	1.20721435932718e-03
433	1.20076003526346e-03
434	1.18409572324064e-03
435	1.20987443966542e-03
436	1.19092233289062e-03
437	1.17582651277707e-03
438	1.15873612711827e-03
439	1.15501621544239e-03
440	1.18611421951036e-03
441	1.25118509407779e-03
442	1.24980740419431e-03
443	1.24914860354685e-03
444	1.21024603620764e-03
445	1.17809093838620e-03
446	1.22184922934971e-03
447	1.25579423035004e-03
448	1.25587179657124e-03
449	1.24439498975981e-03
450	1.21473393306635e-03
451	1.17853488427587e-03
452	1.22073841603652e-03
453	1.24396450787393e-03
454	1.27782318214185e-03
455	1.29420840689464e-03
456	1.27814593422610e-03
457	1.20124418890016e-03
458	1.18627830370802e-03
459	1.20854342268283e-03
460	1.21308423099764e-03
461	1.18837878428448e-03
462	1.18133659198211e-03
463	1.20707210735670e-03
464	1.20201447061297e-03
465	1.20878588160283e-03
466	1.25166738331905e-03
467	1.27780388869196e-03
468	1.31604632409026e-03
469	1.38076085773527e-03
470	1.37716913433362e-03
471	1.35910245947465e-03
472	1.32720662199906e-03
473	1.30771718335711e-03
474	1.29351563351453e-03
475	1.24910245795735e-03
476	1.24673716740292e-03
477	1.21356609127459e-03
478	1.18227110810552e-03
479	1.17548994581752e-03
480	1.15829365985542e-03
481	1.17272693849438e-03
482	1.19239261158119e-03
483	1.21933806907561e-03
484	1.25567118856556e-03
485	1.24342676196105e-03
486	1.21823482337411e-03
487	1.19005239416202e-03
488	1.24216043857554e-03
489	1.20261490521056e-03
490	1.16593407524604e-03
491	1.16548164560664e-03
492	1.14731829973403e-03
493	1.15168284532693e-03
494	1.14866960642156e-03
495	1.17428773679655e-03
496	1.20556709632082e-03
497	1.25172222835677e-03
498	1.26536537225810e-03
499	1.26278706177543e-03
