1	1.48353506583108e-04
2	1.83011551079453e-04
3	2.04347443708712e-04
4	2.16794586774194e-04
5	2.28784609987810e-04
6	2.38611946371429e-04
7	2.44000380045097e-04
8	2.44316728255472e-04
9	2.49750566423179e-04
10	2.53734550934054e-04
11	2.55029303512900e-04
12	2.56480326827912e-04
13	2.60499102079556e-04
14	2.60430570666359e-04
15	2.63827860656464e-04
16	2.61918816089147e-04
17	2.63049234330984e-04
18	2.69016064143419e-04
19	2.69770636784575e-04
20	2.64862993023057e-04
21	2.72693992415877e-04
22	2.71296510568262e-04
23	2.65689119306573e-04
24	2.66412016679312e-04
25	2.69842079813458e-04
26	2.74580037474707e-04
27	2.69909509435739e-04
28	2.70317972026492e-04
29	2.78217824508184e-04
30	2.79250425694790e-04
31	2.73020319558849e-04
32	2.71430517139354e-04
33	2.72730711503466e-04
34	2.69464330244786e-04
35	2.62486639104645e-04
36	2.60377179781818e-04
37	2.71254103124036e-04
38	2.75615959823892e-04
39	2.74641804333865e-04
40	2.71230327479498e-04
41	2.74032852637091e-04
42	2.69782051679072e-04
43	2.76906090119879e-04
44	2.72295059031106e-04
45	2.69690042924278e-04
46	2.82637200546591e-04
47	2.78872499976697e-04
48	2.90047391324681e-04
49	2.80170462148924e-04
50	2.72277725269768e-04
51	2.94487030478083e-04
52	2.88819391255609e-04
53	2.80841616252040e-04
54	2.87820815261163e-04
55	2.68930146739344e-04
56	2.79807103510667e-04
57	2.77236352085123e-04
58	2.88826999417606e-04
59	2.78846135366587e-04
60	2.74975066917041e-04
61	2.86468915127610e-04
62	2.70163086291588e-04
63	2.80703581650911e-04
64	2.68194577379820e-04
65	2.79302146168132e-04
66	2.76415403698850e-04
67	2.72890659008649e-04
68	2.80405668697315e-04
69	2.71046985330667e-04
70	2.61827698682647e-04
71	2.92332598272197e-04
72	2.76160892427217e-04
73	2.86960061640552e-04
74	2.78546322600760e-04
75	2.87715953167478e-04
76	2.77408011210804e-04
77	2.83822343323132e-04
78	2.73564599131774e-04
79	2.79251795568249e-04
80	2.87944101321241e-04
81	2.77478059826935e-04
82	2.61633594697451e-04
83	2.86877803265470e-04
84	2.84267266689588e-04
85	2.75135271351143e-04
86	2.91424636136556e-04
87	2.76471396194652e-04
88	2.81084936995000e-04
89	2.93295548609875e-04
90	2.69463276530319e-04
91	2.82328283119324e-04
92	2.76930119744921e-04
93	2.80092956058786e-04
94	2.97034341454781e-04
95	2.85383606250819e-04
96	2.81410696370654e-04
97	2.90108265781962e-04
98	2.88002387305037e-04
99	2.80071602336632e-04
100	2.76252311768797e-04
101	2.82530998087456e-04
102	2.95305915169076e-04
103	2.74588872443598e-04
104	2.76648940406654e-04
105	2.78209849872659e-04
106	2.92613168645976e-04
107	2.85969965388719e-04
108	2.84553740606822e-04
109	2.78367280501818e-04
110	2.85319184266973e-04
111	2.84404688673209e-04
112	2.92013684517825e-04
113	2.72423020323981e-04
114	2.87185924335673e-04
115	2.99505305957719e-04
116	2.82464797839503e-04
117	2.94000988241135e-04
118	2.73944595673238e-04
119	2.89102278413523e-04
120	2.82203483381029e-04
121	2.93244892279033e-04
122	2.91832459526581e-04
123	2.72283032817811e-04
124	2.98279379339358e-04
125	2.89020420389494e-04
126	2.80885978891558e-04
127	2.88092461427603e-04
128	2.72185593969876e-04
129	2.76373187981792e-04
130	2.70316885606065e-04
131	2.89061759712666e-04
132	2.81360861982517e-04
133	2.88418867365463e-04
134	2.78630222016538e-04
135	2.88533400921863e-04
136	3.00670645206927e-04
137	2.82438682074711e-04
138	2.91922033569866e-04
139	2.76278130471400e-04
140	2.64772730698910e-04
141	2.81391500265608e-04
142	2.82826938242316e-04
143	2.92463698821429e-04
144	2.83127023423466e-04
145	2.99351129488967e-04
146	3.14666687740052e-04
147	2.75486235741310e-04
148	3.02016447393267e-04
149	2.87935397097826e-04
150	2.95490139740238e-04
151	2.88051144171758e-04
152	2.85600164023823e-04
153	3.02611253889885e-04
154	2.83886073228082e-04
155	2.71083366518497e-04
156	2.80935460712638e-04
157	2.85032724560212e-04
158	2.68446538562045e-04
159	2.88536563310838e-04
160	2.88483088211152e-04
161	2.88870749798986e-04
162	3.11117062828456e-04
163	2.89301306142485e-04
164	2.71113381210366e-04
165	2.70048057761805e-04
166	3.01191241996657e-04
167	2.98273109444721e-04
168	2.99137805553554e-04
169	2.95380669907407e-04
170	2.81997905548308e-04
171	2.80862851405390e-04
172	2.84752204734856e-04
173	2.88484887152985e-04
174	2.80287606998734e-04
175	2.57621794895168e-04
176	2.94299999571252e-04
177	2.86339529425786e-04
178	2.87013457033128e-04
179	2.72791499721913e-04
180	2.79864680766571e-04
181	3.00166289319939e-04
182	2.97514830949407e-04
183	2.99126511543512e-04
184	2.79284984917821e-04
185	2.95546510765248e-04
186	2.89542933793887e-04
187	2.89773055095969e-04
188	3.01323264221159e-04
189	2.96381965804196e-04
190	2.82054109069942e-04
191	2.91802503416826e-04
192	2.79259872963737e-04
193	2.90396129316361e-04
194	2.98123485329171e-04
195	3.03724667020926e-04
196	2.90053227117122e-04
197	2.96432699214766e-04
198	2.76181021135576e-04
199	2.78144450642991e-04
200	2.79437016719953e-04
201	3.04093909360923e-04
202	2.84422259069062e-04
203	2.67237677260397e-04
204	2.83791804286187e-04
205	2.98872559753787e-04
206	2.84784187913627e-04
207	3.28062640301287e-04
208	3.06894546017497e-04
209	3.09896307554732e-04
210	2.84171434452701e-04
211	2.77038668396840e-04
212	2.85871018731108e-04
213	3.05633033733032e-04
214	2.77504569046328e-04
215	2.99432626116168e-04
216	2.98375637329389e-04
217	2.93381295462311e-04
218	3.00193434075934e-04
219	2.95947211400582e-04
220	2.67133004861551e-04
221	2.77563935664287e-04
222	3.10360821815595e-04
223	2.89526998153323e-04
224	3.02696720976757e-04
225	2.89980837686463e-04
226	2.79008738434437e-04
227	2.86618366391903e-04
228	2.83060053542275e-04
229	2.85887134075999e-04
230	2.91073639403052e-04
231	2.99246653381133e-04
232	2.96095708036648e-04
233	2.86037648910278e-04
234	2.90778941132885e-04
235	2.89333861863305e-04
236	2.87374576625208e-04
237	2.82021745151601e-04
238	2.97617406791991e-04
239	3.12641628235128e-04
240	2.99646988867464e-04
241	3.07426900548926e-04
242	3.14861979776981e-04
243	3.09745606944961e-04
244	3.22284265264734e-04
245	2.99116235483302e-04
246	2.81920711786504e-04
247	2.96094527480491e-04
248	2.97958666900931e-04
249	2.88682972247304e-04
250	2.85615628417158e-04
251	2.97364012659100e-04
252	2.92124621361990e-04
253	2.87755553688687e-04
254	3.08311314106447e-04
255	3.20564716907526e-04
256	2.96885929679690e-04
257	3.13738683864656e-04
258	2.95117648470090e-04
259	3.16860925570699e-04
260	2.88241966026179e-04
261	2.79940482959307e-04
262	2.70281642772615e-04
263	2.79874991326521e-04
264	2.91480913811015e-04
265	2.93523835400382e-04
266	3.06567168529392e-04
267	3.17402754651409e-04
268	2.99659414809265e-04
269	2.72928114781245e-04
270	2.85432518915760e-04
271	3.09498905958898e-04
272	2.93809153034753e-04
273	2.63333005835459e-04
274	2.84474018992060e-04
275	2.87523780391186e-04
276	2.92276944197306e-04
277	2.81660607217365e-04
278	2.99628490845008e-04
279	3.05259038139935e-04
280	2.86359045560681e-04
281	2.83471897964119e-04
282	2.87756997340534e-04
283	2.91086750193925e-04
284	3.21873579892400e-04
285	2.95022327718389e-04
286	2.90244985357394e-04
287	2.96077529566070e-04
288	3.03328097561434e-04
289	2.86934098994323e-04
290	2.98653315391905e-04
291	2.98044059757301e-04
292	3.27669756122278e-04
293	3.19554115155743e-04
294	3.19242791374585e-04
295	3.16894891996478e-04
296	3.18428128009049e-04
297	3.09413951920162e-04
298	3.26240359582873e-04
299	2.99881521338988e-04
300	2.97880426673028e-04
301	2.81347788329094e-04
302	2.73228160100220e-04
303	2.76469492562969e-04
304	2.72152177305114e-04
305	2.85547595825552e-04
306	2.99566678917595e-04
307	2.99992457245704e-04
308	3.22167450740871e-04
309	3.20442076682257e-04
310	3.12070519408966e-04
311	3.37864979182973e-04
312	3.01332061960836e-04
313	2.99781869752807e-04
314	2.93113085370855e-04
315	2.78141397212634e-04
316	2.70259318521047e-04
317	2.99558333851987e-04
318	3.05873498538089e-04
319	3.00267295917087e-04
320	2.78836466217155e-04
321	2.71510256809899e-04
322	2.76276331895560e-04
323	2.90455345076424e-04
324	3.12442047593556e-04
325	3.18505896320407e-04
326	2.91323890753758e-04
327	2.97126298081592e-04
328	2.96273826896396e-04
329	3.13205818034679e-04
330	2.93464029097515e-04
331	3.02289994300021e-04
332	3.04701503375038e-04
333	2.87807851193839e-04
334	2.84566512927835e-04
335	2.80230208893420e-04
336	3.00357988469973e-04
337	2.76409619681961e-04
338	3.04921783492830e-04
339	3.14197487660394e-04
340	2.94828134376105e-04
341	2.70023997744505e-04
342	2.83585236132130e-04
343	3.01499183799433e-04
344	3.03409358681045e-04
345	3.20918099823738e-04
346	3.05529533660993e-04
347	3.05912355430027e-04
348	2.93999753655932e-04
349	2.92510643748408e-04
350	2.87041435858981e-04
351	3.00270160482577e-04
352	2.99538366298928e-04
353	2.82287957840503e-04
354	2.79088084308399e-04
355	2.87262983212792e-04
356	2.68117075980637e-04
357	2.83933657929705e-04
358	3.03657968605866e-04
359	3.15586117916099e-04
360	2.94267972498891e-04
361	2.96028397908533e-04
362	2.98903530558159e-04
363	3.16510086850789e-04
364	3.22057429504866e-04
365	3.31390229146353e-04
366	3.39989293635773e-04
367	3.17497060782949e-04
368	3.12961222229358e-04
369	2.88430253613655e-04
370	2.74460255273543e-04
371	2.64001877256930e-04
372	2.90080721940408e-04
373	3.13059511713764e-04
374	2.96300955258825e-04
375	3.18930500038528e-04
376	3.13264585200381e-04
377	3.03680289644409e-04
378	2.87629687474815e-04
379	2.75825923395006e-04
380	2.62987714980596e-04
381	2.77203193377478e-04
382	2.84831434625519e-04
383	2.78283246798602e-04
384	2.83461585218181e-04
385	2.98589924097029e-04
386	3.07171953081916e-04
387	3.02080111635991e-04
388	3.22415676773529e-04
389	3.32106550984044e-04
390	3.07649945237508e-04
391	3.11525116247906e-04
392	3.06545480677654e-04
393	3.12751874957074e-04
394	3.08547037579890e-04
395	2.97633166070811e-04
396	2.96569379671746e-04
397	2.92931891799427e-04
398	2.84733848976048e-04
399	2.86972902792948e-04
400	2.86187585062572e-04
401	2.90284308506085e-04
402	2.88924767212420e-04
403	2.71658825073877e-04
404	2.70156559992686e-04
405	2.74110249843860e-04
406	2.58441481122987e-04
407	2.65536732638828e-04
408	2.78389606594598e-04
409	3.06887901035798e-04
410	2.97017368388763e-04
411	2.94697496237967e-04
412	2.94083808639824e-04
413	2.97744172362766e-04
414	2.97900958199796e-04
415	3.07067029197614e-04
416	2.78455216851752e-04
417	2.77925574031413e-04
418	2.91521645603492e-04
419	2.98403757612823e-04
420	2.98258283846101e-04
421	2.83475146970096e-04
422	2.71826081660796e-04
423	2.64145660334357e-04
424	2.62668899891008e-04
425	2.76648356931211e-04
426	2.91882381286148e-04
427	2.78092830034052e-04
428	2.84033238483453e-04
429	2.90013003254362e-04
430	2.92225589745730e-04
431	2.98478056551837e-04
432	2.86974660130430e-04
433	2.82539768793716e-04
434	2.73736483165179e-04
435	2.70701257747454e-04
436	2.88231550906221e-04
437	3.05334353519001e-04
438	3.10498236098223e-04
439	3.05558456922423e-04
440	2.93655563042791e-04
441	3.07293795337414e-04
442	2.96615692886474e-04
443	2.93821531009879e-04
444	3.08617684552949e-04
445	3.01293354372244e-04
446	2.93197580947376e-04
447	2.95382942662199e-04
448	2.87420887345679e-04
449	3.01187236184568e-04
450	2.96243215628805e-04
451	2.99838779380340e-04
452	2.85499240813227e-04
453	2.96767217716283e-04
454	2.89793618903419e-04
455	2.83757047518225e-04
456	2.88589748494325e-04
457	2.95293532612409e-04
458	3.02527581344574e-04
459	3.02334035451972e-04
460	2.86782522219752e-04
461	2.80982114736633e-04
462	3.09214236791232e-04
463	3.29189519986098e-04
464	3.21699121634139e-04
465	2.87798442147459e-04
466	2.87243892156977e-04
467	2.57627559702695e-04
468	2.48705456532913e-04
469	2.51897333561166e-04
470	2.52211983682511e-04
471	2.70083486882134e-04
472	2.67149170298748e-04
473	2.79293360532419e-04
474	2.95135040665960e-04
475	3.13161560706492e-04
476	3.13148387240768e-04
477	3.51408548300746e-04
478	3.44542544997249e-04
479	3.34564026472342e-04
480	3.42055337041531e-04
481	3.22403738483073e-04
482	3.28289476655213e-04
483	3.24665890734361e-04
484	3.37984887742635e-04
485	3.31400941455957e-04
486	3.40059849373320e-04
487	3.48173585879280e-04
488	3.46629993389996e-04
489	3.30628923081610e-04
490	3.13096653660874e-04
491	3.14035207852963e-04
492	3.12428331900167e-04
493	3.00291301599104e-04
494	2.93091257948802e-04
495	2.79840960547616e-04
496	2.84209449764057e-04
497	2.91329389003499e-04
498	2.87157599464664e-04
499	2.90668663474177e-04
