1	4.11882968217292e-04
2	5.64554963237061e-04
3	6.80022977341004e-04
4	7.77597646943769e-04
5	8.62656758241727e-04
6	9.38487404647628e-04
7	1.00983125627454e-03
8	1.07618265576259e-03
9	1.13766926131552e-03
10	1.19737017358038e-03
11	1.25201544881850e-03
12	1.30363907990637e-03
13	1.35650047499476e-03
14	1.40362524938780e-03
15	1.45063045181177e-03
16	1.49667123966070e-03
17	1.54196213121760e-03
18	1.58341244112291e-03
19	1.62614959983201e-03
20	1.67090043618977e-03
21	1.70711378880593e-03
22	1.74587051123731e-03
23	1.78350036634346e-03
24	1.82029383270570e-03
25	1.86193445445850e-03
26	1.89147368177148e-03
27	1.93299452398233e-03
28	1.96277740085982e-03
29	1.99410144940361e-03
30	2.02979820777402e-03
31	2.06379505332588e-03
32	2.09525405158894e-03
33	2.12610882157934e-03
34	2.15600183018947e-03
35	2.18654840266731e-03
36	2.21964066684085e-03
37	2.25645596830541e-03
38	2.27745197924561e-03
39	2.30480593202505e-03
40	2.34492088199538e-03
41	2.36225091848820e-03
42	2.39443997739462e-03
43	2.42064508307086e-03
44	2.44758781297027e-03
45	2.47535921806411e-03
46	2.50223468932594e-03
47	2.52850781987288e-03
48	2.55769917447350e-03
49	2.57580938026237e-03
50	2.61716606139119e-03
51	2.62716422255413e-03
52	2.65828614122482e-03
53	2.68650650657401e-03
54	2.70267089035086e-03
55	2.73294712286944e-03
56	2.76033027833465e-03
57	2.77289313143712e-03
58	2.80165860246203e-03
59	2.83781219409222e-03
60	2.84574546047713e-03
61	2.86991056568034e-03
62	2.90283943054802e-03
63	2.92561514452702e-03
64	2.93456856749905e-03
65	2.95831262596606e-03
66	2.99174780631597e-03
67	3.01871363253438e-03
68	3.02588134717638e-03
69	3.04514260593247e-03
70	3.07027750276096e-03
71	3.10495269455512e-03
72	3.12487267782060e-03
73	3.13458798720460e-03
74	3.15104928085039e-03
75	3.17467666086788e-03
76	3.20745103059992e-03
77	3.24146159772880e-03
78	3.24199133343053e-03
79	3.25714922426885e-03
80	3.27095182984041e-03
81	3.29381069173829e-03
82	3.32532630300806e-03
83	3.35967227911398e-03
84	3.37270994005085e-03
85	3.37786378631788e-03
86	3.39072520099834e-03
87	3.41002371234237e-03
88	3.42789465420974e-03
89	3.45776076590323e-03
90	3.48997186748885e-03
91	3.52212936121956e-03
92	3.52453603915683e-03
93	3.53095158990740e-03
94	3.54435721048132e-03
95	3.55745881843896e-03
96	3.57841292742111e-03
97	3.59875496223307e-03
98	3.62414065325333e-03
99	3.65461540454794e-03
100	3.68965097377701e-03
101	3.68960428422841e-03
102	3.69678600896011e-03
103	3.70660049351521e-03
104	3.72206420193648e-03
105	3.73192275250686e-03
106	3.75329646841761e-03
107	3.77098398582826e-03
108	3.80131641223258e-03
109	3.82592323674022e-03
110	3.85509985637795e-03
111	3.88855923745830e-03
112	3.89148647808222e-03
113	3.89537572463195e-03
114	3.90240711924492e-03
115	3.91304766366412e-03
116	3.91820849220218e-03
117	3.93429343194074e-03
118	3.95216845163268e-03
119	3.96487027665741e-03
120	3.99063118922878e-03
121	4.00886527681978e-03
122	4.04016183220050e-03
123	4.06482786864065e-03
124	4.09277462686684e-03
125	4.12276413932387e-03
126	4.13132572915795e-03
127	4.13159493716391e-03
128	4.13539274284518e-03
129	4.14242273027342e-03
130	4.15193846810790e-03
131	4.16335964135462e-03
132	4.17340493698953e-03
133	4.18957553122494e-03
134	4.19558105056217e-03
135	4.21542707474733e-03
136	4.23714438000011e-03
137	4.26206137825736e-03
138	4.27669255979773e-03
139	4.30490588712357e-03
140	4.32552642143759e-03
141	4.35893641051625e-03
142	4.38086816656232e-03
143	4.41326944418338e-03
144	4.40820589577917e-03
145	4.41670286254574e-03
146	4.41626123169495e-03
147	4.41704511782971e-03
148	4.43285693136300e-03
149	4.43752717934322e-03
150	4.44235476085436e-03
151	4.44766388146363e-03
152	4.47005680111159e-03
153	4.47959126266163e-03
154	4.49221202962268e-03
155	4.50549411692968e-03
156	4.51966589167806e-03
157	4.53600016530820e-03
158	4.55401994575843e-03
159	4.57481258899796e-03
160	4.59694039762670e-03
161	4.61962897444170e-03
162	4.64303627027979e-03
163	4.66949145990525e-03
164	4.69742543783808e-03
165	4.71126835376867e-03
166	4.74200433046930e-03
167	4.76233312992372e-03
168	4.76645415260646e-03
169	4.77172081517281e-03
170	4.76126348187331e-03
171	4.76930587604617e-03
172	4.77936336412584e-03
173	4.77454702320779e-03
174	4.78621835120964e-03
175	4.79847299423740e-03
176	4.79226374130177e-03
177	4.80769448602130e-03
178	4.82386253334579e-03
179	4.82472553393892e-03
180	4.84246113081750e-03
181	4.84576819568747e-03
182	4.86444325045358e-03
183	4.86789094040689e-03
184	4.89240200736609e-03
185	4.89957077188907e-03
186	4.92510116035933e-03
187	4.93452553564573e-03
188	4.96201358993196e-03
189	4.97216794321712e-03
190	4.98324508659650e-03
191	5.01494422382324e-03
192	5.02897696263675e-03
193	5.04329062151673e-03
194	5.07832081548926e-03
195	5.09383377111982e-03
196	5.11140023810138e-03
197	5.14951577788600e-03
198	5.16841787837803e-03
199	5.18876147587793e-03
200	5.20972994492923e-03
201	5.22502598115191e-03
202	5.21852705390299e-03
203	5.21592436438964e-03
204	5.21352713579072e-03
205	5.23295967195429e-03
206	5.23215638003746e-03
207	5.23229511607567e-03
208	5.23447226020842e-03
209	5.23632909675484e-03
210	5.23607478736635e-03
211	5.25840994050653e-03
212	5.26236024165092e-03
213	5.26581603204445e-03
214	5.27146938079446e-03
215	5.27651586405540e-03
216	5.28297755679647e-03
217	5.28979839471647e-03
218	5.29537465044677e-03
219	5.30317291515138e-03
220	5.31199120978754e-03
221	5.32222798205114e-03
222	5.33192077565795e-03
223	5.34463056327434e-03
224	5.35756381131714e-03
225	5.36971190480131e-03
226	5.38276426272259e-03
227	5.39666764827167e-03
228	5.41056755717407e-03
229	5.42541155604905e-03
230	5.44149897213874e-03
231	5.45922591386261e-03
232	5.47657141677167e-03
233	5.49528174571326e-03
234	5.51462889067484e-03
235	5.53327747532885e-03
236	5.55299928096296e-03
237	5.57447874505500e-03
238	5.56909629763149e-03
239	5.59193529879144e-03
240	5.61455086057456e-03
241	5.64005206708657e-03
242	5.66308118490341e-03
243	5.68861145465993e-03
244	5.71373927801487e-03
245	5.71184439847023e-03
246	5.73811196114020e-03
247	5.76551381599764e-03
248	5.79245325103897e-03
249	5.82216420526895e-03
250	5.82255153472150e-03
251	5.82685533761597e-03
252	5.83359261848883e-03
253	5.83979351260206e-03
254	5.84740300937745e-03
255	5.82513111297530e-03
256	5.83397837741145e-03
257	5.84349666428016e-03
258	5.85397006503325e-03
259	5.83425606002469e-03
260	5.84416996967042e-03
261	5.85804565818012e-03
262	5.86642831220062e-03
263	5.84713528773190e-03
264	5.85707426056574e-03
265	5.87038267450555e-03
266	5.88331678569855e-03
267	5.86592224816793e-03
268	5.88059896527406e-03
269	5.89535098654203e-03
270	5.87734672333490e-03
271	5.89469058191989e-03
272	5.90935789220284e-03
273	5.89195421424526e-03
274	5.90883036685450e-03
275	5.92646316055912e-03
276	5.91317933980544e-03
277	5.93092371752195e-03
278	5.94967915991230e-03
279	5.93824258499704e-03
280	5.95825273747125e-03
281	5.98002362387898e-03
282	5.96556711018352e-03
283	5.98784964085452e-03
284	5.97578775158485e-03
285	5.99799863646969e-03
286	6.01853298789341e-03
287	6.00870614715256e-03
288	6.03207806966934e-03
289	6.02176309150437e-03
290	6.04654336074146e-03
291	6.07110752375273e-03
292	6.06215999548692e-03
293	6.08903664729868e-03
294	6.07972530241057e-03
295	6.10741658291992e-03
296	6.13563030107986e-03
297	6.12653781299889e-03
298	6.15445127340181e-03
299	6.14715640208623e-03
300	6.17832130017402e-03
301	6.17073249774353e-03
302	6.20206423352757e-03
303	6.19551871796960e-03
304	6.22758618940936e-03
305	6.25982024453191e-03
306	6.25301665327877e-03
307	6.28587463972797e-03
308	6.28092497491947e-03
309	6.31454434981158e-03
310	6.31036761827702e-03
311	6.34500385512269e-03
312	6.33881664894489e-03
313	6.37576227816687e-03
314	6.37134635266085e-03
315	6.40723214059022e-03
316	6.40462887663480e-03
317	6.44241576031948e-03
318	6.43947730046587e-03
319	6.47742546384114e-03
320	6.47512258413221e-03
321	6.51373383792668e-03
322	6.51291558947815e-03
323	6.55310653176936e-03
324	6.55061185644437e-03
325	6.59413638430906e-03
326	6.59256570944627e-03
327	6.63436379617428e-03
328	6.63326523929930e-03
329	6.67735569318756e-03
330	6.67610347354156e-03
331	6.67594804951262e-03
332	6.72094236291211e-03
333	6.72044819585468e-03
334	6.75105073982311e-03
335	6.73202635494359e-03
336	6.75513173434575e-03
337	6.73526697863903e-03
338	6.76102610240357e-03
339	6.74117836322262e-03
340	6.72251883194177e-03
341	6.75011699043751e-03
342	6.73140627349378e-03
343	6.76002594239139e-03
344	6.74060089234574e-03
345	6.76995792470074e-03
346	6.75357437643464e-03
347	6.73721571849517e-03
348	6.76631881283736e-03
349	6.74841095584382e-03
350	6.77726254739717e-03
351	6.75861867901497e-03
352	6.73867229230671e-03
353	6.76959781085036e-03
354	6.75165422715938e-03
355	6.78226053141266e-03
356	6.76756186172748e-03
357	6.75053992558956e-03
358	6.78213744143466e-03
359	6.76760066431863e-03
360	6.80072967653057e-03
361	6.78486881807534e-03
362	6.76861791832383e-03
363	6.80093424649923e-03
364	6.78332093603784e-03
365	6.81942297017766e-03
366	6.80260067606230e-03
367	6.78910436301373e-03
368	6.82621666585056e-03
369	6.81107036320646e-03
370	6.79668535208213e-03
371	6.83347977974023e-03
372	6.82143041037556e-03
373	6.80874406358219e-03
374	6.84595470468678e-03
375	6.83154071442538e-03
376	6.86900268357405e-03
377	6.85646426154358e-03
378	6.84460171179725e-03
379	6.88204649628734e-03
380	6.86817571855468e-03
381	6.85554909026984e-03
382	6.89563400428492e-03
383	6.88307141552091e-03
384	6.87141368273849e-03
385	6.91187354168153e-03
386	6.90050281373206e-03
387	6.88815705772272e-03
388	6.93131387803888e-03
389	6.91918628101819e-03
390	6.90755840665356e-03
391	6.95077456637116e-03
392	6.94034509182041e-03
393	6.92990822436791e-03
394	6.97451802957830e-03
395	6.96518891350246e-03
396	6.95257755257985e-03
397	6.99783755838803e-03
398	6.98802514487388e-03
399	6.97840409182421e-03
400	6.96979103027335e-03
401	7.01690687228376e-03
402	7.00815840879335e-03
403	7.00011845485332e-03
404	7.04701756836060e-03
405	7.03935991876733e-03
406	7.02978631696162e-03
407	7.07844565907095e-03
408	7.06903910250815e-03
409	7.05974305677501e-03
410	7.11127544747792e-03
411	7.10197614892325e-03
412	7.09348528838076e-03
413	7.08477595252009e-03
414	7.13477157220154e-03
415	7.12624603386231e-03
416	7.11818162614478e-03
417	7.17023582864458e-03
418	7.16347008875688e-03
419	7.15482895517658e-03
420	7.14875557685754e-03
421	7.20221390080011e-03
422	7.19474081951588e-03
423	7.18773841478698e-03
424	7.24162011364696e-03
425	7.23461993231658e-03
426	7.22765958778061e-03
427	7.22096693378358e-03
428	7.27696074190283e-03
429	7.27209708872720e-03
430	7.26775503718122e-03
431	7.26087174148164e-03
432	7.31877125600101e-03
433	7.31312260036762e-03
434	7.30828903512536e-03
435	7.36647947762192e-03
436	7.36113308346378e-03
437	7.35610232231139e-03
438	7.35250178620323e-03
439	7.41183339079826e-03
440	7.40556497641235e-03
441	7.40020623071194e-03
442	7.39678912686050e-03
443	7.45733471718947e-03
444	7.45162033755853e-03
445	7.44742316648029e-03
446	7.44391671726125e-03
447	7.50705134907720e-03
448	7.50344777804267e-03
449	7.49858977743307e-03
450	7.49584844547760e-03
451	7.55984848027751e-03
452	7.55624151739844e-03
453	7.55283759828261e-03
454	7.54978232666740e-03
455	7.61537314080506e-03
456	7.61218410071530e-03
457	7.60871533629404e-03
458	7.60561703493263e-03
459	7.67199282737940e-03
460	7.66961514343476e-03
461	7.66775395631439e-03
462	7.66632624128682e-03
463	7.73573213461624e-03
464	7.73182987914116e-03
465	7.72917407739273e-03
466	7.72692853335158e-03
467	7.72469118780387e-03
468	7.79599760796361e-03
469	7.79290746514768e-03
470	7.79044333680277e-03
471	7.78856003339484e-03
472	7.86048679150226e-03
473	7.85865684065243e-03
474	7.85673878020243e-03
475	7.85490492054604e-03
476	7.85320514616949e-03
477	7.92700240729523e-03
478	7.92461938702191e-03
479	7.92355297930890e-03
480	7.92287094636698e-03
481	7.99852363492477e-03
482	7.99773068484469e-03
483	7.99587561043168e-03
484	7.99384738504988e-03
485	7.99271755271650e-03
486	8.07028851060682e-03
487	8.07044408654630e-03
488	8.06966046837237e-03
489	8.06928728036136e-03
490	8.06843167283607e-03
491	8.14775540713397e-03
492	8.14683615840538e-03
493	8.14654818439040e-03
494	8.14703321196509e-03
495	8.14668851116246e-03
496	8.22831017816870e-03
497	8.22859264789081e-03
498	8.22829684008079e-03
499	8.22786726555767e-03
