1	6.00353382981373e-05
2	7.72253064796517e-05
3	8.88891534240239e-05
4	9.77474341049586e-05
5	1.04745555769194e-04
6	1.10862304430844e-04
7	1.15749844518522e-04
8	1.20232422678993e-04
9	1.23829914586372e-04
10	1.27312141401187e-04
11	1.30410154129233e-04
12	1.32964491360879e-04
13	1.35082451074112e-04
14	1.38047141797966e-04
15	1.39383759415255e-04
16	1.41280292887966e-04
17	1.43258655532973e-04
18	1.44930165703300e-04
19	1.47163593949375e-04
20	1.47832862786800e-04
21	1.49749847912130e-04
22	1.50979288902058e-04
23	1.51771309437282e-04
24	1.52828648172338e-04
25	1.53936958467149e-04
26	1.54978036274423e-04
27	1.55905256739767e-04
28	1.56811935239073e-04
29	1.56708003599993e-04
30	1.58501612984597e-04
31	1.58777793115736e-04
32	1.58877590613284e-04
33	1.62265486730518e-04
34	1.60621678577707e-04
35	1.59803142685431e-04
36	1.62355162423916e-04
37	1.62478118133648e-04
38	1.64718799643838e-04
39	1.61810064357690e-04
40	1.64183309989231e-04
41	1.67052873171020e-04
42	1.66592536379286e-04
43	1.66699389200928e-04
44	1.65862528631740e-04
45	1.65700551838575e-04
46	1.66762156732763e-04
47	1.68841033273299e-04
48	1.68225238715458e-04
49	1.68072421159129e-04
50	1.67822547407649e-04
51	1.70539735193895e-04
52	1.69073385464265e-04
53	1.69355826616871e-04
54	1.71292067566108e-04
55	1.72865441898262e-04
56	1.70395304591814e-04
57	1.71642371599337e-04
58	1.72225746051190e-04
59	1.71396651320471e-04
60	1.73408922873009e-04
61	1.73922858670908e-04
62	1.72365800152608e-04
63	1.73984408561603e-04
64	1.73066732477706e-04
65	1.73598042630985e-04
66	1.73767014649154e-04
67	1.73531630079331e-04
68	1.75478529611305e-04
69	1.73917552075526e-04
70	1.74128344784828e-04
71	1.75999358914069e-04
72	1.76224840442879e-04
73	1.76382595776028e-04
74	1.75541589944813e-04
75	1.75957184604996e-04
76	1.77973131603151e-04
77	1.76991050325651e-04
78	1.75274403754000e-04
79	1.75920990205554e-04
80	1.77370894615875e-04
81	1.78977721024079e-04
82	1.78644152831297e-04
83	1.74479361200608e-04
84	1.76815439883537e-04
85	1.75187341420466e-04
86	1.78291797383399e-04
87	1.76162784479445e-04
88	1.80859893194781e-04
89	1.81227532244738e-04
90	1.77804952682248e-04
91	1.82100446497935e-04
92	1.77254984543607e-04
93	1.78021713937942e-04
94	1.81633439572288e-04
95	1.80010545189215e-04
96	1.82240571706082e-04
97	1.79845312109846e-04
98	1.78582961084488e-04
99	1.79334243640821e-04
100	1.79121590099887e-04
101	1.82581342465994e-04
102	1.82017452561409e-04
103	1.80049686945214e-04
104	1.82687450994928e-04
105	1.78679899908350e-04
106	1.82725183421897e-04
107	1.78812571514412e-04
108	1.82564942609119e-04
109	1.78958896218342e-04
110	1.83927485343175e-04
111	1.81637592835590e-04
112	1.84429419160095e-04
113	1.81241838705506e-04
114	1.82120477535554e-04
115	1.81265038737235e-04
116	1.84207490671082e-04
117	1.80883418416372e-04
118	1.80278082431276e-04
119	1.83358758320807e-04
120	1.82196514345379e-04
121	1.81974680198901e-04
122	1.82917543946113e-04
123	1.81860034230020e-04
124	1.83949169216764e-04
125	1.82191359315378e-04
126	1.84578335639889e-04
127	1.81183518242248e-04
128	1.84617945557646e-04
129	1.83951418543679e-04
130	1.82411603933637e-04
131	1.82714361275068e-04
132	1.82310659667392e-04
133	1.81888137626188e-04
134	1.80772029146244e-04
135	1.83197925490427e-04
136	1.85895381094317e-04
137	1.84133152098113e-04
138	1.81812226159057e-04
139	1.85500742510410e-04
140	1.84044290070551e-04
141	1.83930014535626e-04
142	1.85615818102876e-04
143	1.86816748030567e-04
144	1.85378016145473e-04
145	1.83276234759939e-04
146	1.80594685987320e-04
147	1.87738568017816e-04
148	1.85188831950524e-04
149	1.80441734163577e-04
150	1.84558257323725e-04
151	1.85392466047021e-04
152	1.82982214982824e-04
153	1.86007768908970e-04
154	1.87382524945367e-04
155	1.83439958447170e-04
156	1.84701921614856e-04
157	1.85070267796391e-04
158	1.79890006561808e-04
159	1.88235283284569e-04
160	1.81746057250211e-04
161	1.80043519244939e-04
162	1.83899946123807e-04
163	1.86557444257834e-04
164	1.85966148513606e-04
165	1.85760319287158e-04
166	1.82413561772241e-04
167	1.83355883377627e-04
168	1.85999963940674e-04
169	1.82845560234963e-04
170	1.85276972831698e-04
171	1.82541468696476e-04
172	1.86854199385230e-04
173	1.85182173313385e-04
174	1.77930086154922e-04
175	1.84635988923595e-04
176	1.84077765970818e-04
177	1.83490831953999e-04
178	1.84656811309604e-04
179	1.84826854681181e-04
180	1.82234546722321e-04
181	1.86307420715781e-04
182	1.90323756206249e-04
183	1.84170640366863e-04
184	1.84711152420698e-04
185	1.82745510703755e-04
186	1.86586537329304e-04
187	1.85643741109579e-04
188	1.85016032133164e-04
189	1.86007606368948e-04
190	1.82527772055739e-04
191	1.83651122034797e-04
192	1.88539863366924e-04
193	1.87395698759393e-04
194	1.86084123966933e-04
195	1.83240612266037e-04
196	1.89860095906252e-04
197	1.86136640159191e-04
198	1.85580199326976e-04
199	1.82879613865832e-04
200	1.84501223776269e-04
201	1.87311890512489e-04
202	1.83662998978219e-04
203	1.82422154658342e-04
204	1.93970275865005e-04
205	1.89858382222156e-04
206	1.85915524114474e-04
207	1.84484532402932e-04
208	1.88215122402127e-04
209	1.82515719007314e-04
210	1.85524595463110e-04
211	1.86495189086432e-04
212	1.91627402619323e-04
213	1.90973849728926e-04
214	1.84220928930187e-04
215	1.84679969766943e-04
216	1.83975821742529e-04
217	1.82478870624141e-04
218	1.87757456396423e-04
219	1.87370712513283e-04
220	1.88145847631808e-04
221	1.81510570642104e-04
222	1.86613861100417e-04
223	1.87738693405105e-04
224	1.89106588846216e-04
225	1.87755746357512e-04
226	1.83344010218533e-04
227	1.87957632760617e-04
228	1.90450979644440e-04
229	1.86383668901030e-04
230	1.86134340963367e-04
231	1.87495745846965e-04
232	1.89432407820911e-04
233	1.90900728992894e-04
234	1.83308991519580e-04
235	1.86700614676623e-04
236	1.89620892122483e-04
237	1.84474998953537e-04
238	1.90229625351102e-04
239	1.87680029220272e-04
240	1.88038593792578e-04
241	1.89597694324495e-04
242	1.80644244027121e-04
243	1.86921023333929e-04
244	1.85123317917551e-04
245	1.86300350804069e-04
246	1.91570037105810e-04
247	1.84474471054038e-04
248	1.88124530208997e-04
249	1.86976991534082e-04
250	1.83570645197812e-04
251	1.84606875924646e-04
252	1.88010779634981e-04
253	1.83263239533622e-04
254	1.85370548100938e-04
255	1.82716638465401e-04
256	1.82875453960430e-04
257	1.86635843701799e-04
258	1.85162844229300e-04
259	1.85637356874768e-04
260	1.83829322725270e-04
261	1.80833385050139e-04
262	1.86689803999968e-04
263	1.80922717610932e-04
264	1.85794999095808e-04
265	1.86251438373374e-04
266	1.83197012568090e-04
267	1.90713817814500e-04
268	1.81105750122689e-04
269	1.82668670284320e-04
270	1.81019191236909e-04
271	1.83685825954744e-04
272	1.87833316761808e-04
273	1.87768575199370e-04
274	1.82191179964358e-04
275	1.89795531597182e-04
276	1.88370281478433e-04
277	1.89876201169180e-04
278	1.80555965451327e-04
279	1.86791587914852e-04
280	1.85302592077548e-04
281	1.86560002361863e-04
282	1.88264159633873e-04
283	1.83105037601813e-04
284	1.84315481309422e-04
285	1.81849067889085e-04
286	1.85075607588038e-04
287	1.89002183539933e-04
288	1.85103130806476e-04
289	1.82611681175244e-04
290	1.89882147681008e-04
291	1.85797581546819e-04
292	1.87721972903080e-04
293	1.93232371992481e-04
294	1.84408540685261e-04
295	1.82081424495019e-04
296	1.84363396259562e-04
297	1.86838622708921e-04
298	1.94337338469661e-04
299	1.89987923509837e-04
300	1.93647047221525e-04
301	1.84994100477813e-04
302	1.83768234499732e-04
303	1.83849561356629e-04
304	1.85026544705193e-04
305	1.90497650224042e-04
306	1.91465730816661e-04
307	1.83293466128122e-04
308	1.85168978708290e-04
309	1.84410908108260e-04
310	1.93619361639217e-04
311	1.87116267298463e-04
312	1.89979903516276e-04
313	1.89917967358083e-04
314	1.86254791165422e-04
315	1.87382453584286e-04
316	1.80020721550869e-04
317	1.87180699845305e-04
318	1.85345520344054e-04
319	1.92006200815904e-04
320	1.89269735253818e-04
321	1.90494858518767e-04
322	1.84630499742212e-04
323	1.81738734564665e-04
324	1.81104441013486e-04
325	1.84688591754020e-04
326	1.82395385809011e-04
327	1.89567709664089e-04
328	1.81708295072547e-04
329	1.81269667306480e-04
330	1.85584154524584e-04
331	1.81446877542084e-04
332	1.84219116474854e-04
333	1.85273495707889e-04
334	1.80474079827451e-04
335	1.84333589846887e-04
336	1.94287529680526e-04
337	1.82431015403711e-04
338	1.87819601186923e-04
339	1.85236023706409e-04
340	1.82931842620800e-04
341	1.85857761691682e-04
342	1.83992271441626e-04
343	1.85025228417240e-04
344	1.90259296148497e-04
345	1.94599870573357e-04
346	1.86017193719464e-04
347	1.88643804005216e-04
348	1.89768281094416e-04
349	1.80049356415809e-04
350	1.89254237257478e-04
351	1.81873551431864e-04
352	1.80005233315506e-04
353	1.96571067886439e-04
354	1.87755919223293e-04
355	1.86166321527453e-04
356	1.83204549548299e-04
357	1.90363238089529e-04
358	1.89669628274514e-04
359	1.76104946197841e-04
360	1.90050797495024e-04
361	1.80869034739704e-04
362	1.86735712568770e-04
363	1.90202127510443e-04
364	1.86643443123946e-04
365	1.90839444807509e-04
366	1.81982905634162e-04
367	1.88033355513190e-04
368	1.83853057939246e-04
369	1.87529619584236e-04
370	1.85071699569368e-04
371	1.82655244503329e-04
372	1.89363644604660e-04
373	1.85638262997621e-04
374	1.88827161646572e-04
375	1.80301846613077e-04
376	1.91629777134273e-04
377	1.88337879014248e-04
378	1.85001464853977e-04
379	1.83941727272891e-04
380	1.84740306009543e-04
381	1.82537471915800e-04
382	1.88466823007266e-04
383	1.81319265741688e-04
384	1.91117075383211e-04
385	1.91994446052207e-04
386	1.87624707326521e-04
387	1.87862855175864e-04
388	1.83546862470696e-04
389	1.87495629238201e-04
390	1.82398314621402e-04
391	1.88269645937017e-04
392	1.90603444716127e-04
393	1.89432996091192e-04
394	1.83239230263867e-04
395	1.83758270569492e-04
396	1.90925529500230e-04
397	1.88810375388214e-04
398	1.80888798632781e-04
399	1.80272813701074e-04
400	1.97977791351285e-04
401	1.82154052561692e-04
402	1.82942091099646e-04
403	1.88351616840410e-04
404	1.83112971886731e-04
405	1.94625312079066e-04
406	1.86866169425093e-04
407	1.90472593693766e-04
408	1.96427267730230e-04
409	1.91451648776045e-04
410	1.85513581600019e-04
411	1.84205241309955e-04
412	1.85517661900150e-04
413	1.86702702997255e-04
414	1.93323727979646e-04
415	1.84877193164450e-04
416	1.88681447271615e-04
417	1.91598878599440e-04
418	1.84341258954642e-04
419	1.91311169216781e-04
420	1.88941831996789e-04
421	1.87595706556501e-04
422	1.91364700388117e-04
423	1.85120167755349e-04
424	1.86630644595191e-04
425	1.85097475135307e-04
426	1.92267680510591e-04
427	1.81732008546832e-04
428	1.90090225913692e-04
429	1.93026102642507e-04
430	1.83774202010050e-04
431	1.93751611661903e-04
432	1.82369091390801e-04
433	1.88644544152740e-04
434	1.90015840231593e-04
435	1.92676587115236e-04
436	1.83004830344493e-04
437	1.89871491956562e-04
438	1.82997715821850e-04
439	1.89081428524853e-04
440	1.84491727432603e-04
441	1.89012086614513e-04
442	1.92586633099503e-04
443	1.92468666578561e-04
444	1.94365124136201e-04
445	1.85925041443076e-04
446	1.92564426074254e-04
447	1.89050792921673e-04
448	1.91249436321790e-04
449	1.86390965304145e-04
450	1.91722876247181e-04
451	1.89873255760089e-04
452	1.83101304253389e-04
453	1.83846618673714e-04
454	1.98744392479852e-04
455	1.91642777936947e-04
456	1.90462027094946e-04
457	1.90809484790809e-04
458	1.88054136420042e-04
459	1.87357759355202e-04
460	1.84723909766621e-04
461	1.95787465336656e-04
462	1.88010945885921e-04
463	1.92441802324306e-04
464	1.85785409983953e-04
465	1.89070162198365e-04
466	1.91438532959820e-04
467	1.90862597069154e-04
468	1.84738407301857e-04
469	1.86346374931012e-04
470	1.90423255849186e-04
471	1.94757067297306e-04
472	1.88166950728552e-04
473	1.96153914454401e-04
474	1.88345374051426e-04
475	1.86140172051133e-04
476	1.88828569056226e-04
477	1.93027117462079e-04
478	1.86583381205975e-04
479	1.84877347768703e-04
480	1.85454849340698e-04
481	1.90392003403586e-04
482	1.88151586505992e-04
483	1.87348711479893e-04
484	1.85109501623298e-04
485	1.90349343119894e-04
486	1.98276037318971e-04
487	1.85478053869659e-04
488	1.89834786298077e-04
489	1.86382757413877e-04
490	1.91506451014893e-04
491	1.92410093313942e-04
492	1.90546459649529e-04
493	1.92445124181276e-04
494	1.91112206970155e-04
495	1.85538316109038e-04
496	1.91747318305893e-04
497	1.95087703402630e-04
498	1.86551267201564e-04
499	1.84253455819237e-04
