1	1.89037175859260e-04
2	2.46104064396563e-04
3	2.86301708941130e-04
4	3.16849676372517e-04
5	3.42734883647796e-04
6	3.64961420552828e-04
7	3.83305086843910e-04
8	4.01125940364292e-04
9	4.18047200482324e-04
10	4.30380953738559e-04
11	4.42845862993121e-04
12	4.55855581862483e-04
13	4.63704463329516e-04
14	4.73125693649537e-04
15	4.83231079712679e-04
16	4.93822426046712e-04
17	5.05153342453825e-04
18	5.12426779735948e-04
19	5.15593553676005e-04
20	5.23738000035891e-04
21	5.35459253374638e-04
22	5.41169967881266e-04
23	5.47659572395291e-04
24	5.46404043517254e-04
25	5.58836799748499e-04
26	5.59330994375403e-04
27	5.63919624698408e-04
28	5.68564135836388e-04
29	5.77752981662662e-04
30	5.78661403086238e-04
31	5.86931646760647e-04
32	5.84265507231264e-04
33	5.98106581337157e-04
34	6.09704939142464e-04
35	6.02968001896226e-04
36	5.98443197456646e-04
37	6.04974506381610e-04
38	6.18161825543744e-04
39	6.25539837078076e-04
40	6.21922531002774e-04
41	6.16369282302829e-04
42	6.26311261513732e-04
43	6.25273222029564e-04
44	6.33320182483375e-04
45	6.30857380740115e-04
46	6.47511403222692e-04
47	6.50791477875592e-04
48	6.34634281674022e-04
49	6.48750929730294e-04
50	6.46961536661494e-04
51	6.52357366571669e-04
52	6.67543518166843e-04
53	6.49602116975813e-04
54	6.32517982355311e-04
55	6.51963338061262e-04
56	6.60137748386865e-04
57	6.67310799913088e-04
58	6.70122935490318e-04
59	6.75412761828910e-04
60	6.71463344376594e-04
61	6.66927840064515e-04
62	6.93116013708250e-04
63	6.60045874811322e-04
64	6.89866656143105e-04
65	6.87153342295984e-04
66	6.75284105398349e-04
67	6.82124469842223e-04
68	7.05930165806034e-04
69	7.10358790621900e-04
70	7.04958072833447e-04
71	6.89595672224380e-04
72	6.83854540450072e-04
73	6.93478625490503e-04
74	6.75956070765547e-04
75	7.00109278289858e-04
76	6.84396693829652e-04
77	7.03970428557380e-04
78	7.04774440307913e-04
79	7.16020981648258e-04
80	7.10058238126022e-04
81	7.11848351221771e-04
82	7.02393901995950e-04
83	7.22207324426918e-04
84	6.98467111477818e-04
85	7.05431401731492e-04
86	7.19216243756304e-04
87	7.49232930967978e-04
88	7.16671519053096e-04
89	7.17360534209424e-04
90	7.07422810421054e-04
91	7.26712603115632e-04
92	7.27359765213288e-04
93	7.04182468726912e-04
94	7.27640936591552e-04
95	7.16672490125122e-04
96	7.25799582482462e-04
97	7.48397950943526e-04
98	7.26301661277658e-04
99	7.29921336756303e-04
100	7.17569005617615e-04
101	7.16031789997655e-04
102	7.22069275084252e-04
103	7.42152566677919e-04
104	7.47607122952376e-04
105	7.19805245124100e-04
106	7.34893077225780e-04
107	7.00210922118731e-04
108	7.33106834514169e-04
109	7.51989920596652e-04
110	7.21832374269104e-04
111	7.62739334488775e-04
112	7.18190618963530e-04
113	7.66554663186802e-04
114	7.59466598653540e-04
115	7.82086023463729e-04
116	7.40136523606373e-04
117	7.66336368133820e-04
118	7.50003441677429e-04
119	7.24148900928791e-04
120	7.50259519306877e-04
121	7.57378601631036e-04
122	7.31828635540819e-04
123	7.33886867033253e-04
124	7.48312969907424e-04
125	7.72054417630241e-04
126	7.41180088993449e-04
127	7.38646381783292e-04
128	7.38646436829788e-04
129	7.28415389247015e-04
130	7.48830804305746e-04
131	7.45310332198137e-04
132	7.56404859857293e-04
133	7.63682463201242e-04
134	7.47621737988194e-04
135	7.33548047516891e-04
136	7.51121561026880e-04
137	7.86638757077248e-04
138	7.58403472842136e-04
139	7.56039228409112e-04
140	7.70263423101964e-04
141	7.72440415766249e-04
142	7.84955566181796e-04
143	7.75989644223954e-04
144	7.64868480060726e-04
145	7.47357516689234e-04
146	7.57679229414391e-04
147	7.70145357476787e-04
148	7.70095192292417e-04
149	8.18227528557400e-04
150	7.43578943032766e-04
151	7.68635264216859e-04
152	7.49397840654017e-04
153	7.74281969759466e-04
154	7.91923710571099e-04
155	7.45501107999128e-04
156	7.86850374056021e-04
157	7.59814957700017e-04
158	7.76836089320185e-04
159	7.93601473294023e-04
160	7.60750511717390e-04
161	7.78863350165504e-04
162	7.45778692465373e-04
163	8.03520520746043e-04
164	7.99207563780434e-04
165	7.18398470513356e-04
166	8.02043608087832e-04
167	7.77042220676078e-04
168	7.23579471299961e-04
169	7.85150490829449e-04
170	7.89240119314798e-04
171	7.87470823614255e-04
172	7.95406369538183e-04
173	7.91083093790008e-04
174	7.72682079826009e-04
175	8.15767080896154e-04
176	7.91498733984698e-04
177	7.46782818876192e-04
178	8.13019572527653e-04
179	7.84549904659624e-04
180	7.56194285840174e-04
181	8.25003068166647e-04
182	7.73634679447721e-04
183	8.12121459063624e-04
184	7.73761972690021e-04
185	8.17693154453812e-04
186	7.85351055484095e-04
187	7.76730187007051e-04
188	7.99598698179550e-04
189	7.50922308725607e-04
190	7.92416362136748e-04
191	7.42415367579830e-04
192	8.13472002821653e-04
193	7.67806589812332e-04
194	8.33115109186502e-04
195	7.59597909350621e-04
196	8.13032970380018e-04
197	7.02823165664142e-04
198	8.13586600381007e-04
199	7.53984388262955e-04
200	8.05522166087231e-04
201	7.46383813557094e-04
202	7.93172790843942e-04
203	7.73171802140388e-04
204	8.18522754981543e-04
205	7.31426363739535e-04
206	7.80352904693614e-04
207	7.84840909235223e-04
208	8.20132813846608e-04
209	8.16197681425159e-04
210	7.64151343923172e-04
211	8.22395066208107e-04
212	7.31590885372248e-04
213	8.15602759632874e-04
214	7.17647475132858e-04
215	7.53658221139203e-04
216	8.04673198653092e-04
217	7.82171541935495e-04
218	8.64863848387447e-04
219	7.86143931132027e-04
220	7.44884262873156e-04
221	8.04985872800011e-04
222	8.19600468310993e-04
223	8.24057160144260e-04
224	7.40113319691291e-04
225	7.77659840407376e-04
226	8.31179608942205e-04
227	7.97560064191577e-04
228	8.20811978956656e-04
229	7.56322051248278e-04
230	7.91447182662491e-04
231	8.35420654725192e-04
232	7.84925267266156e-04
233	7.70943087875770e-04
234	8.13167105292316e-04
235	7.43976136055276e-04
236	7.88092614322056e-04
237	8.76549118394999e-04
238	7.73894750515022e-04
239	7.57491101936111e-04
240	7.75791470150438e-04
241	7.82084277329869e-04
242	8.12161148743082e-04
243	8.10024309709290e-04
244	7.45111433230443e-04
245	7.75439249756344e-04
246	7.94280548010604e-04
247	7.81354026209799e-04
248	8.27953867319884e-04
249	8.60447281469411e-04
250	7.68493825578136e-04
251	7.59627984625871e-04
252	8.47122732878091e-04
253	8.27069805597745e-04
254	8.04029501387895e-04
255	8.27603691415411e-04
256	8.45533190698194e-04
257	7.52528571111170e-04
258	7.52239812747542e-04
259	8.29413303885172e-04
260	7.86568370261209e-04
261	7.88489068250953e-04
262	7.66842967098359e-04
263	7.84432111477014e-04
264	7.17973563034079e-04
265	7.47137870416912e-04
266	8.01761498793497e-04
267	7.87133469932567e-04
268	7.85699687883649e-04
269	8.08718774366303e-04
270	7.98645998101499e-04
271	7.87761502258634e-04
272	7.93304333582305e-04
273	7.81762397624659e-04
274	8.45535026622482e-04
275	7.94327360910412e-04
276	8.45677567207343e-04
277	8.67656789117869e-04
278	8.18893312067414e-04
279	7.26777240534843e-04
280	7.74322459105243e-04
281	8.33365811399426e-04
282	8.20961216078021e-04
283	7.69512435473638e-04
284	7.81789898796762e-04
285	8.18049321814105e-04
286	8.45059135845952e-04
287	7.67390993446064e-04
288	7.64591273879094e-04
289	7.75046284371032e-04
290	7.72797229655811e-04
291	7.61469443030745e-04
292	7.62351321700128e-04
293	8.52475550686693e-04
294	8.70010809845538e-04
295	8.14478302697226e-04
296	7.51552909626405e-04
297	7.86131969833448e-04
298	8.33189035408085e-04
299	8.68946254516259e-04
300	8.07780071078686e-04
301	7.80286472743626e-04
302	7.79175767270353e-04
303	8.15641703065725e-04
304	8.46705166858438e-04
305	8.04950124240179e-04
306	7.63622481502361e-04
307	7.94605895790071e-04
308	8.03929284923516e-04
309	7.60772960244508e-04
310	7.65215236944060e-04
311	8.20410448168256e-04
312	8.44524932188082e-04
313	8.54783896328077e-04
314	7.95482768438646e-04
315	7.57301095934731e-04
316	7.45498415547728e-04
317	7.90485048908739e-04
318	8.35233791761871e-04
319	7.57730226601441e-04
320	7.49660494004363e-04
321	7.69617151585746e-04
322	8.35110795699345e-04
323	8.52721373842447e-04
324	8.50330515863569e-04
325	8.36505192885755e-04
326	7.48055444721872e-04
327	7.07223848575543e-04
328	8.08474364401252e-04
329	8.46144879848278e-04
330	8.00335461330949e-04
331	8.07194535597405e-04
332	8.28816991841282e-04
333	8.31914902992692e-04
334	8.74936096146111e-04
335	8.75379557393499e-04
336	8.14645956198750e-04
337	7.87175632911484e-04
338	7.21575700654270e-04
339	7.60998430222960e-04
340	8.43106982495538e-04
341	8.19924945680695e-04
342	7.89207673257654e-04
343	7.31522036177839e-04
344	7.04236365166940e-04
345	7.34919332143356e-04
346	7.88269466875760e-04
347	7.92509145929579e-04
348	7.67037961781683e-04
349	7.48429490375082e-04
350	7.29203092484548e-04
351	7.08090613805273e-04
352	7.31100704508596e-04
353	8.15696162472360e-04
354	7.99402235577198e-04
355	8.41839498163483e-04
356	8.68278820893899e-04
357	8.23814693651684e-04
358	8.52284393915779e-04
359	8.59040146553704e-04
360	8.00354654999976e-04
361	7.75275134602833e-04
362	7.56887809494713e-04
363	7.85974067239337e-04
364	7.91971468867965e-04
365	8.38890800993538e-04
366	8.67540607414760e-04
367	8.09093775283993e-04
368	7.71647077165610e-04
369	7.47940071362051e-04
370	7.23389883453598e-04
371	7.56086843994374e-04
372	7.63885080254683e-04
373	8.44541449378155e-04
374	7.90791670211346e-04
375	7.57824433455081e-04
376	7.15530889635959e-04
377	7.26675657701017e-04
378	7.28679124014303e-04
379	8.05206720994185e-04
380	8.40903616744293e-04
381	8.69001607021906e-04
382	7.99683153054934e-04
383	7.97242604063317e-04
384	8.50033038622274e-04
385	8.46275849535473e-04
386	8.21906036290604e-04
387	8.34233364803818e-04
388	8.93580041307521e-04
389	8.67701322885643e-04
390	7.97391195045734e-04
391	7.76152016730622e-04
392	7.59178932494535e-04
393	7.09943672624315e-04
394	7.04175288597262e-04
395	7.73507763229641e-04
396	8.25642352439352e-04
397	8.07112461877141e-04
398	7.73209838780393e-04
399	7.75391105791932e-04
400	7.64683910955036e-04
401	7.25370065791958e-04
402	7.05827136950575e-04
403	7.76584770268906e-04
404	7.89534667836719e-04
405	8.17201798440128e-04
406	8.26515781063742e-04
407	7.94303924391233e-04
408	8.06153304887399e-04
409	8.02252693055696e-04
410	7.99196777574484e-04
411	8.13813895735422e-04
412	8.40607619543846e-04
413	8.65128864225946e-04
414	8.54562784805540e-04
415	8.39870708795723e-04
416	8.55344681343826e-04
417	8.52667162922767e-04
418	8.10382204442278e-04
419	8.13047022929792e-04
420	8.47191474874441e-04
421	8.95905771707318e-04
422	9.00761261418241e-04
423	8.70459285762364e-04
424	8.15210110524819e-04
425	7.87246306146986e-04
426	7.92837344604637e-04
427	7.59621891172771e-04
428	7.36838501955017e-04
429	7.60862029110934e-04
430	8.14206897890810e-04
431	8.32271651266025e-04
432	8.52404945222831e-04
433	8.42210483863835e-04
434	8.08098805577280e-04
435	7.99657597491631e-04
436	7.99012244531112e-04
437	7.91704786127719e-04
438	7.54051944365031e-04
439	7.30147361686331e-04
440	7.51508513892254e-04
441	8.03827320342702e-04
442	8.32393637280007e-04
443	8.54240323185123e-04
444	8.18223608887758e-04
445	8.09200093735721e-04
446	7.83709229878549e-04
447	7.96360362988229e-04
448	7.86962074971200e-04
449	8.16629835816657e-04
450	8.46329097292538e-04
451	8.84518670467355e-04
452	8.94690278124005e-04
453	9.17368737811419e-04
454	9.09197321128536e-04
455	8.89629682711116e-04
456	8.85702394155680e-04
457	8.70071880386009e-04
458	8.15364074781941e-04
459	8.32186225899254e-04
460	8.83641310625637e-04
461	8.76308421034369e-04
462	8.99174508738028e-04
463	8.77097070153978e-04
464	8.50884101629650e-04
465	8.30819142959819e-04
466	8.41557455672814e-04
467	8.30964534082499e-04
468	8.35092726854312e-04
469	8.19960677850398e-04
470	7.68139320102257e-04
471	8.11741107818630e-04
472	8.23119989845431e-04
473	8.51004754357516e-04
474	8.44436380887783e-04
475	8.39222022595956e-04
476	8.21939722790022e-04
477	8.32157594489870e-04
478	7.70875589418593e-04
479	7.41036729504030e-04
480	7.59408609938736e-04
481	7.69589812269681e-04
482	8.01891751754993e-04
483	8.42926209567273e-04
484	8.44545568849076e-04
485	8.46386332972111e-04
486	8.38434872158027e-04
487	8.44226317987314e-04
488	8.43290909306285e-04
489	8.00770132527810e-04
490	7.76714951629875e-04
491	7.77955088726330e-04
492	8.11741700456084e-04
493	8.20284863924512e-04
494	8.14593194409502e-04
495	8.15560791823229e-04
496	8.49340011217225e-04
497	8.54559157450691e-04
498	9.04854412410837e-04
499	8.79289852024638e-04
