1	9.78309775307587e-06
2	1.01838419751250e-05
3	1.03635369358078e-05
4	1.04520557172124e-05
5	1.05341204890449e-05
6	1.05560686749186e-05
7	1.05726892738925e-05
8	1.06540502525875e-05
9	1.06377420502507e-05
10	1.05706674606096e-05
11	1.07058502341231e-05
12	1.06668654620112e-05
13	1.06627380330578e-05
14	1.06682481992267e-05
15	1.05736959972667e-05
16	1.07423361612271e-05
17	1.05416408037302e-05
18	1.06411100663619e-05
19	1.05715443089372e-05
20	1.05861445244669e-05
21	1.05617585502736e-05
22	1.06582547096249e-05
23	1.06435835822479e-05
24	1.05469535719921e-05
25	1.05967067436059e-05
26	1.06189882619897e-05
27	1.06293565204788e-05
28	1.05523237989957e-05
29	1.05570418076282e-05
30	1.05523015041098e-05
31	1.05339658917698e-05
32	1.06437723271003e-05
33	1.06688143087974e-05
34	1.05555917512585e-05
35	1.06528357161599e-05
36	1.05700370707411e-05
37	1.05817952753263e-05
38	1.04796782407328e-05
39	1.04781470049041e-05
40	1.05571061119822e-05
41	1.03843384926245e-05
42	1.03649325339904e-05
43	1.05991068547843e-05
44	1.05931865956677e-05
45	1.04053814940904e-05
46	1.05629878871451e-05
47	1.05846318474919e-05
48	1.04404609796708e-05
49	1.06132350143310e-05
50	1.05842763259884e-05
51	1.04843632526431e-05
52	1.05466174984672e-05
53	1.05945027885298e-05
54	1.03575722711714e-05
55	1.03716998762746e-05
56	1.03635960530603e-05
57	1.03968229662351e-05
58	1.04983108759199e-05
59	1.04241802390228e-05
60	1.03178964621359e-05
61	1.03590417192390e-05
62	1.05583204523605e-05
63	1.04371619084427e-05
64	1.04764801405442e-05
65	1.07368094872362e-05
66	1.06087673964239e-05
67	1.05937387039859e-05
68	1.05718272264884e-05
69	1.04238264136658e-05
70	1.04856317648147e-05
71	1.04685085594780e-05
72	1.03955473944903e-05
73	1.05518552057773e-05
74	1.05272109187937e-05
75	1.04017971709353e-05
76	1.03261190059951e-05
77	1.06789238114209e-05
78	1.05796471163505e-05
79	1.04520592744132e-05
80	1.05074757701522e-05
81	1.05724201383817e-05
82	1.04934697611274e-05
83	1.03532148080455e-05
84	1.03790690838663e-05
85	1.04000746228768e-05
86	1.04787670208597e-05
87	1.05339368705789e-05
88	1.05216576383630e-05
89	1.03867220770387e-05
90	1.05531818197882e-05
91	1.04762192228328e-05
92	1.05234149879229e-05
93	1.02649677643881e-05
94	1.05244614455936e-05
95	1.04853257956928e-05
96	1.04488973861655e-05
97	1.05858928092412e-05
98	1.08023237394690e-05
99	1.03022290451680e-05
100	1.02845682022329e-05
101	1.04727412937093e-05
102	1.05135907343396e-05
103	1.04720876059189e-05
104	1.04021691485974e-05
105	1.03812245439804e-05
106	1.05734985549505e-05
107	1.03430221317119e-05
108	1.04846696318022e-05
109	1.06496071206101e-05
110	1.03709018114159e-05
111	1.03374269128753e-05
112	1.02635872401285e-05
113	1.02790403859576e-05
114	1.01058370853519e-05
115	1.03673067836851e-05
116	1.04778245598751e-05
117	1.03840214153571e-05
118	1.05558225597155e-05
119	1.04356939357712e-05
120	1.04131063823001e-05
121	1.07414924930074e-05
122	1.03138275406960e-05
123	1.03865173321145e-05
124	1.05781373220444e-05
125	1.05271136623704e-05
126	1.04148112626854e-05
127	1.04384592807423e-05
128	1.04846221759029e-05
129	1.04756879186015e-05
130	1.07432676943808e-05
131	1.06846576880530e-05
132	1.06292052859875e-05
133	1.04826012959956e-05
134	1.07015731561443e-05
135	1.03995139523232e-05
136	1.06930033212814e-05
137	1.06010867375423e-05
138	1.05420387928758e-05
139	1.06472938512485e-05
140	1.05583300955933e-05
141	1.05721662015688e-05
142	1.06210613682244e-05
143	1.05534384597483e-05
144	1.01830516291800e-05
145	1.05488614059069e-05
146	1.04597938765060e-05
147	1.08330560966160e-05
148	1.05402318163612e-05
149	1.03940233515094e-05
150	1.01257599336745e-05
151	1.05590948452213e-05
152	1.03436085901132e-05
153	1.04138242760339e-05
154	1.05718214997898e-05
155	1.00108002071804e-05
156	1.09981448205192e-05
157	1.06389857874485e-05
158	1.05874413204935e-05
159	1.03851914323660e-05
160	1.03206737325493e-05
161	1.07112632444484e-05
162	1.05321987998896e-05
163	1.07181901642807e-05
164	1.05894194465126e-05
165	1.03571243472436e-05
166	1.01128693505363e-05
167	1.06610833432691e-05
168	1.05928462345647e-05
169	1.07124434232773e-05
170	1.08033775349758e-05
171	1.01766891411070e-05
172	1.06450695266779e-05
173	1.05305793753351e-05
174	1.06206393079916e-05
175	1.06132079804476e-05
176	1.05414837601268e-05
177	1.03554004551013e-05
178	1.03650453492515e-05
179	1.04605178631905e-05
180	1.05681011321381e-05
181	1.06672112018595e-05
182	1.04445906859707e-05
183	1.04096787714574e-05
184	1.04839876376426e-05
185	1.03167419196889e-05
186	1.06397741370434e-05
187	1.06043834321552e-05
188	1.04463578844052e-05
189	1.05919942333641e-05
190	1.05567414982367e-05
191	1.04951783395764e-05
192	1.04895155827841e-05
193	1.06839760690934e-05
194	1.04553398109775e-05
195	1.06178058820952e-05
196	1.11767683702484e-05
197	1.03243795116117e-05
198	1.05865416909134e-05
199	1.07762955375240e-05
200	1.06755523381833e-05
201	1.04498132488434e-05
202	1.06537346255642e-05
203	1.05137220418840e-05
204	1.06224809942623e-05
205	1.07190187712492e-05
206	1.04379673285827e-05
207	1.05742430416740e-05
208	1.05499748428323e-05
209	1.08979712653425e-05
210	1.05483624644375e-05
211	1.04757352607309e-05
212	1.04725328759337e-05
213	1.07139943670956e-05
214	1.06995244769640e-05
215	1.05860717404799e-05
216	1.02861105870960e-05
217	1.05241185754890e-05
218	1.01964216860138e-05
219	1.04259102561710e-05
220	1.03693108416844e-05
221	1.06229187989032e-05
222	1.04188003921917e-05
223	1.01615191138580e-05
224	1.05173982600016e-05
225	1.05098903065548e-05
226	1.01517923151701e-05
227	1.05082505876148e-05
228	1.02989525683893e-05
229	1.06148655739853e-05
230	1.04544455693717e-05
231	1.04751421876980e-05
232	1.03575287147853e-05
233	1.03294968856081e-05
234	1.10879398323079e-05
235	1.06368207216303e-05
236	1.06962648017626e-05
237	1.03812898472998e-05
238	1.05578784818123e-05
239	1.09592404085442e-05
240	1.04568670355901e-05
241	1.06003180510220e-05
242	1.08053559244876e-05
243	1.06842870114733e-05
244	1.06780171919373e-05
245	1.06594636706260e-05
246	1.04026900164879e-05
247	1.03319953810235e-05
248	1.04887441479141e-05
249	1.06123926392146e-05
250	1.04366709392866e-05
251	1.04768245690615e-05
252	1.04183875175305e-05
253	1.03530195043685e-05
254	1.05375653436256e-05
255	1.04120414069683e-05
256	1.05217020664974e-05
257	1.07614959347449e-05
258	1.06821664679797e-05
259	1.08797030713447e-05
260	1.07287562829317e-05
261	1.03176598504954e-05
262	1.06586573415759e-05
263	1.06961531809837e-05
264	1.07842584963070e-05
265	1.06738011778331e-05
266	1.08701012700462e-05
267	1.06678081533823e-05
268	1.07340756977952e-05
269	1.05542838154336e-05
270	1.04726483797915e-05
271	1.07396394405820e-05
272	1.04976933747094e-05
273	1.04933142285302e-05
274	1.08730672818712e-05
275	1.04796565059513e-05
276	1.07995052422671e-05
277	1.03880525113266e-05
278	1.05708394213503e-05
279	1.06597839090244e-05
280	1.07583875316971e-05
281	1.03482034351064e-05
282	1.02422931108959e-05
283	1.04027714032457e-05
284	1.07728313012910e-05
285	1.05879073001009e-05
286	1.02877309089562e-05
287	1.05729997861097e-05
288	1.06228342540880e-05
289	1.04119460348855e-05
290	1.02796569417930e-05
291	1.09097064274976e-05
292	1.03173785711612e-05
293	1.05506366338451e-05
294	1.05015350111489e-05
295	1.07202624781972e-05
296	1.07977775607720e-05
297	1.10838061724483e-05
298	1.02870019920044e-05
299	1.03388652900870e-05
300	1.03273381603702e-05
301	1.07282463617341e-05
302	1.02219324668179e-05
303	1.05725536317592e-05
304	1.05737514962238e-05
305	1.06525962175208e-05
306	1.06603836857419e-05
307	1.04751747234581e-05
308	1.07261404984224e-05
309	1.07780555197829e-05
310	1.02618715061453e-05
311	1.10200514465825e-05
312	1.06793531748880e-05
313	1.07616154971570e-05
314	1.07154626226168e-05
315	1.05999487727881e-05
316	1.05039597733291e-05
317	1.04483738769318e-05
318	1.06857989445784e-05
319	1.07365368527575e-05
320	1.06939986440576e-05
321	1.05474938318672e-05
322	1.06425926671644e-05
323	1.06471384577254e-05
324	1.04081361196105e-05
325	1.08012486490768e-05
326	1.09661636584084e-05
327	1.07429751556968e-05
328	1.03390780464528e-05
329	1.03549221387255e-05
330	1.04741089327448e-05
331	1.03385567769938e-05
332	1.04624984635240e-05
333	1.06947682308254e-05
334	1.05488966749654e-05
335	1.03635776647998e-05
336	1.05882658356371e-05
337	1.03393512843828e-05
338	1.06867214002069e-05
339	1.01380472948970e-05
340	1.03485345438316e-05
341	1.07655060050729e-05
342	1.01932313388297e-05
343	1.04181494089405e-05
344	1.07451850850513e-05
345	1.02623391631740e-05
346	1.04811413240261e-05
347	9.88252314916382e-06
348	1.09305704859831e-05
349	1.04956386101585e-05
350	1.05024596473869e-05
351	1.07935239748705e-05
352	1.06706732605757e-05
353	1.05414856378734e-05
354	1.05092282105091e-05
355	1.03425383918338e-05
356	1.05393095917315e-05
357	1.07297186854670e-05
358	1.02635349274574e-05
359	1.04503305839357e-05
360	1.06346230244988e-05
361	1.04535019784295e-05
362	1.02997054573351e-05
363	1.08940877114519e-05
364	1.05736184139171e-05
365	1.05012973165221e-05
366	1.05517431913991e-05
367	1.01961538703961e-05
368	1.01568439664573e-05
369	1.00705439207279e-05
370	1.05305637233264e-05
371	1.06056041530843e-05
372	1.08344599123755e-05
373	1.06560993335471e-05
374	1.04587734448626e-05
375	1.01511550845713e-05
376	1.04464229506192e-05
377	1.04882127459528e-05
378	1.04821213026546e-05
379	1.03700430575969e-05
380	1.04671341116064e-05
381	1.03741215483919e-05
382	1.07816720474660e-05
383	1.03671614442146e-05
384	1.07463268194125e-05
385	1.07018171745248e-05
386	1.04869777143204e-05
387	1.02474440505154e-05
388	1.03533322334220e-05
389	1.04095191404569e-05
390	1.09067805855965e-05
391	1.06950091349741e-05
392	1.10699355385379e-05
393	1.03015880191001e-05
394	1.02074829686149e-05
395	1.00623302572976e-05
396	1.00972519850532e-05
397	1.07903334426719e-05
398	1.04495355687992e-05
399	1.07253030748226e-05
400	1.05486363805879e-05
401	1.01756952049728e-05
402	1.04331468993137e-05
403	1.06416840754423e-05
404	1.03978994397905e-05
405	1.03062547290100e-05
406	1.05134824665983e-05
407	1.04087200808859e-05
408	1.09435685508176e-05
409	1.04007258402099e-05
410	1.06577760627508e-05
411	1.05357568282689e-05
412	1.01886326370596e-05
413	1.08336717198685e-05
414	1.08243078536908e-05
415	1.02319292540528e-05
416	1.01895394499202e-05
417	1.03559271072050e-05
418	1.04003824655111e-05
419	1.05705204498966e-05
420	1.05879123884286e-05
421	1.03092264304020e-05
422	1.01071034005194e-05
423	1.09360067388220e-05
424	1.03299188831533e-05
425	1.05001366973443e-05
426	1.08077816784694e-05
427	1.02887899210006e-05
428	1.08961332467841e-05
429	1.06331200764239e-05
430	1.07369361387871e-05
431	1.09527214606241e-05
432	1.05052373387018e-05
433	1.00579239320827e-05
434	1.08020298730459e-05
435	1.03763298427477e-05
436	1.03442379896363e-05
437	1.05796184765591e-05
438	1.01349921981458e-05
439	1.01327470690885e-05
440	1.02198258317642e-05
441	1.02604720597124e-05
442	1.06435504605128e-05
443	1.05956129502925e-05
444	1.03710683131742e-05
445	1.06405203265928e-05
446	1.01676622040370e-05
447	9.99624500071356e-06
448	1.03128846676950e-05
449	1.02030000677192e-05
450	1.03350444181750e-05
451	1.06714089859864e-05
452	1.05762268073054e-05
453	1.06295113905576e-05
454	1.03432002838567e-05
455	1.04063813664227e-05
456	1.03495670104962e-05
457	1.06731861715361e-05
458	1.06392764696731e-05
459	1.06802134514645e-05
460	1.03215468011143e-05
461	1.00342175309645e-05
462	1.06914885868269e-05
463	1.06496026515019e-05
464	1.06708522632361e-05
465	1.07862823600795e-05
466	1.01239330395084e-05
467	1.07912616383536e-05
468	1.07325907668206e-05
469	1.04717861878987e-05
470	1.04547591881113e-05
471	1.06849582044709e-05
472	1.05175220679146e-05
473	1.08519723496084e-05
474	1.06272069509161e-05
475	1.02716109715118e-05
476	1.03887918153693e-05
477	1.04446535063996e-05
478	1.04024940765828e-05
479	1.04633008431417e-05
480	1.05149377248020e-05
481	1.04028503398833e-05
482	1.03562146967519e-05
483	1.02623433801145e-05
484	1.08026558036971e-05
485	1.00899832705692e-05
486	1.05602392676660e-05
487	1.05828733459050e-05
488	1.07651730614626e-05
489	1.12451370151438e-05
490	1.02297044934718e-05
491	9.86210141863188e-06
492	1.05485058644475e-05
493	1.03244889041985e-05
494	1.07603335237179e-05
495	1.04997875717685e-05
496	1.03273369771646e-05
497	1.03562957756693e-05
498	1.07036436987397e-05
499	1.06923000670476e-05
