1	6.89993572152369e-04
2	9.69749850380955e-04
3	1.18325420357177e-03
4	1.36330652094887e-03
5	1.52134139371154e-03
6	1.66300824641862e-03
7	1.79466583715556e-03
8	1.91712327891064e-03
9	2.03082313663249e-03
10	2.13975716398723e-03
11	2.24206319854768e-03
12	2.33757286698670e-03
13	2.43411155864523e-03
14	2.52146720201239e-03
15	2.60890448455862e-03
16	2.69253451359689e-03
17	2.77645544992829e-03
18	2.85369130645800e-03
19	2.93036990508286e-03
20	3.01266782477067e-03
21	3.07880434186312e-03
22	3.14981742236482e-03
23	3.21946955600807e-03
24	3.28755000494243e-03
25	3.36382932236237e-03
26	3.41886163774631e-03
27	3.49454651799858e-03
28	3.54807843685184e-03
29	3.60794065078849e-03
30	3.67083705570090e-03
31	3.73277652580694e-03
32	3.79184011940393e-03
33	3.84743473525204e-03
34	3.90286311571203e-03
35	3.95876925375264e-03
36	4.01948500981011e-03
37	4.08509485738788e-03
38	4.12548601171422e-03
39	4.17501332722207e-03
40	4.24733813539952e-03
41	4.28007520839167e-03
42	4.33785823826791e-03
43	4.38693960652172e-03
44	4.43432663228688e-03
45	4.48579459485743e-03
46	4.53485197565224e-03
47	4.58246326919249e-03
48	4.63640619969240e-03
49	4.67198042340054e-03
50	4.74560797392609e-03
51	4.76400284742301e-03
52	4.81834709504546e-03
53	4.87096582654142e-03
54	4.90112147476916e-03
55	4.95506451822226e-03
56	5.00634516325982e-03
57	5.02940370095596e-03
58	5.08155902551727e-03
59	5.14772971461821e-03
60	5.16182666959850e-03
61	5.20316966946031e-03
62	5.26474193509977e-03
63	5.30789686711086e-03
64	5.32595448174788e-03
65	5.36571621600446e-03
66	5.42826073281883e-03
67	5.47781181733134e-03
68	5.49138029954293e-03
69	5.52520327092089e-03
70	5.57027189022226e-03
71	5.63638900770710e-03
72	5.67151761447709e-03
73	5.69114849590361e-03
74	5.71742705530768e-03
75	5.76156859451853e-03
76	5.82273311625552e-03
77	5.88348566487932e-03
78	5.88625728714576e-03
79	5.91266226497386e-03
80	5.93366502961757e-03
81	5.97841084925351e-03
82	6.03747347024668e-03
83	6.09974762584471e-03
84	6.12142182879759e-03
85	6.13403570894938e-03
86	6.15511651065389e-03
87	6.18840981704614e-03
88	6.22309593401145e-03
89	6.27952029710617e-03
90	6.33627572411919e-03
91	6.39684235234849e-03
92	6.39873020643370e-03
93	6.41224937967255e-03
94	6.43505355271281e-03
95	6.45558686211192e-03
96	6.49724460914234e-03
97	6.53530369302802e-03
98	6.58243361367801e-03
99	6.63818241402173e-03
100	6.70160478256300e-03
101	6.70269342845090e-03
102	6.71421096308487e-03
103	6.73208193736332e-03
104	6.75648867917229e-03
105	6.77454376374193e-03
106	6.81512334063481e-03
107	6.84771076365477e-03
108	6.90349587260931e-03
109	6.94988149061181e-03
110	7.00348783264404e-03
111	7.06346057233685e-03
112	7.06852244632955e-03
113	7.07733307633125e-03
114	7.08901648050097e-03
115	7.10613814828972e-03
116	7.11260409097945e-03
117	7.14274875820863e-03
118	7.17802772582163e-03
119	7.20234728522055e-03
120	7.24916225598309e-03
121	7.28356051612643e-03
122	7.34080678603625e-03
123	7.38550804929110e-03
124	7.43531670718794e-03
125	7.49062593021892e-03
126	7.50549323500930e-03
127	7.50869381618672e-03
128	7.51525402770529e-03
129	7.52465427753436e-03
130	7.53937724401328e-03
131	7.55721575096859e-03
132	7.58149164836358e-03
133	7.60968033740422e-03
134	7.62233568328560e-03
135	7.65942828599204e-03
136	7.69915756648248e-03
137	7.74411555444130e-03
138	7.77110130299929e-03
139	7.82345067123120e-03
140	7.85894388183076e-03
141	7.91954912044214e-03
142	7.96139253570117e-03
143	8.02177033024833e-03
144	8.01074499112161e-03
145	8.02896586681979e-03
146	8.02606745242801e-03
147	8.02602613862585e-03
148	8.05151720165307e-03
149	8.05822199510377e-03
150	8.06664970481684e-03
151	8.08088843816544e-03
152	8.12079304820789e-03
153	8.13918244463527e-03
154	8.16113847650370e-03
155	8.18680635977856e-03
156	8.21397051916413e-03
157	8.24488074806463e-03
158	8.27815205263304e-03
159	8.31393213906950e-03
160	8.35277947142846e-03
161	8.39491221592994e-03
162	8.44048491168446e-03
163	8.48741241496798e-03
164	8.53751230645093e-03
165	8.56318344517274e-03
166	8.61813429253607e-03
167	8.65770537219857e-03
168	8.66225266928369e-03
169	8.67332928563534e-03
170	8.65597605429668e-03
171	8.66983709317991e-03
172	8.68411159549705e-03
173	8.67229771987707e-03
174	8.69078117993259e-03
175	8.71329346551401e-03
176	8.70871485776784e-03
177	8.73569783248444e-03
178	8.76442578530380e-03
179	8.76633670677032e-03
180	8.80020898779403e-03
181	8.80460320779154e-03
182	8.84327251944932e-03
183	8.85129935274305e-03
184	8.89234169856408e-03
185	8.90410357891501e-03
186	8.95138505571422e-03
187	8.96682961723806e-03
188	9.01846083099314e-03
189	9.03819843361522e-03
190	9.05982955319583e-03
191	9.11647394989517e-03
192	9.14237742916841e-03
193	9.16850964793751e-03
194	9.23104001709058e-03
195	9.26149276736670e-03
196	9.29211887788294e-03
197	9.36162208170951e-03
198	9.39630017477400e-03
199	9.43248354969312e-03
200	9.47054850377499e-03
201	9.49739366152866e-03
202	9.48913629380902e-03
203	9.48407881212464e-03
204	9.47786900928987e-03
205	9.51381796987591e-03
206	9.51020047912222e-03
207	9.50849497222102e-03
208	9.50870230685003e-03
209	9.50748098540940e-03
210	9.51085557216230e-03
211	9.55698133764530e-03
212	9.56234587803084e-03
213	9.56930617992143e-03
214	9.57801602156814e-03
215	9.59004014529373e-03
216	9.60178401736509e-03
217	9.61399358772506e-03
218	9.62695419185108e-03
219	9.64300648295247e-03
220	9.65990510838663e-03
221	9.67636239525863e-03
222	9.69494099732838e-03
223	9.71531730240677e-03
224	9.73582212028335e-03
225	9.75891798835274e-03
226	9.78443837359693e-03
227	9.81008672101927e-03
228	9.83758885569103e-03
229	9.86659081529698e-03
230	9.89719115104327e-03
231	9.92808986048178e-03
232	9.95966898477530e-03
233	9.99193360957045e-03
234	1.00268805908046e-02
235	1.00625657906766e-02
236	1.00993581506598e-02
237	1.01376982642646e-02
238	1.01294690786385e-02
239	1.01688983814252e-02
240	1.02105494506235e-02
241	1.02532324984914e-02
242	1.02973732921254e-02
243	1.03423935917647e-02
244	1.03879132129459e-02
245	1.03853914805148e-02
246	1.04333460472009e-02
247	1.04837821570821e-02
248	1.05344326254846e-02
249	1.05864134148072e-02
250	1.05869976206358e-02
251	1.05964888719346e-02
252	1.06055789628804e-02
253	1.06184743414890e-02
254	1.06324222531957e-02
255	1.05932802430397e-02
256	1.06083608940120e-02
257	1.06237527063268e-02
258	1.06397007828472e-02
259	1.06020640988592e-02
260	1.06197659047006e-02
261	1.06376400754936e-02
262	1.06574117210029e-02
263	1.06240966268043e-02
264	1.06468683037125e-02
265	1.06694261842542e-02
266	1.06936257288695e-02
267	1.06622852750743e-02
268	1.06872850934442e-02
269	1.07148186379676e-02
270	1.06869828424231e-02
271	1.07145694816421e-02
272	1.07437393188616e-02
273	1.07161098618823e-02
274	1.07473241256880e-02
275	1.07787890588395e-02
276	1.07516470280057e-02
277	1.07838973906199e-02
278	1.08199304280563e-02
279	1.07944395133505e-02
280	1.08308710633546e-02
281	1.08681326144703e-02
282	1.08468490242536e-02
283	1.08860007819889e-02
284	1.08644088419053e-02
285	1.09058026924071e-02
286	1.09481061864611e-02
287	1.09294514354836e-02
288	1.09734596983361e-02
289	1.09551633847602e-02
290	1.09992986722053e-02
291	1.10446125783792e-02
292	1.10278856297602e-02
293	1.10754361107680e-02
294	1.10595444482443e-02
295	1.11088235777279e-02
296	1.11588983475965e-02
297	1.11448443168307e-02
298	1.11976725776374e-02
299	1.11822596034970e-02
300	1.12362094890541e-02
301	1.12242964403500e-02
302	1.12798518949519e-02
303	1.12681023170496e-02
304	1.13238893921247e-02
305	1.13824927697836e-02
306	1.13709976498137e-02
307	1.14315856674047e-02
308	1.14218162735403e-02
309	1.14838899637427e-02
310	1.14757537679399e-02
311	1.15392058017598e-02
312	1.15316863557275e-02
313	1.15966310081481e-02
314	1.15899661638353e-02
315	1.16562124436714e-02
316	1.16509359009760e-02
317	1.17190216635984e-02
318	1.17141196258312e-02
319	1.17838497750289e-02
320	1.17798413429519e-02
321	1.18499692459112e-02
322	1.18465881718501e-02
323	1.19188536228914e-02
324	1.19166041041790e-02
325	1.19919215076216e-02
326	1.19898932153899e-02
327	1.20662989170793e-02
328	1.20647886977540e-02
329	1.21428576367174e-02
330	1.21428874179888e-02
331	1.21421496378390e-02
332	1.22224335411944e-02
333	1.22228061843360e-02
334	1.22783984840627e-02
335	1.22406921864831e-02
336	1.22842445501179e-02
337	1.22485049351512e-02
338	1.22977701602816e-02
339	1.22627540566606e-02
340	1.22276932510636e-02
341	1.22761482552533e-02
342	1.22425093487091e-02
343	1.22910011392265e-02
344	1.22558526271177e-02
345	1.23059020340755e-02
346	1.22726916966691e-02
347	1.22390365659317e-02
348	1.22903005448997e-02
349	1.22576193123881e-02
350	1.23110191170129e-02
351	1.22812263602775e-02
352	1.22502078652186e-02
353	1.23050128593914e-02
354	1.22752407176412e-02
355	1.23314842425635e-02
356	1.23013537607726e-02
357	1.22718094950935e-02
358	1.23318195231023e-02
359	1.23033189147523e-02
360	1.23632917177633e-02
361	1.23363572212163e-02
362	1.23069714209449e-02
363	1.23677579869803e-02
364	1.23409765499284e-02
365	1.24038454263744e-02
366	1.23776172964817e-02
367	1.23509243343511e-02
368	1.24129730211949e-02
369	1.23861883503311e-02
370	1.23609329462444e-02
371	1.24275239970341e-02
372	1.24013908231333e-02
373	1.23760963125713e-02
374	1.24430024895981e-02
375	1.24197467131337e-02
376	1.24897759949011e-02
377	1.24667892725483e-02
378	1.24439029209366e-02
379	1.25144273312939e-02
380	1.24937554406028e-02
381	1.24714195686168e-02
382	1.25441724977256e-02
383	1.25244302216289e-02
384	1.25037974555578e-02
385	1.25785530282682e-02
386	1.25570929379734e-02
387	1.25347090622333e-02
388	1.26107059072773e-02
389	1.25916433735617e-02
390	1.25715799446528e-02
391	1.26491837841255e-02
392	1.26304662881706e-02
393	1.26104546799661e-02
394	1.26906236185239e-02
395	1.26719145934556e-02
396	1.26539240291861e-02
397	1.27360699821734e-02
398	1.27168395710292e-02
399	1.26983648372820e-02
400	1.26810262877606e-02
401	1.27663612466332e-02
402	1.27494057875945e-02
403	1.27323087035914e-02
404	1.28178075837620e-02
405	1.28017570670724e-02
406	1.27854397364567e-02
407	1.28720425716583e-02
408	1.28562969169686e-02
409	1.28410655962965e-02
410	1.29315465088041e-02
411	1.29156350498706e-02
412	1.29021204895245e-02
413	1.28883046974485e-02
414	1.29805754823914e-02
415	1.29671193712804e-02
416	1.29541810633389e-02
417	1.30486200824151e-02
418	1.30360475747790e-02
419	1.30230944668184e-02
420	1.30103433403497e-02
421	1.31066559797457e-02
422	1.30949228596049e-02
423	1.30839976070921e-02
424	1.31827554087091e-02
425	1.31706028285875e-02
426	1.31584429128241e-02
427	1.31469770600399e-02
428	1.32477722807813e-02
429	1.32367806802702e-02
430	1.32249632018895e-02
431	1.32145411638321e-02
432	1.33194084764247e-02
433	1.33093194687351e-02
434	1.32998732575223e-02
435	1.34053000330279e-02
436	1.33963758514644e-02
437	1.33876946777127e-02
438	1.33779129019404e-02
439	1.34856492014486e-02
440	1.34771627161864e-02
441	1.34678598388252e-02
442	1.34598857257133e-02
443	1.35697333935410e-02
444	1.35621697537080e-02
445	1.35536804577977e-02
446	1.35455487651631e-02
447	1.36585618190988e-02
448	1.36510750975274e-02
449	1.36445235003576e-02
450	1.36376249996889e-02
451	1.37539278292538e-02
452	1.37475004170514e-02
453	1.37421455424316e-02
454	1.37355622804935e-02
455	1.38539584408114e-02
456	1.38465592629080e-02
457	1.38407843844863e-02
458	1.38346136288681e-02
459	1.39558304164841e-02
460	1.39504158254472e-02
461	1.39459161185338e-02
462	1.39406083383340e-02
463	1.40647012623529e-02
464	1.40604892518405e-02
465	1.40565546427130e-02
466	1.40524282961339e-02
467	1.40481709778305e-02
468	1.41753348622456e-02
469	1.41712902791355e-02
470	1.41687204838671e-02
471	1.41656268599321e-02
472	1.42952924120298e-02
473	1.42913058599151e-02
474	1.42890065954284e-02
475	1.42864384597752e-02
476	1.42842924942336e-02
477	1.44175603401678e-02
478	1.44150446756461e-02
479	1.44132055916642e-02
480	1.44112767775004e-02
481	1.45482497269729e-02
482	1.45456438506562e-02
483	1.45438653404770e-02
484	1.45425327147845e-02
485	1.45409707982228e-02
486	1.46818188045445e-02
487	1.46800680687165e-02
488	1.46790569120274e-02
489	1.46778810238824e-02
490	1.46774034858579e-02
491	1.48209493604123e-02
492	1.48196903965048e-02
493	1.48196601594548e-02
494	1.48194349053662e-02
495	1.48189304395755e-02
496	1.49665184218719e-02
497	1.49671187882158e-02
498	1.49669559172168e-02
499	1.49676952138565e-02
