1	1.43125410183189e-04
2	1.74358732724460e-04
3	1.93414214448856e-04
4	2.05636520487724e-04
5	2.15794203813650e-04
6	2.20541498702438e-04
7	2.29032822387648e-04
8	2.32369790466222e-04
9	2.32875492052627e-04
10	2.33131089299647e-04
11	2.37377676886726e-04
12	2.37121361434752e-04
13	2.40879889895087e-04
14	2.45335127273586e-04
15	2.43402784767231e-04
16	2.48551092208779e-04
17	2.49684152413309e-04
18	2.46598642837818e-04
19	2.46909629326600e-04
20	2.47462920048224e-04
21	2.51139311420458e-04
22	2.50805769688085e-04
23	2.50664502288736e-04
24	2.47504460953743e-04
25	2.53618256438244e-04
26	2.50533628127276e-04
27	2.49872958214923e-04
28	2.49309828252628e-04
29	2.54262261286395e-04
30	2.47105103730295e-04
31	2.53457978799072e-04
32	2.51148328442784e-04
33	2.46426692271607e-04
34	2.54000016701107e-04
35	2.62874960924006e-04
36	2.49192433081187e-04
37	2.50148462970852e-04
38	2.57021023869236e-04
39	2.55000467220026e-04
40	2.47673323551251e-04
41	2.52537322452542e-04
42	2.49763872795115e-04
43	2.55356758441529e-04
44	2.53211978097286e-04
45	2.54444017032034e-04
46	2.61934910598838e-04
47	2.59937431324296e-04
48	2.54337793781969e-04
49	2.61233747241729e-04
50	2.57712742401480e-04
51	2.66352993573036e-04
52	2.61591439705854e-04
53	2.57959562130481e-04
54	2.48476809187990e-04
55	2.62901837597337e-04
56	2.55366958672305e-04
57	2.67864443520020e-04
58	2.58836587194849e-04
59	2.62456594945619e-04
60	2.54743017347136e-04
61	2.61827569538977e-04
62	2.62686297275721e-04
63	2.56761150695519e-04
64	2.56927964153899e-04
65	2.62037338596211e-04
66	2.58531533729347e-04
67	2.66356154909939e-04
68	2.58584831336957e-04
69	2.63773875058675e-04
70	2.73593609000190e-04
71	2.65390256741284e-04
72	2.64374533559076e-04
73	2.50908142156257e-04
74	2.56754501051910e-04
75	2.66760145930462e-04
76	2.57946238214519e-04
77	2.55797224915252e-04
78	2.62006548051160e-04
79	2.58176849665722e-04
80	2.54356570169111e-04
81	2.56564186007609e-04
82	2.65160156660594e-04
83	2.54815993005074e-04
84	2.58300842163577e-04
85	2.66997224792747e-04
86	2.54893041876586e-04
87	2.44884744316683e-04
88	2.73625939295678e-04
89	2.55958509205637e-04
90	2.58534701737166e-04
91	2.54877415445886e-04
92	2.61308748077289e-04
93	2.75074341752143e-04
94	2.55243449110124e-04
95	2.62642394618552e-04
96	2.53266763092596e-04
97	2.63757053929809e-04
98	2.62400957920005e-04
99	2.65656533355058e-04
100	2.77946607804167e-04
101	2.70140009268728e-04
102	2.68683712935587e-04
103	2.62853126766597e-04
104	2.43825718580822e-04
105	2.56059660758598e-04
106	2.58172291571298e-04
107	2.60965489536610e-04
108	2.60166903995010e-04
109	2.56016019543715e-04
110	2.74444375648977e-04
111	2.65374250696747e-04
112	2.57404794414853e-04
113	2.62208327059436e-04
114	2.58008282850422e-04
115	2.59195845992306e-04
116	2.62585317528465e-04
117	2.64831830846165e-04
118	2.59077642243516e-04
119	2.62110875967041e-04
120	2.56128507915876e-04
121	2.63549774439585e-04
122	2.62938886877282e-04
123	2.46707719735264e-04
124	2.65747510794768e-04
125	2.84506051934545e-04
126	2.70550374465161e-04
127	2.56972731236889e-04
128	2.42963463294080e-04
129	2.49383877843144e-04
130	2.69574842450000e-04
131	2.87649197265843e-04
132	2.51767795356239e-04
133	2.66945866911536e-04
134	2.59919502461565e-04
135	2.41187793266439e-04
136	2.39186090807470e-04
137	2.47172653200095e-04
138	2.56894506952835e-04
139	2.47318273066880e-04
140	2.55341990667561e-04
141	2.69986198502520e-04
142	2.62331019800874e-04
143	2.47122557639114e-04
144	2.54984611954285e-04
145	2.37334261249875e-04
146	2.60107776988697e-04
147	2.59913130389886e-04
148	2.64635389390946e-04
149	2.63404318347475e-04
150	2.57645762406485e-04
151	2.63782359452405e-04
152	2.64137293049401e-04
153	2.70277297494860e-04
154	2.55059418611673e-04
155	2.50401600933290e-04
156	2.56559903704947e-04
157	2.53840667056371e-04
158	2.68249492527712e-04
159	2.65392484861281e-04
160	2.48081518833952e-04
161	2.55804230770577e-04
162	2.65388359489249e-04
163	2.60402832504799e-04
164	2.58504557818858e-04
165	2.62762262466121e-04
166	2.53616934321644e-04
167	2.59532214417921e-04
168	2.42781570643682e-04
169	2.54722262099168e-04
170	2.66910889512571e-04
171	2.62486180219794e-04
172	2.75022348450047e-04
173	2.54652387268733e-04
174	2.46325968226886e-04
175	2.65467628845792e-04
176	2.65898160188931e-04
177	2.55621013401968e-04
178	2.61564271788440e-04
179	2.60469269380825e-04
180	2.42905546503875e-04
181	2.30722559261525e-04
182	2.38970355836092e-04
183	2.52914798614645e-04
184	2.64641475866564e-04
185	2.77544870686908e-04
186	2.59802490905049e-04
187	2.69051070406962e-04
188	2.56572662645747e-04
189	2.54074524357239e-04
190	2.51375124520289e-04
191	2.52482142620372e-04
192	2.60166297153405e-04
193	2.50350796880583e-04
194	2.64728512732430e-04
195	2.57212512697464e-04
196	2.52670220327903e-04
197	2.62753546390531e-04
198	2.63083500388036e-04
199	2.78524101341691e-04
200	2.50663449243486e-04
201	2.57018658094740e-04
202	2.48478986983454e-04
203	2.50866412613835e-04
204	2.55165556371084e-04
205	2.56717148559089e-04
206	2.56765873020649e-04
207	2.56720047177126e-04
208	2.40910093142033e-04
209	2.37498327958973e-04
210	2.53151109626679e-04
211	2.68962019198401e-04
212	2.56871025533808e-04
213	2.68276594567613e-04
214	2.58901033871352e-04
215	2.63967542270106e-04
216	2.71640674506706e-04
217	2.49519776352876e-04
218	2.62841976153423e-04
219	2.80682844755518e-04
220	2.78007104679166e-04
221	2.64795197634389e-04
222	2.62327527738213e-04
223	2.66210547839053e-04
224	2.53790911078346e-04
225	2.36604354197389e-04
226	2.58046553176754e-04
227	2.41897883134249e-04
228	2.30171256409904e-04
229	2.47982953752861e-04
230	2.52424984291220e-04
231	2.46275586725559e-04
232	2.55407431080204e-04
233	2.39603429882947e-04
234	2.36643059522985e-04
235	2.72316193308934e-04
236	2.75267203965120e-04
237	2.44389927360777e-04
238	2.49616424784483e-04
239	2.77128835342820e-04
240	2.73989066077657e-04
241	2.70893277369521e-04
242	2.74238309278530e-04
243	2.89121604006723e-04
244	2.78941275961323e-04
245	2.79225297579115e-04
246	2.63018089961614e-04
247	2.66297981659122e-04
248	2.55341001502112e-04
249	2.37715395662273e-04
250	2.73715146795467e-04
251	2.59651149711679e-04
252	2.53289333422204e-04
253	2.65968797442381e-04
254	2.50887462116302e-04
255	2.41787998165370e-04
256	2.42716282664411e-04
257	2.49283611677568e-04
258	2.35338505372894e-04
259	2.57838876676064e-04
260	2.60828876385737e-04
261	2.40501240209260e-04
262	2.50247061294561e-04
263	2.31054398769926e-04
264	2.57293997087684e-04
265	2.50119684016147e-04
266	2.44384348065364e-04
267	2.57463737509468e-04
268	2.74637855641988e-04
269	2.59931819691263e-04
270	2.43102716852811e-04
271	2.44783592619234e-04
272	2.52752287771779e-04
273	2.63691200367103e-04
274	2.66958536258925e-04
275	2.65815512513504e-04
276	2.39699997680796e-04
277	2.48567858230785e-04
278	2.71834455267125e-04
279	2.93575417219356e-04
280	2.62577020721898e-04
281	2.47589105630216e-04
282	2.44536301583814e-04
283	2.54564343658070e-04
284	2.76990732639922e-04
285	2.62943037633540e-04
286	2.51161409116718e-04
287	2.50958461253040e-04
288	2.44581210963268e-04
289	2.77623051957600e-04
290	2.30144955396699e-04
291	2.52149092900170e-04
292	2.77651456847085e-04
293	2.81450331950599e-04
294	2.80382793360989e-04
295	3.01387871365918e-04
296	2.74435376820981e-04
297	2.51978700743877e-04
298	2.55384021623838e-04
299	2.64672105323391e-04
300	2.68757752938162e-04
301	2.54654082211692e-04
302	2.37728200785613e-04
303	2.34997636731873e-04
304	2.48561133778052e-04
305	2.50507899494058e-04
306	2.82675667050853e-04
307	2.76359927623952e-04
308	2.39070456400277e-04
309	2.39225354810205e-04
310	2.21988490872078e-04
311	2.50675009789340e-04
312	2.49846770255516e-04
313	2.69268103509703e-04
314	2.47827979838231e-04
315	2.54039771741421e-04
316	2.60771647457232e-04
317	2.47304951433212e-04
318	2.51067724907286e-04
319	2.64440830040785e-04
320	2.49241239542590e-04
321	2.43499114711026e-04
322	2.30536717351891e-04
323	2.44833476507471e-04
324	2.27656539290913e-04
325	2.16214254021546e-04
326	2.39740691960824e-04
327	2.26391713818434e-04
328	2.12620806428120e-04
329	2.23246162294633e-04
330	2.27415400039078e-04
331	2.14416567574061e-04
332	2.42542175088417e-04
333	2.53166149480434e-04
334	2.29457388507162e-04
335	2.36960804645813e-04
336	2.28760401452244e-04
337	2.32039710456179e-04
338	2.40376078353433e-04
339	2.54404403062379e-04
340	2.65774434226710e-04
341	2.64123275123706e-04
342	2.68946427874706e-04
343	2.70638371611787e-04
344	2.67988291241763e-04
345	2.72654094643504e-04
346	2.60852448089942e-04
347	2.63868886343605e-04
348	2.62779427917027e-04
349	2.78786256144327e-04
350	2.69831927523175e-04
351	2.73976732524796e-04
352	2.82885805358707e-04
353	2.70817834215175e-04
354	2.72153971806564e-04
355	2.58908934478497e-04
356	2.66742189628114e-04
357	2.56630956078416e-04
358	2.43220010794537e-04
359	2.43052136338185e-04
360	2.38407576050372e-04
361	2.49585305405331e-04
362	2.26369471916695e-04
363	2.63148285547607e-04
364	2.59779244757685e-04
365	2.61664012656359e-04
366	2.55522925720405e-04
367	2.42692617026370e-04
368	2.39057411609405e-04
369	2.35208045524327e-04
370	2.29066816191550e-04
371	2.28652526307700e-04
372	2.34241650316179e-04
373	2.48872421082639e-04
374	2.71201012627101e-04
375	2.73406369367202e-04
376	2.50153032341183e-04
377	2.57059191233257e-04
378	2.56459029378745e-04
379	2.31217694576189e-04
380	2.32210222120433e-04
381	2.24262353522137e-04
382	2.30508232826305e-04
383	2.41609886927931e-04
384	2.46927058691981e-04
385	2.45537368794177e-04
386	2.45064268087888e-04
387	2.32914517722488e-04
388	2.31093913184587e-04
389	2.41121664616538e-04
390	2.05325059220490e-04
391	1.94665977022844e-04
392	2.10541711970511e-04
393	2.37532137921381e-04
394	2.18022250177870e-04
395	2.23101377926890e-04
396	2.32310405411978e-04
397	2.32512461421908e-04
398	2.43204067438604e-04
399	2.25963670176053e-04
400	2.26920740277938e-04
401	2.44923276301293e-04
402	2.25255584161068e-04
403	2.28688626329594e-04
404	2.26918667284891e-04
405	2.33560905235279e-04
406	2.16247424487093e-04
407	2.14288111993648e-04
408	2.23816766000404e-04
409	2.38742425102712e-04
410	2.42360480221604e-04
411	2.40730816256334e-04
412	2.52437876912680e-04
413	2.64126206644325e-04
414	2.55468612177712e-04
415	2.60671641659860e-04
416	2.36946567030510e-04
417	2.34993512274584e-04
418	2.25346454824621e-04
419	2.14875656662593e-04
420	2.03963151326531e-04
421	2.08989717523391e-04
422	2.19682788288689e-04
423	2.27875813283887e-04
424	2.40679942356808e-04
425	2.35931635764834e-04
426	2.55136370004787e-04
427	2.59485244760002e-04
428	2.61806447887208e-04
429	2.50233165212185e-04
430	2.59373298452091e-04
431	2.56475326396749e-04
432	2.34179251891655e-04
433	2.37594912129464e-04
434	2.34922798293990e-04
435	2.33623743561638e-04
436	2.44543784147721e-04
437	2.66444237737577e-04
438	2.78217306355951e-04
439	2.77783325207988e-04
440	2.69886748365886e-04
441	2.63812848997753e-04
442	2.54522779226213e-04
443	2.50038934878039e-04
444	2.71293433348792e-04
445	2.58296120019469e-04
446	2.66705429051814e-04
447	2.51323997739993e-04
448	2.36515164318009e-04
449	2.26514014090565e-04
450	2.33548870574515e-04
451	2.34585016907038e-04
452	2.34282700373338e-04
453	2.33171411344458e-04
454	2.41275096102014e-04
455	2.09947637783731e-04
456	2.11690057660039e-04
457	2.12101912629116e-04
458	2.27184597813977e-04
459	2.45879141504418e-04
460	2.35008358521905e-04
461	2.56507233468763e-04
462	2.39825636050619e-04
463	2.41687377730900e-04
464	2.50979063565658e-04
465	2.42680463124802e-04
466	2.21743295849436e-04
467	2.12357547412078e-04
468	2.07621417102943e-04
469	2.07583076484228e-04
470	2.04961733780989e-04
471	1.80995268237195e-04
472	1.95414100312025e-04
473	1.94086800088017e-04
474	1.85941324152103e-04
475	2.02425314575221e-04
476	2.15401882424614e-04
477	2.30553527631395e-04
478	2.51929991307907e-04
479	2.64774993818563e-04
480	2.72880521834982e-04
481	2.67694472393929e-04
482	2.62193355138234e-04
483	2.51993814334575e-04
484	2.52713543036697e-04
485	2.41838573322439e-04
486	2.31688724662388e-04
487	2.10046444967392e-04
488	1.97349067085184e-04
489	2.02686009778074e-04
490	2.13915565253816e-04
491	2.13739244291314e-04
492	2.22841190847399e-04
493	2.24511025934242e-04
494	2.32682281044330e-04
495	2.36031277992458e-04
496	2.10256166398275e-04
497	2.24591413678887e-04
498	2.28424185266079e-04
499	2.30755880891109e-04
