1	1.18284184911882e-04
2	1.55539375025898e-04
3	1.82038444954085e-04
4	2.02938784324898e-04
5	2.20470045596506e-04
6	2.35749547766206e-04
7	2.49059511594841e-04
8	2.60967042087275e-04
9	2.71974525532194e-04
10	2.82395592698884e-04
11	2.91339566401638e-04
12	3.00019771807483e-04
13	3.07690488029252e-04
14	3.15803004075852e-04
15	3.23526037463634e-04
16	3.29631369412096e-04
17	3.37353131254544e-04
18	3.42910712804487e-04
19	3.48641258545388e-04
20	3.55803327796156e-04
21	3.60613069167301e-04
22	3.64778440898168e-04
23	3.70511394312453e-04
24	3.74453819454783e-04
25	3.81235838388807e-04
26	3.85065845039059e-04
27	3.90996255948788e-04
28	3.92897651581739e-04
29	3.98633459345063e-04
30	4.02144768411868e-04
31	4.07058382807242e-04
32	4.11085747833283e-04
33	4.14244150425973e-04
34	4.19027415375896e-04
35	4.23560599758319e-04
36	4.24076237024958e-04
37	4.29765060155262e-04
38	4.32435148768699e-04
39	4.34818526198715e-04
40	4.38477672093215e-04
41	4.41790681514046e-04
42	4.45918730207424e-04
43	4.47609949068146e-04
44	4.51723599501666e-04
45	4.54737724978641e-04
46	4.56109699567798e-04
47	4.59325711267026e-04
48	4.64188836289310e-04
49	4.67871228731983e-04
50	4.68308794077570e-04
51	4.72310949979943e-04
52	4.72028144683738e-04
53	4.77121814333345e-04
54	4.81550656030115e-04
55	4.80793335180472e-04
56	4.84228756281022e-04
57	4.85715029768349e-04
58	4.85912999317291e-04
59	4.93836114197103e-04
60	4.95925162522330e-04
61	4.95326922701219e-04
62	4.98905456640442e-04
63	5.01981259479798e-04
64	5.05918126153489e-04
65	5.07302691373500e-04
66	5.07453381730723e-04
67	5.10578903859400e-04
68	5.18299297572389e-04
69	5.13106222803133e-04
70	5.18536595589870e-04
71	5.17833294345377e-04
72	5.21928499592085e-04
73	5.23944969579128e-04
74	5.27931206692770e-04
75	5.29188252076896e-04
76	5.27872440593732e-04
77	5.31482993796581e-04
78	5.33307140375718e-04
79	5.37930133649234e-04
80	5.36911636747648e-04
81	5.36872726249139e-04
82	5.40738814648265e-04
83	5.44955721936299e-04
84	5.41420758579824e-04
85	5.45914274938232e-04
86	5.48316812667360e-04
87	5.48053717521139e-04
88	5.47257931571830e-04
89	5.52872833817481e-04
90	5.54981428840149e-04
91	5.55084752178047e-04
92	5.54834198644169e-04
93	5.57186160089469e-04
94	5.62650723690405e-04
95	5.65395394284722e-04
96	5.66703845083883e-04
97	5.66314590890628e-04
98	5.71359998953340e-04
99	5.69504947317676e-04
100	5.70560244859238e-04
101	5.70084225579989e-04
102	5.75560694506206e-04
103	5.77353132934230e-04
104	5.77120840830473e-04
105	5.78222103304950e-04
106	5.82892212976008e-04
107	5.82857593354850e-04
108	5.83342204403824e-04
109	5.89455282395337e-04
110	5.83050115092500e-04
111	5.86641155430677e-04
112	5.92577705189740e-04
113	6.00971623205570e-04
114	5.94599269176229e-04
115	5.94020664356719e-04
116	6.00933982328031e-04
117	5.98533999632051e-04
118	5.96593299217628e-04
119	5.96640346901743e-04
120	5.96243790725376e-04
121	5.99376024647415e-04
122	6.00886143564682e-04
123	5.98230296189821e-04
124	6.01093281304454e-04
125	6.09122587724831e-04
126	6.03752459014678e-04
127	6.07170571367230e-04
128	6.14440546222789e-04
129	6.05701605368739e-04
130	6.12234212212706e-04
131	6.18164734441471e-04
132	6.13872134263239e-04
133	6.14453029081747e-04
134	6.14857630980796e-04
135	6.17719625365882e-04
136	6.21907719868514e-04
137	6.20288618093321e-04
138	6.19975097169103e-04
139	6.24992558251618e-04
140	6.28901145854127e-04
141	6.28091660110434e-04
142	6.20993433537780e-04
143	6.39560582634175e-04
144	6.25909230673471e-04
145	6.31955656550775e-04
146	6.30200945127862e-04
147	6.27711558235149e-04
148	6.30008271836127e-04
149	6.35201847242402e-04
150	6.39053467265008e-04
151	6.31124725675963e-04
152	6.33372879392489e-04
153	6.34538060910676e-04
154	6.37960692225861e-04
155	6.35031289261195e-04
156	6.51436376865414e-04
157	6.39126055698733e-04
158	6.43860629765321e-04
159	6.46830237531831e-04
160	6.48520471420580e-04
161	6.53265460743982e-04
162	6.45290413491220e-04
163	6.49665930384777e-04
164	6.56285794819169e-04
165	6.62129999043266e-04
166	6.47029205297216e-04
167	6.57314464739803e-04
168	6.57579957757651e-04
169	6.51594523120822e-04
170	6.64287423720545e-04
171	6.61914563530820e-04
172	6.53059542144908e-04
173	6.62432111100555e-04
174	6.54154783064258e-04
175	6.54395602955997e-04
176	6.67002938435211e-04
177	6.53283006462223e-04
178	6.60305274500271e-04
179	6.64256718614383e-04
180	6.70095498398839e-04
181	6.76542925094054e-04
182	6.69770280002293e-04
183	6.71478822975191e-04
184	6.75211299994899e-04
185	6.68976413413740e-04
186	6.76365310264923e-04
187	6.67827940414279e-04
188	6.80347150572880e-04
189	6.71124360724175e-04
190	6.76716425053027e-04
191	6.81558163107781e-04
192	6.79590743853595e-04
193	6.82898372385583e-04
194	6.81947016914652e-04
195	6.82514076337486e-04
196	6.82589013762652e-04
197	6.84167469407996e-04
198	6.88933911355884e-04
199	6.75912051441654e-04
200	6.78891683825470e-04
201	6.93516852533872e-04
202	6.83895791440582e-04
203	6.85504803045627e-04
204	6.97495663556170e-04
205	6.85132782887085e-04
206	6.85074148376412e-04
207	6.86520986991867e-04
208	6.99217344589231e-04
209	6.90485285756540e-04
210	6.95061564794333e-04
211	6.97520095394259e-04
212	6.93618904378566e-04
213	6.97329291893265e-04
214	7.08412763140856e-04
215	6.96158512299386e-04
216	7.00742637614210e-04
217	7.06564578568885e-04
218	7.00061605454054e-04
219	7.07389287968710e-04
220	6.94910678939941e-04
221	7.00822909108982e-04
222	7.14355267730756e-04
223	6.93040035747188e-04
224	7.15486062615926e-04
225	7.07732722928590e-04
226	7.23869361215547e-04
227	7.19026339856631e-04
228	7.03833589671601e-04
229	7.16066808893973e-04
230	7.05124888195920e-04
231	7.14560214253256e-04
232	7.09496143844440e-04
233	7.14435034318003e-04
234	7.27982652797112e-04
235	7.12565012004894e-04
236	7.16065296629011e-04
237	7.12169587432175e-04
238	7.17067094912216e-04
239	7.22752193995822e-04
240	7.12006084711940e-04
241	7.18500937398271e-04
242	7.22301217339939e-04
243	7.14840879120554e-04
244	7.31691729192278e-04
245	7.16242830257059e-04
246	7.29494393949127e-04
247	7.22956391242060e-04
248	7.19289385029988e-04
249	7.28538582457376e-04
250	7.28958808041198e-04
251	7.33825931531912e-04
252	7.20662964858012e-04
253	7.31453313015091e-04
254	7.22920289353107e-04
255	7.35136757467293e-04
256	7.50788052553893e-04
257	7.26752926534383e-04
258	7.39758562768042e-04
259	7.34841123835670e-04
260	7.23345349077886e-04
261	7.33438099528688e-04
262	7.30658940942477e-04
263	7.31764997109218e-04
264	7.47065753432789e-04
265	7.41435474765588e-04
266	7.33801331132732e-04
267	7.52371238916074e-04
268	7.34939017737275e-04
269	7.36394089323158e-04
270	7.55441592123576e-04
271	7.52190827594540e-04
272	7.29884192344550e-04
273	7.46075741713192e-04
274	7.54582179408176e-04
275	7.54644183880177e-04
276	7.47582177543795e-04
277	7.55420118007121e-04
278	7.47604023912751e-04
279	7.55835102790172e-04
280	7.64949679203452e-04
281	7.56712603309651e-04
282	7.45331227602587e-04
283	7.36523960180064e-04
284	7.62345678661421e-04
285	7.47297464632778e-04
286	7.59271198698550e-04
287	7.58090794859723e-04
288	7.70135646917168e-04
289	7.59399434398338e-04
290	7.46900672235122e-04
291	7.68785826209667e-04
292	7.62748860830731e-04
293	7.36859412793588e-04
294	7.51036857586839e-04
295	7.69788173278210e-04
296	7.76991181865944e-04
297	7.66296489141596e-04
298	7.68951106034435e-04
299	7.72520535848163e-04
300	7.56357492754730e-04
301	7.61223431518061e-04
302	7.63070600706902e-04
303	7.78579071717334e-04
304	7.69537399338386e-04
305	7.57649729619440e-04
306	7.56863939569156e-04
307	7.79790925704395e-04
308	7.85468696493947e-04
309	7.66378759212223e-04
310	7.60901501494801e-04
311	7.77216900895574e-04
312	7.91811555334635e-04
313	7.69504259300140e-04
314	7.53628777491460e-04
315	7.84557637474142e-04
316	7.94832233820586e-04
317	7.89857202360532e-04
318	7.72216736791491e-04
319	7.78355615899980e-04
320	7.82973449583107e-04
321	7.83692431263881e-04
322	7.79088650241052e-04
323	7.83731819997019e-04
324	7.72416919403693e-04
325	7.73262726715321e-04
326	7.78002638460482e-04
327	7.80187525588822e-04
328	7.60638370440161e-04
329	7.85919229537679e-04
330	8.08316914464757e-04
331	7.91493614531230e-04
332	7.82229023252824e-04
333	8.01328377095176e-04
334	7.68433178021237e-04
335	7.82853601550796e-04
336	8.02004294043556e-04
337	7.98150429565235e-04
338	7.88476877842520e-04
339	8.04855513952877e-04
340	7.82688764342568e-04
341	7.86453534971798e-04
342	7.97595689117282e-04
343	7.66667764482601e-04
344	7.87323794545092e-04
345	7.91222417639690e-04
346	7.97436600644001e-04
347	8.05974180870060e-04
348	7.84187472375220e-04
349	7.83187963018563e-04
350	7.94759557056997e-04
351	8.08444855678947e-04
352	8.20863690193872e-04
353	7.92950955217439e-04
354	7.73321411997581e-04
355	8.11836054598634e-04
356	7.90165495624620e-04
357	8.23786593206936e-04
358	7.87894288540232e-04
359	7.95480279769561e-04
360	7.95744731812615e-04
361	7.95651166110971e-04
362	8.34142239664855e-04
363	7.91021362040280e-04
364	8.00297097553881e-04
365	8.00628013578120e-04
366	7.94138037069430e-04
367	7.89755130178966e-04
368	8.07200942641232e-04
369	8.13470353915753e-04
370	8.07486108421903e-04
371	8.08768374805645e-04
372	7.94429180467406e-04
373	8.14217386627987e-04
374	8.00373504991354e-04
375	8.27765961126478e-04
376	8.17719569503264e-04
377	8.06134306963265e-04
378	7.98981175298847e-04
379	8.06777667652176e-04
380	8.11713886379250e-04
381	8.22477045268756e-04
382	7.98122365003062e-04
383	8.34703746657447e-04
384	8.15918472633914e-04
385	7.88988343091534e-04
386	8.29019798914259e-04
387	8.07128588902105e-04
388	8.12223567105799e-04
389	8.18449183727416e-04
390	8.19083380420904e-04
391	8.05338007910323e-04
392	8.19047298661501e-04
393	8.29473497616706e-04
394	8.28189647860961e-04
395	8.32391062946456e-04
396	8.24794011552101e-04
397	8.25193375594160e-04
398	8.21533151152101e-04
399	8.28498015041797e-04
400	8.15380554212783e-04
401	8.40167357774193e-04
402	8.25909478906709e-04
403	8.34919419101554e-04
404	8.07260551486528e-04
405	8.21014208900697e-04
406	8.28173263583088e-04
407	8.10662916484773e-04
408	8.35318344646694e-04
409	8.21036439937390e-04
410	8.36777899375536e-04
411	8.26217016593046e-04
412	8.20174125175939e-04
413	8.33044795311267e-04
414	8.17904547099469e-04
415	8.39949480335832e-04
416	8.54203345255400e-04
417	8.36589750552863e-04
418	8.46552743806868e-04
419	8.24477593574204e-04
420	8.38862122901602e-04
421	8.22485677320795e-04
422	8.21329040668717e-04
423	8.31968108280813e-04
424	8.43182026012193e-04
425	8.54873248279648e-04
426	8.23737317435910e-04
427	8.63890250027469e-04
428	8.33180516726120e-04
429	8.40868396444098e-04
430	8.29411675104926e-04
431	8.57664790112724e-04
432	8.35126523858531e-04
433	8.40818752055751e-04
434	8.39237161465189e-04
435	8.67180760882188e-04
436	8.18153755092449e-04
437	8.33011116701498e-04
438	8.32119209853696e-04
439	8.20674261260425e-04
440	8.43117966039404e-04
441	8.32420477608824e-04
442	8.53778232424868e-04
443	8.38703467849771e-04
444	8.45953513899708e-04
445	8.54220066099204e-04
446	8.47147071614078e-04
447	8.27435911365680e-04
448	8.69544494794847e-04
449	8.40611271394930e-04
450	8.85828061058828e-04
451	8.44318972660258e-04
452	8.74725973746196e-04
453	8.59115767686134e-04
454	8.64118071203636e-04
455	8.23858218018627e-04
456	8.66744127012134e-04
457	8.38269884292034e-04
458	8.51616421932256e-04
459	8.55273406060678e-04
460	8.37397636657780e-04
461	8.71083937303383e-04
462	8.54311484388045e-04
463	8.46773995651731e-04
464	8.59267359923856e-04
465	8.62178676426415e-04
466	8.44968445346007e-04
467	8.66929095280444e-04
468	8.87691414604475e-04
469	8.65061917329590e-04
470	8.70801403218419e-04
471	8.59093308018068e-04
472	8.36300376490071e-04
473	8.69309125775816e-04
474	8.38587902001200e-04
475	8.47646636466292e-04
476	8.62761384936412e-04
477	8.66390229014913e-04
478	8.64643993391748e-04
479	8.65946395675913e-04
480	8.62166687050541e-04
481	8.46028983241891e-04
482	8.88491083579911e-04
483	8.69799806914515e-04
484	8.37517903312268e-04
485	8.91661784927991e-04
486	8.79750599468794e-04
487	8.73078004015209e-04
488	8.94023749582596e-04
489	8.75882887793602e-04
490	8.67571308902556e-04
491	8.63858111856113e-04
492	8.96819300562528e-04
493	8.64140314087185e-04
494	8.46203944732176e-04
495	8.76204863127097e-04
496	8.50197441900092e-04
497	8.49931835559260e-04
498	8.77142596266777e-04
499	8.68394466408807e-04
