1	1.91809822396406e-07
2	2.57551272782173e-07
3	3.05864551113382e-07
4	3.44468208809641e-07
5	3.78216245066463e-07
6	4.06984770475483e-07
7	4.33409548066346e-07
8	4.57818211187961e-07
9	4.80212408384437e-07
10	4.99618948495902e-07
11	5.18562054941237e-07
12	5.36679986539072e-07
13	5.55113232557092e-07
14	5.68505058140174e-07
15	5.85650675427472e-07
16	5.99025395121005e-07
17	6.13011286661867e-07
18	6.27395947224699e-07
19	6.39532641074910e-07
20	6.47623979691688e-07
21	6.64305993802292e-07
22	6.75609505953739e-07
23	6.88946066345690e-07
24	6.96794819882361e-07
25	7.09728494138465e-07
26	7.17592366747016e-07
27	7.30900162443722e-07
28	7.40211775705547e-07
29	7.47746205441687e-07
30	7.57514637417454e-07
31	7.70802519612947e-07
32	7.74358857750151e-07
33	7.84756643896303e-07
34	7.86947972454458e-07
35	8.04812666479404e-07
36	8.07488895849122e-07
37	8.14426103251715e-07
38	8.24147350397029e-07
39	8.28231822808319e-07
40	8.30625924873896e-07
41	8.46278590502122e-07
42	8.55786204793848e-07
43	8.55177705039553e-07
44	8.64904959739836e-07
45	8.74790364344970e-07
46	8.75206747063492e-07
47	8.86234502314542e-07
48	8.92468841631393e-07
49	8.95603828300135e-07
50	8.98704035712928e-07
51	9.05632163635947e-07
52	9.13879257466422e-07
53	9.25509234347282e-07
54	9.24798402463846e-07
55	9.29738804462658e-07
56	9.26551457755538e-07
57	9.54731594755269e-07
58	9.55799077215172e-07
59	9.55954012514584e-07
60	9.74445746129122e-07
61	9.58440539879632e-07
62	9.69273450185957e-07
63	9.73570547750815e-07
64	9.77178364390643e-07
65	9.85460705877908e-07
66	1.00390512076893e-06
67	1.00440804017228e-06
68	1.00070674237377e-06
69	9.97271274762878e-07
70	1.01183186835383e-06
71	1.00602197163172e-06
72	1.00535229525999e-06
73	1.02339372625174e-06
74	1.03942148688457e-06
75	1.03763003438461e-06
76	1.04262219009458e-06
77	1.04755600182749e-06
78	1.04144782760470e-06
79	1.05402637679810e-06
80	1.06134489317609e-06
81	1.05597396424635e-06
82	1.06798919175201e-06
83	1.06626203570212e-06
84	1.06166906817493e-06
85	1.07410237125108e-06
86	1.07804344465346e-06
87	1.08309256415834e-06
88	1.09086116887861e-06
89	1.09599012609433e-06
90	1.10071582589857e-06
91	1.10462501577457e-06
92	1.09813691962274e-06
93	1.11967113151885e-06
94	1.10256761700936e-06
95	1.09457518131221e-06
96	1.11372609844891e-06
97	1.14433581957084e-06
98	1.11561908829864e-06
99	1.10290537502103e-06
100	1.12416829231074e-06
101	1.15558049451755e-06
102	1.12302015859556e-06
103	1.14693855663634e-06
104	1.13855534174531e-06
105	1.16507344437977e-06
106	1.16005093954177e-06
107	1.15302564175367e-06
108	1.15297258595667e-06
109	1.16552253725038e-06
110	1.15845370070308e-06
111	1.18259666552510e-06
112	1.15827151989048e-06
113	1.17012239431746e-06
114	1.16944920147539e-06
115	1.17628637717212e-06
116	1.19859239520215e-06
117	1.20194842371799e-06
118	1.20053904829918e-06
119	1.21480043705212e-06
120	1.17422505603948e-06
121	1.16786061773529e-06
122	1.19967104403134e-06
123	1.20161739122009e-06
124	1.20271848625252e-06
125	1.19349102595035e-06
126	1.19263446016307e-06
127	1.21378503291492e-06
128	1.20860618216880e-06
129	1.23307716520444e-06
130	1.23110760852738e-06
131	1.22330794850353e-06
132	1.23474546454057e-06
133	1.21381199944155e-06
134	1.18531687991684e-06
135	1.22388261966696e-06
136	1.24386381025364e-06
137	1.23423884530774e-06
138	1.23863396347906e-06
139	1.25555735423153e-06
140	1.26997359891856e-06
141	1.26063699789325e-06
142	1.23549696200143e-06
143	1.25066190584756e-06
144	1.22906463992642e-06
145	1.27125177788406e-06
146	1.24709115166951e-06
147	1.27513047634028e-06
148	1.26820630869903e-06
149	1.29534502164696e-06
150	1.23197182528126e-06
151	1.24738272199112e-06
152	1.29714892505551e-06
153	1.20395006551851e-06
154	1.26388836014320e-06
155	1.24797617531112e-06
156	1.27416394963329e-06
157	1.27695381704526e-06
158	1.28244520126165e-06
159	1.27991875772585e-06
160	1.26287944011084e-06
161	1.24998240157260e-06
162	1.30362860720301e-06
163	1.28315434631893e-06
164	1.27536389227857e-06
165	1.30712305806784e-06
166	1.30365818338815e-06
167	1.29608256019055e-06
168	1.29936249844313e-06
169	1.34557630152473e-06
170	1.32076657050924e-06
171	1.34938310669475e-06
172	1.33004406630107e-06
173	1.30720124083526e-06
174	1.33063848437223e-06
175	1.34158106120234e-06
176	1.29851986669385e-06
177	1.29041833957802e-06
178	1.34234533333889e-06
179	1.30000525590915e-06
180	1.29508583587698e-06
181	1.29804897620708e-06
182	1.34402568926814e-06
183	1.27348084497709e-06
184	1.31972823829275e-06
185	1.35242488920829e-06
186	1.29284854604453e-06
187	1.30408271745954e-06
188	1.33735994608488e-06
189	1.33874676766141e-06
190	1.33204776084457e-06
191	1.33859095774957e-06
192	1.31703000919569e-06
193	1.35245529394491e-06
194	1.33222457992673e-06
195	1.30407526140022e-06
196	1.36770327921141e-06
197	1.34940736225196e-06
198	1.34717675513209e-06
199	1.33002089440218e-06
200	1.34182508852374e-06
201	1.33670461148959e-06
202	1.36998599462196e-06
203	1.36478660901988e-06
204	1.34524674894746e-06
205	1.39825007857245e-06
206	1.37887841935227e-06
207	1.34685789530665e-06
208	1.33459581707608e-06
209	1.38359878516105e-06
210	1.35676505567590e-06
211	1.30060902879891e-06
212	1.32822308915379e-06
213	1.32874460263473e-06
214	1.40841143904422e-06
215	1.36617091599736e-06
216	1.31884245423236e-06
217	1.36640495729729e-06
218	1.35925882199243e-06
219	1.39620822847676e-06
220	1.38134729478726e-06
221	1.36859565034584e-06
222	1.36248770395398e-06
223	1.35688458216522e-06
224	1.38919129584779e-06
225	1.41785654693910e-06
226	1.42512760299876e-06
227	1.38236963271308e-06
228	1.38193072440525e-06
229	1.39022530136448e-06
230	1.34863050499905e-06
231	1.35292300575731e-06
232	1.36794069296146e-06
233	1.38213592757542e-06
234	1.40512115199735e-06
235	1.43157469383862e-06
236	1.44702384483385e-06
237	1.36960046049107e-06
238	1.35175479006622e-06
239	1.34728553344676e-06
240	1.44882520012140e-06
241	1.47269636388684e-06
242	1.40844186392963e-06
243	1.39944544159763e-06
244	1.36826204359602e-06
245	1.41485096206937e-06
246	1.44052156429392e-06
247	1.41186049657127e-06
248	1.33370890570516e-06
249	1.35689220978346e-06
250	1.44939927429164e-06
251	1.44050631590407e-06
252	1.41900372837177e-06
253	1.42334150136391e-06
254	1.37972282905974e-06
255	1.32847980345392e-06
256	1.38849039385693e-06
257	1.40031874198684e-06
258	1.37678655879736e-06
259	1.38536853777031e-06
260	1.40499843674189e-06
261	1.35771631616018e-06
262	1.32608117636722e-06
263	1.38381439691419e-06
264	1.41903291413619e-06
265	1.39066961993362e-06
266	1.36878783812494e-06
267	1.42236494988069e-06
268	1.39735248821878e-06
269	1.40622040866733e-06
270	1.37202890005943e-06
271	1.38235700122060e-06
272	1.41732597682155e-06
273	1.42144871646860e-06
274	1.36881122940988e-06
275	1.36133125318536e-06
276	1.42366667740017e-06
277	1.47046816013667e-06
278	1.46107848785888e-06
279	1.41967476665128e-06
280	1.41356112934785e-06
281	1.40924768490288e-06
282	1.44116127691826e-06
283	1.39488812911624e-06
284	1.34523086381824e-06
285	1.36240251310405e-06
286	1.42425987088565e-06
287	1.41310361717042e-06
288	1.40927358714789e-06
289	1.41267566739999e-06
290	1.42468439715449e-06
291	1.48413107552087e-06
292	1.44075732243952e-06
293	1.40968057524448e-06
294	1.37090600064649e-06
295	1.37489128384549e-06
296	1.48628476759353e-06
297	1.50189097714968e-06
298	1.53505383516131e-06
299	1.48839147517774e-06
300	1.40364634805198e-06
301	1.37184959472686e-06
302	1.34424943505644e-06
303	1.36449896129736e-06
304	1.41098875956592e-06
305	1.40845450906594e-06
306	1.45032825133397e-06
307	1.49604316883107e-06
308	1.44660233881246e-06
309	1.40800028418425e-06
310	1.36990035146465e-06
311	1.38965062912845e-06
312	1.42930538757270e-06
313	1.46654601766552e-06
314	1.51487530350500e-06
315	1.56103733154689e-06
316	1.51667620311291e-06
317	1.43717781261807e-06
318	1.31562821472028e-06
319	1.30282169923502e-06
320	1.36685588149171e-06
321	1.41665145370952e-06
322	1.40720680089724e-06
323	1.39164982772058e-06
324	1.40795909508681e-06
325	1.44799387381712e-06
326	1.42821160706229e-06
327	1.44201399359214e-06
328	1.45627453877147e-06
329	1.39065123387623e-06
330	1.36538298432280e-06
331	1.36546062254595e-06
332	1.36316566573673e-06
333	1.37233765251218e-06
334	1.39706878083727e-06
335	1.42406644739459e-06
336	1.38819074407732e-06
337	1.46454848079428e-06
338	1.51044524729052e-06
339	1.52118192105376e-06
340	1.50256298808340e-06
341	1.49703918067355e-06
342	1.46630095679325e-06
343	1.45572126659774e-06
344	1.44305358551731e-06
345	1.39994731645192e-06
346	1.40948886494335e-06
347	1.41471560438292e-06
348	1.41437562160169e-06
349	1.43423689863330e-06
350	1.47663404070493e-06
351	1.42451000229564e-06
352	1.39219431210448e-06
353	1.38010884929006e-06
354	1.40218332286951e-06
355	1.41120026747102e-06
356	1.44022201599874e-06
357	1.48133543669108e-06
358	1.42682339465834e-06
359	1.37294164251385e-06
360	1.39004038855112e-06
361	1.44157617154718e-06
362	1.50847279782564e-06
363	1.53688899108870e-06
364	1.58826183943197e-06
365	1.53619313152697e-06
366	1.39832533385496e-06
367	1.35959981270431e-06
368	1.34284676210547e-06
369	1.34426749975697e-06
370	1.39735114880145e-06
371	1.43093615960016e-06
372	1.46990189783139e-06
373	1.45830775079390e-06
374	1.46122671165749e-06
375	1.50126721210351e-06
376	1.50418994127005e-06
377	1.50665992444682e-06
378	1.48232903102447e-06
379	1.46783026119883e-06
380	1.44466635299408e-06
381	1.44442448620266e-06
382	1.43486413375356e-06
383	1.40321401107168e-06
384	1.42598126607072e-06
385	1.45927380606861e-06
386	1.41746146263420e-06
387	1.39903432007313e-06
388	1.41110700328520e-06
389	1.38890420758471e-06
390	1.48634363844677e-06
391	1.55970779921223e-06
392	1.56865479495610e-06
393	1.54392052124784e-06
394	1.46349420419783e-06
395	1.42749004035878e-06
396	1.39714404380716e-06
397	1.35135652217377e-06
398	1.38813198502302e-06
399	1.44943313825993e-06
400	1.51177496687364e-06
401	1.52723539466843e-06
402	1.41603299658375e-06
403	1.40509781316873e-06
404	1.40871837836774e-06
405	1.42862922314141e-06
406	1.43165234313777e-06
407	1.43074611958968e-06
408	1.49872356580667e-06
409	1.58014310471682e-06
410	1.57334608452496e-06
411	1.51895016627417e-06
412	1.46488737732423e-06
413	1.40422339781253e-06
414	1.38760633259153e-06
415	1.39202814423065e-06
416	1.37656160003868e-06
417	1.40352318071696e-06
418	1.43910707575711e-06
419	1.43899337871866e-06
420	1.43447457030656e-06
421	1.41228792141392e-06
422	1.32759833467415e-06
423	1.31114812912554e-06
424	1.27751839784109e-06
425	1.30161239187231e-06
426	1.39145574242954e-06
427	1.46296490875089e-06
428	1.50718518813453e-06
429	1.47068364923018e-06
430	1.43631198035578e-06
431	1.35277331891390e-06
432	1.37041216230205e-06
433	1.41072823857723e-06
434	1.43803753594002e-06
435	1.45945321218085e-06
436	1.44816129921515e-06
437	1.48052166338952e-06
438	1.50332970443981e-06
439	1.44882001348140e-06
440	1.44538680859338e-06
441	1.45852369650494e-06
442	1.44667256373658e-06
443	1.47178092797519e-06
444	1.51383540195175e-06
445	1.50212480073306e-06
446	1.50996600469969e-06
447	1.48642214801988e-06
448	1.44108659892740e-06
449	1.38795813371866e-06
450	1.33396862819365e-06
451	1.26704826638578e-06
452	1.22914052969278e-06
453	1.21347560686555e-06
454	1.22256060054695e-06
455	1.32493378247764e-06
456	1.39389423125654e-06
457	1.43388398622713e-06
458	1.45369676422518e-06
459	1.48991847025522e-06
460	1.49201975643867e-06
461	1.49271928414777e-06
462	1.50422884352605e-06
463	1.49085343946068e-06
464	1.44849897486244e-06
465	1.42080005144976e-06
466	1.44804176540308e-06
467	1.43684496558145e-06
468	1.44660939324846e-06
469	1.47745264667532e-06
470	1.48385933056221e-06
471	1.46420091588450e-06
472	1.45541872450217e-06
473	1.40257011842927e-06
474	1.38853712312561e-06
475	1.40620073542568e-06
476	1.43305021609501e-06
477	1.43894105606397e-06
478	1.46929827224398e-06
479	1.50197067938479e-06
480	1.55789352359746e-06
481	1.58736988156616e-06
482	1.53382628938731e-06
483	1.44314215624135e-06
484	1.37801062831013e-06
485	1.35023424496903e-06
486	1.27868440824047e-06
487	1.22459777652079e-06
488	1.24111626896550e-06
489	1.22127927361132e-06
490	1.24430207489278e-06
491	1.25863419504083e-06
492	1.27523316886536e-06
493	1.31682386316199e-06
494	1.32375355736524e-06
495	1.31561525718708e-06
496	1.33858407401382e-06
497	1.37789869941835e-06
498	1.42784022839954e-06
499	1.46225574762088e-06
