1	1.53595307394486e-08
2	1.91594935484985e-08
3	2.15963144016994e-08
4	2.31491477620236e-08
5	2.45462853120438e-08
6	2.53243791419761e-08
7	2.61411660665039e-08
8	2.68301836775550e-08
9	2.73249492562758e-08
10	2.79897109176865e-08
11	2.80273251059082e-08
12	2.81278559798081e-08
13	2.84620946671360e-08
14	2.85709248209930e-08
15	2.90078863836585e-08
16	2.88744250922746e-08
17	2.91663036907288e-08
18	2.92297186483524e-08
19	2.92763197553561e-08
20	2.95123586742703e-08
21	2.93498747295813e-08
22	3.04150201371079e-08
23	2.98263651924104e-08
24	2.96055303091721e-08
25	2.99254292719036e-08
26	2.99639088778732e-08
27	3.01476704725069e-08
28	2.92969831267521e-08
29	3.00181313592221e-08
30	3.10585788534556e-08
31	3.06658020100410e-08
32	3.07416915734529e-08
33	3.02583754268505e-08
34	3.02156090991950e-08
35	3.10760410230440e-08
36	3.12886708326185e-08
37	3.12143218724252e-08
38	3.11738548816874e-08
39	3.07467732243545e-08
40	3.01699134395315e-08
41	3.04455698915916e-08
42	3.04525531714853e-08
43	3.07263381598473e-08
44	3.18703865218741e-08
45	3.10939077459711e-08
46	3.01885314359910e-08
47	3.13923255986765e-08
48	3.05703300345085e-08
49	3.10369328743764e-08
50	3.14817757156608e-08
51	3.12051129264932e-08
52	3.13330475072729e-08
53	3.20958371173881e-08
54	3.06796047335309e-08
55	2.98883722819367e-08
56	3.11573975424354e-08
57	3.09911011925691e-08
58	3.13539127538037e-08
59	3.16129231432433e-08
60	3.10884968999727e-08
61	3.16650256388242e-08
62	3.08370488919817e-08
63	3.09789887790821e-08
64	3.28577784263023e-08
65	3.16598031851074e-08
66	3.23507448632406e-08
67	3.18330175064084e-08
68	3.20240951760397e-08
69	3.19265318785957e-08
70	3.17665486913593e-08
71	3.24600602358013e-08
72	3.28356046856795e-08
73	3.09424186912520e-08
74	3.18108797945315e-08
75	3.30330540025941e-08
76	3.14259037632957e-08
77	3.13265767786509e-08
78	3.33569114966917e-08
79	3.20618631307770e-08
80	3.06034927749669e-08
81	3.22009160643795e-08
82	3.21844898258819e-08
83	3.17637713367358e-08
84	3.14139524497745e-08
85	3.12666624874112e-08
86	3.17795764086716e-08
87	3.28996119794153e-08
88	3.10994047289253e-08
89	3.14532386547203e-08
90	3.17990998188417e-08
91	3.08891622842224e-08
92	3.17825586057408e-08
93	3.21782962349693e-08
94	3.18094713796950e-08
95	3.27310477380656e-08
96	3.18066565719000e-08
97	3.29172878816778e-08
98	3.24073833202444e-08
99	3.15318014908271e-08
100	3.23733025263394e-08
101	3.20955920473902e-08
102	3.25689085476730e-08
103	3.22590823416356e-08
104	3.26780022616400e-08
105	3.22147983365326e-08
106	3.25925905041684e-08
107	3.15193017583452e-08
108	3.19732407621792e-08
109	3.20205566499562e-08
110	3.30345619446332e-08
111	3.09493997764103e-08
112	3.21248402825475e-08
113	3.20816267152456e-08
114	3.07906148839428e-08
115	3.25321325508999e-08
116	3.27197006593487e-08
117	3.18169132650819e-08
118	3.28674091734393e-08
119	3.06121049582755e-08
120	3.26014468940502e-08
121	3.35526087841611e-08
122	3.27742537787406e-08
123	3.26221608510905e-08
124	3.04436926836573e-08
125	3.14260671677933e-08
126	3.09644954273538e-08
127	3.14408230118468e-08
128	3.05384049515880e-08
129	2.99879434376594e-08
130	3.23705814445123e-08
131	3.09397054033152e-08
132	3.28044779774854e-08
133	3.09710635500428e-08
134	3.08251817125493e-08
135	3.13530924222819e-08
136	3.20116298125591e-08
137	3.23705956965070e-08
138	3.16254035416509e-08
139	3.21097276365611e-08
140	3.16717950950186e-08
141	3.09897611620284e-08
142	3.29055348973041e-08
143	3.18106211627642e-08
144	3.20311107500146e-08
145	3.33098651620273e-08
146	3.24417101728308e-08
147	3.13045318189792e-08
148	3.25660306188048e-08
149	3.28165777639525e-08
150	3.12514693139278e-08
151	3.24952234333437e-08
152	3.03310589293467e-08
153	3.21207328996382e-08
154	3.12038270209226e-08
155	3.18942149130826e-08
156	3.25243771934730e-08
157	3.22358379219942e-08
158	3.29859916643178e-08
159	3.23413037846895e-08
160	3.12436776963183e-08
161	3.27183161571728e-08
162	3.04095821113678e-08
163	3.20292346978765e-08
164	3.26465651770077e-08
165	3.13261183923782e-08
166	3.22542002300469e-08
167	3.11751622277897e-08
168	3.19915926518548e-08
169	3.10348578346620e-08
170	3.27437195734316e-08
171	3.25602310050630e-08
172	3.14202392450434e-08
173	3.26483515301125e-08
174	3.15358430588247e-08
175	3.17344182056827e-08
176	3.22026678784716e-08
177	3.16423499687080e-08
178	3.29416021423005e-08
179	3.14243519311601e-08
180	3.26010649857632e-08
181	3.04785601540766e-08
182	3.38598187865345e-08
183	3.36453151046545e-08
184	3.28607370191072e-08
185	3.18450820540793e-08
186	3.32675190975645e-08
187	3.29050246902092e-08
188	3.24216549532241e-08
189	3.36979673465728e-08
190	3.39681638900557e-08
191	3.16986735287780e-08
192	3.03929167375783e-08
193	3.13682674983312e-08
194	3.13733673608951e-08
195	3.36098104566942e-08
196	3.18636924309211e-08
197	3.18733384300208e-08
198	3.33788338143386e-08
199	3.23124215815221e-08
200	3.43474002651913e-08
201	3.12402686733666e-08
202	3.31203506061722e-08
203	3.28307334797021e-08
204	3.19748273687367e-08
205	3.16174775317848e-08
206	3.32061015906917e-08
207	3.23134241709075e-08
208	3.03160139998744e-08
209	3.30894610544173e-08
210	3.35089934979883e-08
211	3.15686467914692e-08
212	3.37000427271045e-08
213	3.29398218470515e-08
214	3.01218953411268e-08
215	3.41102023062098e-08
216	3.35559106766141e-08
217	3.11001866781006e-08
218	3.36748703420265e-08
219	3.44872125779627e-08
220	3.27745203494036e-08
221	3.26024640025347e-08
222	3.14121917737616e-08
223	3.23744616417489e-08
224	3.24245462408744e-08
225	3.04632818525518e-08
226	3.31152960883849e-08
227	3.40510080264708e-08
228	3.17960711521433e-08
229	3.34345256320185e-08
230	3.25347479439513e-08
231	3.26799111749943e-08
232	3.21813397977695e-08
233	3.17759747397110e-08
234	3.40084087475795e-08
235	3.10242426249961e-08
236	3.05117698450796e-08
237	3.45400563232886e-08
238	3.35076579489621e-08
239	3.38251453849107e-08
240	3.39325870203336e-08
241	3.44554382555108e-08
242	3.35395218596356e-08
243	3.17260001864749e-08
244	3.38520362079337e-08
245	3.03099380424693e-08
246	3.26063860298344e-08
247	3.44068713475193e-08
248	3.20778356061146e-08
249	3.06571742079662e-08
250	3.29202273861521e-08
251	3.57408292790709e-08
252	3.46639423512347e-08
253	3.45131934522830e-08
254	3.32172990625128e-08
255	3.40587868324372e-08
256	3.32505667966561e-08
257	3.36555253176115e-08
258	3.27141557198588e-08
259	3.33570248006394e-08
260	3.41407280171198e-08
261	3.39070541111153e-08
262	3.33304080101605e-08
263	3.48899865033519e-08
264	3.64279994788096e-08
265	3.70085151386431e-08
266	3.45372280687288e-08
267	3.60640583013965e-08
268	3.36607269772073e-08
269	3.34230174868024e-08
270	3.32277313929400e-08
271	3.56526027083574e-08
272	3.53487232107310e-08
273	3.25854906269592e-08
274	3.19718739952218e-08
275	3.22668935587682e-08
276	3.50008332859195e-08
277	3.23454507947304e-08
278	3.24633474380258e-08
279	3.49587341104112e-08
280	3.58642061781625e-08
281	3.73257095065317e-08
282	3.44280090223012e-08
283	3.32393751658042e-08
284	3.42703740562379e-08
285	3.24882897556255e-08
286	3.33348002272690e-08
287	3.25796622391782e-08
288	3.21219401757901e-08
289	3.40503297283921e-08
290	3.56193228211366e-08
291	3.51395287279282e-08
292	3.35775897317653e-08
293	3.31285545246785e-08
294	3.23587492329831e-08
295	3.41797618953092e-08
296	3.63620030550385e-08
297	3.71091096691907e-08
298	3.57905815751387e-08
299	3.29178530268515e-08
300	3.55180221718994e-08
301	3.52221203126906e-08
302	3.37583053329435e-08
303	3.24338266258243e-08
304	3.01777399913657e-08
305	3.27232341955252e-08
306	3.64130227438909e-08
307	3.72890850555257e-08
308	3.47348224199490e-08
309	3.26931693418767e-08
310	3.33013864621550e-08
311	3.26087709861508e-08
312	3.55993476083571e-08
313	3.46535933005856e-08
314	3.36424933481910e-08
315	3.22084747289842e-08
316	3.53585814457054e-08
317	3.67113846755882e-08
318	3.74590515477281e-08
319	3.64303016481999e-08
320	3.44706865116301e-08
321	3.11413867335513e-08
322	3.03822451166909e-08
323	3.12349647211862e-08
324	3.22095598737852e-08
325	3.57005707408911e-08
326	3.58643706186928e-08
327	3.57867288698940e-08
328	3.68498911267948e-08
329	3.64233764189734e-08
330	3.58290193657189e-08
331	3.52541426595596e-08
332	3.67034764553905e-08
333	3.52781819333008e-08
334	3.30785494701773e-08
335	3.31922686363930e-08
336	3.28869318807812e-08
337	3.40720429092680e-08
338	3.55668272234572e-08
339	4.01392730404795e-08
340	3.77258319463882e-08
341	3.68001291813677e-08
342	3.15991555448172e-08
343	3.32055296628962e-08
344	3.35592625069206e-08
345	3.38661222928405e-08
346	3.43949595881560e-08
347	3.15423217044938e-08
348	3.23152719090223e-08
349	3.14573996534181e-08
350	3.33505361990220e-08
351	3.60001558607692e-08
352	3.68901500402057e-08
353	3.67602870885060e-08
354	3.43202689721909e-08
355	3.23805412438862e-08
356	3.07457312520756e-08
357	3.18492310420504e-08
358	3.30016129787673e-08
359	3.48835137217203e-08
360	3.37090192607324e-08
361	3.40101606421941e-08
362	3.34967144735827e-08
363	3.58850989530124e-08
364	3.65122678886340e-08
365	3.60061605149492e-08
366	3.60196796261075e-08
367	3.47496623330919e-08
368	3.44985521640072e-08
369	3.39731216494200e-08
370	3.11037951056167e-08
371	3.32246265947099e-08
372	3.24041758554191e-08
373	3.21529935507467e-08
374	3.21531415514440e-08
375	3.43530560328025e-08
376	3.47276521157475e-08
377	3.68517844319065e-08
378	3.47498206806700e-08
379	3.54588568198698e-08
380	3.53665829615117e-08
381	3.56754326008370e-08
382	3.34733546992643e-08
383	3.23676892500753e-08
384	3.13031197396345e-08
385	3.40881354312024e-08
386	3.38768054305521e-08
387	3.28944539096968e-08
388	3.31785376831243e-08
389	3.52363085269425e-08
390	3.77018447792627e-08
391	3.49750901506099e-08
392	3.68360804617202e-08
393	3.66889807496088e-08
394	3.73980332206136e-08
395	3.83213287331705e-08
396	3.72133877192847e-08
397	3.56240573089997e-08
398	3.21411794702856e-08
399	3.28665592670430e-08
400	3.39743670717788e-08
401	3.46738659786659e-08
402	3.52804878435725e-08
403	3.45128162152880e-08
404	3.65453167648846e-08
405	3.56769834902698e-08
406	3.47673782737253e-08
407	3.62347756130682e-08
408	3.43638553339560e-08
409	3.24650657887453e-08
410	3.41001061792679e-08
411	3.50046741669330e-08
412	3.76589374188410e-08
413	3.67041722324241e-08
414	3.52767935964393e-08
415	3.35040976600169e-08
416	3.02972749995431e-08
417	2.90934204392031e-08
418	3.47839185448697e-08
419	3.30674805958779e-08
420	3.28023808932636e-08
421	3.37310305067437e-08
422	3.32870344338375e-08
423	3.38470301328878e-08
424	3.42864807772584e-08
425	3.64214735709287e-08
426	3.59241244737734e-08
427	3.48935853077320e-08
428	3.27413700287610e-08
429	3.53502235214456e-08
430	3.88620552011477e-08
431	4.14039793501420e-08
432	3.80524002807325e-08
433	3.63362714676702e-08
434	3.34977550572770e-08
435	3.32111302170663e-08
436	3.26101097843378e-08
437	3.34752485524167e-08
438	3.27689603053611e-08
439	3.27414131652585e-08
440	3.34687822671183e-08
441	3.37123778067591e-08
442	3.48912422614239e-08
443	3.66645806275987e-08
444	3.55271505355524e-08
445	3.68616689289763e-08
446	3.81234594828976e-08
447	3.74410475676375e-08
448	3.48257692754117e-08
449	3.31405356159078e-08
450	3.19681985895880e-08
451	3.33774092733781e-08
452	3.48499305167787e-08
453	3.40633306278732e-08
454	3.57183147810122e-08
455	3.58188000894634e-08
456	3.41218370846937e-08
457	3.42472311058592e-08
458	3.69135824178369e-08
459	3.50737387345687e-08
460	3.47890893651534e-08
461	3.26649725144454e-08
462	3.28190647019096e-08
463	3.26481862057451e-08
464	3.38438278422979e-08
465	3.32758788429977e-08
466	3.41594227745768e-08
467	3.45781517163681e-08
468	3.80773759482070e-08
469	3.85836919689654e-08
470	3.77662589049133e-08
471	3.78014719771384e-08
472	3.68259200167545e-08
473	3.85733468957109e-08
474	3.89414832951440e-08
475	4.02380166831222e-08
476	3.97541089068154e-08
477	3.87953882873225e-08
478	3.71234322877514e-08
479	3.63266617165759e-08
480	3.61229590605203e-08
481	3.71189054149206e-08
482	3.55901480659546e-08
483	3.40501182217699e-08
484	3.46851718395172e-08
485	3.40406741554237e-08
486	3.28988619692900e-08
487	3.41285976734985e-08
488	3.36242662352173e-08
489	3.09431047219479e-08
490	3.06186566627446e-08
491	3.19576228275978e-08
492	3.43943495166391e-08
493	3.34764070393286e-08
494	3.47643591156155e-08
495	3.43846798637157e-08
496	3.49447774384353e-08
497	3.38625331816834e-08
498	3.49084055733912e-08
499	3.81728714112529e-08
