1	4.16835028426185e-05
2	5.38623015613488e-05
3	6.17680525534064e-05
4	6.76224610349071e-05
5	7.21318102198323e-05
6	7.56572865646238e-05
7	7.83820309574836e-05
8	8.05641427390534e-05
9	8.27632923739936e-05
10	8.42316671922915e-05
11	8.51630203469793e-05
12	8.66871447511667e-05
13	8.75769633689641e-05
14	8.82394749999361e-05
15	8.90686132725231e-05
16	8.97744104311070e-05
17	8.99581798389504e-05
18	9.14231485349405e-05
19	9.14808357056607e-05
20	9.24002577220810e-05
21	9.28927921237602e-05
22	9.28183072397595e-05
23	9.35070849213742e-05
24	9.31255494077991e-05
25	9.32369638520271e-05
26	9.40438720549327e-05
27	9.49355318959193e-05
28	9.45335355061500e-05
29	9.50142516681532e-05
30	9.52603062174080e-05
31	9.57734023913372e-05
32	9.55258408498955e-05
33	9.58158013182173e-05
34	9.54717144940423e-05
35	9.71348443493665e-05
36	9.64982809362392e-05
37	9.80354426102059e-05
38	9.62020318356480e-05
39	9.75188469669796e-05
40	9.64946311048143e-05
41	9.62746505122186e-05
42	9.61267065887896e-05
43	9.74361769161634e-05
44	9.81792506829183e-05
45	9.80690318169662e-05
46	9.78998884824374e-05
47	9.77136678725224e-05
48	9.73290722496676e-05
49	9.85518199002863e-05
50	9.80724380295725e-05
51	9.79231798041259e-05
52	9.81173890055143e-05
53	9.72465590816508e-05
54	9.85115832336000e-05
55	9.78879233263597e-05
56	9.69384520342984e-05
57	9.82828885451492e-05
58	9.80938853883335e-05
59	9.71691075905313e-05
60	9.88230189848351e-05
61	9.96464959216530e-05
62	1.00208896075328e-04
63	9.85006158040772e-05
64	9.91039642998826e-05
65	9.83468407067787e-05
66	9.98021032186250e-05
67	9.76399607979831e-05
68	9.91816145948639e-05
69	9.82142575298615e-05
70	9.83525439202042e-05
71	9.97168636563534e-05
72	9.80813641740882e-05
73	9.88460842469982e-05
74	9.86373773538745e-05
75	9.84667622223548e-05
76	9.76606059090013e-05
77	9.69434092706095e-05
78	1.00144550726966e-04
79	9.95203468627676e-05
80	9.87022561798198e-05
81	1.00126754010679e-04
82	9.98083099283439e-05
83	9.88032286218865e-05
84	9.79846626105683e-05
85	9.85094291050949e-05
86	9.72119434328638e-05
87	9.82072026578486e-05
88	9.87350551327129e-05
89	9.91619286588054e-05
90	9.97445251083064e-05
91	9.90206678864228e-05
92	9.91256566284290e-05
93	9.87440168132431e-05
94	1.00067169287149e-04
95	9.83102861016890e-05
96	1.00076928238113e-04
97	9.94004769312375e-05
98	9.77397810197437e-05
99	9.77353342719477e-05
100	9.97789263088484e-05
101	9.86387908304202e-05
102	9.87472189058820e-05
103	1.00731672254924e-04
104	1.00378672991602e-04
105	9.91436564970850e-05
106	9.67514953764516e-05
107	1.00308360202670e-04
108	1.00961789904291e-04
109	9.95134147143550e-05
110	9.89026436584371e-05
111	1.00778717378501e-04
112	9.81446833879453e-05
113	1.01145295717162e-04
114	9.80123557631593e-05
115	9.79785173485103e-05
116	1.00230036445418e-04
117	1.00098831740955e-04
118	1.00906662292560e-04
119	9.73682639699172e-05
120	9.98592120387895e-05
121	9.74523020293958e-05
122	1.00210920735121e-04
123	9.92195568416975e-05
124	1.00974282814293e-04
125	9.97426334072446e-05
126	1.01687761111340e-04
127	9.96701805914640e-05
128	9.87681662265685e-05
129	9.92604795484942e-05
130	9.87031674353289e-05
131	1.01428316124128e-04
132	1.01075202417175e-04
133	1.00866584566809e-04
134	9.90598122042505e-05
135	1.00488954229809e-04
136	1.00539340309262e-04
137	1.00575230724572e-04
138	1.00549496808131e-04
139	1.00658036331933e-04
140	9.88317652109968e-05
141	9.80243890181974e-05
142	9.92483700286288e-05
143	9.95496394280431e-05
144	9.84889941728908e-05
145	9.97300120199196e-05
146	9.83829928633684e-05
147	9.76274080504586e-05
148	9.81098554075083e-05
149	9.98943586196337e-05
150	9.82328442064396e-05
151	9.81875944239007e-05
152	1.01179888116792e-04
153	1.00504379214721e-04
154	1.01684558314844e-04
155	9.83636263321191e-05
156	9.93229210190809e-05
157	9.83098557501424e-05
158	9.98488474807772e-05
159	9.74999030668102e-05
160	1.02081623740471e-04
161	1.00321039353526e-04
162	9.96685590452626e-05
163	9.93912726317818e-05
164	9.97652616166194e-05
165	9.86741125291054e-05
166	9.90249792899937e-05
167	9.88574910405183e-05
168	9.91382133293693e-05
169	1.00493019359203e-04
170	1.01253378503553e-04
171	1.03001206323767e-04
172	1.00535607914084e-04
173	9.89940010953799e-05
174	9.93528684727051e-05
175	9.93028274851789e-05
176	9.79797329378656e-05
177	1.00437964535754e-04
178	9.87840362330661e-05
179	9.67609424841450e-05
180	1.00571802542955e-04
181	1.02452918212633e-04
182	1.02605513670873e-04
183	9.97513560496020e-05
184	9.90993681541123e-05
185	9.76103768311690e-05
186	1.00194289669932e-04
187	9.93951471821375e-05
188	9.87441176228085e-05
189	9.65703955970823e-05
190	1.01067598254155e-04
191	9.97806723207424e-05
192	1.00373376051666e-04
193	1.02513987819029e-04
194	9.87777281388717e-05
195	1.00318008939498e-04
196	1.01023665211337e-04
197	1.01167632738929e-04
198	9.87774222254336e-05
199	9.96415075904681e-05
200	9.98195615638723e-05
201	1.00313414719388e-04
202	9.98213470876363e-05
203	9.72670515089661e-05
204	9.96565997672605e-05
205	1.00586845136574e-04
206	9.91281952437860e-05
207	9.92692189867532e-05
208	9.88272563407532e-05
209	9.68430987509201e-05
210	9.78123855004392e-05
211	1.02147257968581e-04
212	1.00888349058518e-04
213	9.67280909828464e-05
214	1.02611088264596e-04
215	1.00128225673405e-04
216	9.85034614610949e-05
217	9.95331278985354e-05
218	9.96901525984045e-05
219	1.01164894097939e-04
220	1.01830157504945e-04
221	9.97794163590503e-05
222	9.85264995979331e-05
223	1.00126175128691e-04
224	9.92196200673546e-05
225	1.00781184828655e-04
226	1.03107162423765e-04
227	1.02589672958280e-04
228	9.86630024474905e-05
229	9.82929978656256e-05
230	9.77875628676843e-05
231	1.01160271100767e-04
232	1.01193696159921e-04
233	1.01550886868337e-04
234	9.86467212357104e-05
235	9.79786136406761e-05
236	9.99641990143660e-05
237	1.01513219546327e-04
238	9.81921711385574e-05
239	1.00955639276048e-04
240	9.66382578510213e-05
241	1.00690972486245e-04
242	9.94476817359449e-05
243	9.68545879796374e-05
244	1.00103794149962e-04
245	1.01192630539895e-04
246	9.91302138540571e-05
247	1.00859927717163e-04
248	1.01492713352429e-04
249	9.94607612413672e-05
250	9.79105003714026e-05
251	1.00179271364923e-04
252	1.04436522820883e-04
253	1.00324118576359e-04
254	9.83137585617325e-05
255	9.81221550277200e-05
256	9.81579421510135e-05
257	1.02053620048698e-04
258	1.00184702004657e-04
259	9.77123232856804e-05
260	9.60709596428446e-05
261	1.05210992093745e-04
262	9.65483206740532e-05
263	9.91693882240652e-05
264	1.00830541360725e-04
265	1.00135346397181e-04
266	9.88996740040772e-05
267	9.88616467953330e-05
268	1.00602396788147e-04
269	9.96443736318386e-05
270	1.02064365508915e-04
271	9.57545243784041e-05
272	1.00552202987230e-04
273	1.01023068952586e-04
274	1.00779166747753e-04
275	9.93728147152868e-05
276	9.98179865138808e-05
277	9.79901063696273e-05
278	1.00313805778358e-04
279	9.71599352522647e-05
280	9.80561996278271e-05
281	9.96197807957277e-05
282	9.81851138596153e-05
283	9.91564547613407e-05
284	9.54343753795801e-05
285	9.83185958616524e-05
286	9.64047008179934e-05
287	9.77376055523435e-05
288	1.00021210868766e-04
289	9.88439227417797e-05
290	9.97064558815146e-05
291	1.01046536251895e-04
292	9.41353167802952e-05
293	9.77714326967925e-05
294	9.94671115614426e-05
295	9.64472402773315e-05
296	1.00756710329866e-04
297	1.00436628558562e-04
298	9.98709662583790e-05
299	1.00227733977922e-04
300	9.68102700320073e-05
301	9.45734438445095e-05
302	9.91611492143610e-05
303	9.89225898218629e-05
304	9.78356453884497e-05
305	9.90418287606576e-05
306	1.00666617272627e-04
307	9.77849048559097e-05
308	1.00000869896887e-04
309	9.88080039946033e-05
310	9.93335522606642e-05
311	1.00669039889465e-04
312	1.02814925986777e-04
313	1.02049274676933e-04
314	9.90928327806361e-05
315	9.48699610262300e-05
316	9.76765271424339e-05
317	9.61470072294835e-05
318	9.67123998978603e-05
319	9.92519250852905e-05
320	9.76693893233843e-05
321	9.74162085150154e-05
322	9.84493341945982e-05
323	9.63516341044655e-05
324	9.92213662992505e-05
325	9.49447159543078e-05
326	1.00086022614736e-04
327	1.02149746515644e-04
328	1.01185961271642e-04
329	1.02001738714874e-04
330	9.55917800644819e-05
331	9.54606682296512e-05
332	9.89161249691122e-05
333	9.85604646547478e-05
334	1.00079742682229e-04
335	9.99221681367010e-05
336	9.51141179471819e-05
337	9.82080365373786e-05
338	1.00241677626805e-04
339	1.01598017854884e-04
340	9.91931986506575e-05
341	9.68714992877196e-05
342	9.80184452061587e-05
343	9.94034953176543e-05
344	9.89544318445651e-05
345	9.91859190233626e-05
346	9.62728737226295e-05
347	9.86130453120728e-05
348	1.01405086749399e-04
349	1.02001059101123e-04
350	1.00506686382271e-04
351	9.85538355044017e-05
352	9.76824580005456e-05
353	9.91856474241741e-05
354	9.86803808469398e-05
355	9.90777517270932e-05
356	9.67440612453833e-05
357	1.00242873016826e-04
358	9.81613696675445e-05
359	1.02202102953605e-04
360	9.95947132543334e-05
361	1.00875401134170e-04
362	9.96760508027288e-05
363	9.80861347475595e-05
364	9.96853179284909e-05
365	1.01957620858831e-04
366	9.54849054706630e-05
367	9.86751918613510e-05
368	9.98916061116417e-05
369	1.00451629193956e-04
370	9.52231209968700e-05
371	1.01396886761442e-04
372	1.00133414098825e-04
373	9.82688699999280e-05
374	9.61194138729350e-05
375	9.94277855306649e-05
376	9.89073439322443e-05
377	9.79928982315065e-05
378	9.78286767013024e-05
379	9.96819234954774e-05
380	9.73638410148529e-05
381	9.89392741743351e-05
382	9.81031781662779e-05
383	1.03760920665536e-04
384	1.00201168376992e-04
385	9.70710577346609e-05
386	9.69080996719754e-05
387	9.71968133517827e-05
388	9.77165096372037e-05
389	9.61391543416285e-05
390	9.95378283579537e-05
391	9.70637169197911e-05
392	9.52851804827165e-05
393	1.00917903339733e-04
394	9.97031657443448e-05
395	9.45652794027919e-05
396	9.73647736573463e-05
397	9.78155642782083e-05
398	9.90957904917474e-05
399	9.85729922498496e-05
400	9.84719523935856e-05
401	9.63965939943347e-05
402	9.66836044456276e-05
403	9.89735264046290e-05
404	1.00051018210611e-04
405	1.01243162998941e-04
406	1.01989286161290e-04
407	1.01789015233775e-04
408	9.91657019264243e-05
409	1.02216876425506e-04
410	1.02024421115179e-04
411	9.69325350816852e-05
412	9.94896023472646e-05
413	9.87849812150173e-05
414	9.99806313162497e-05
415	9.77174469641721e-05
416	9.84787250177920e-05
417	9.78543601187265e-05
418	9.77013396688431e-05
419	1.01395590533445e-04
420	9.94675122447420e-05
421	9.42119735477365e-05
422	9.65051887104403e-05
423	9.92934476807725e-05
424	1.02006702506015e-04
425	9.70850339516970e-05
426	9.74513823542619e-05
427	1.00284627388841e-04
428	9.93409569645879e-05
429	1.00479227659980e-04
430	9.69642945438520e-05
431	9.73632977222993e-05
432	9.62943755916619e-05
433	9.83347783500750e-05
434	1.00993916292134e-04
435	9.48242153837719e-05
436	9.76258802779625e-05
437	9.95594655140924e-05
438	9.77039043341713e-05
439	9.76725378469831e-05
440	9.85810303613698e-05
441	9.87337583677368e-05
442	1.00667404462048e-04
443	9.92205290910275e-05
444	9.72357628413935e-05
445	9.63696021338430e-05
446	1.00152146459623e-04
447	9.57955268907651e-05
448	9.64866686981063e-05
449	1.04125322788720e-04
450	9.89487511940147e-05
451	9.64179495402517e-05
452	9.74416600040235e-05
453	1.02903615331529e-04
454	1.00203082366486e-04
455	9.93552168856706e-05
456	9.98109602189479e-05
457	1.01200049320753e-04
458	9.79630055252391e-05
459	9.90957448549022e-05
460	9.81346893776469e-05
461	1.00111543542978e-04
462	9.83671178475224e-05
463	9.90906880544370e-05
464	9.72486415128211e-05
465	9.73028917047277e-05
466	9.89556335180790e-05
467	9.47903890629318e-05
468	9.91949820872022e-05
469	1.02777109436384e-04
470	9.94354691342552e-05
471	9.99275517129271e-05
472	1.00004564719064e-04
473	1.00530012393375e-04
474	1.00789949808923e-04
475	1.01194677948576e-04
476	9.59184037294858e-05
477	9.88576629200788e-05
478	9.86671232200515e-05
479	1.01984430015080e-04
480	1.04465416315213e-04
481	9.82820532438054e-05
482	1.01967632784509e-04
483	1.00081555919782e-04
484	9.67393745581095e-05
485	1.01376353780229e-04
486	1.00093763842610e-04
487	9.81364824437506e-05
488	1.02468291460401e-04
489	9.91120669544077e-05
490	9.78182059282420e-05
491	9.82075369816648e-05
492	1.01180619031746e-04
493	9.66925311970609e-05
494	9.83463376569312e-05
495	9.70539271143920e-05
496	9.61241365413705e-05
497	9.97148941429267e-05
498	9.88112845912456e-05
499	9.97504520696576e-05
