1	2.39041551667429e-05
2	2.62499455898701e-05
3	2.73387751175675e-05
4	2.79974421599156e-05
5	2.82945829927410e-05
6	2.86060652537528e-05
7	2.90135875343363e-05
8	2.90580675161519e-05
9	2.91649328410044e-05
10	2.91876646437380e-05
11	2.92450444210298e-05
12	2.93162395694428e-05
13	2.92680831277423e-05
14	2.96269224174476e-05
15	2.93108954368613e-05
16	2.96278588023651e-05
17	2.96276377660663e-05
18	2.94588339395066e-05
19	2.94105286675541e-05
20	2.97156015651256e-05
21	2.96801054580864e-05
22	2.95828142223224e-05
23	2.95706028756017e-05
24	3.00282600596271e-05
25	2.99312996766393e-05
26	2.99527232705253e-05
27	2.97092521649575e-05
28	2.97726275740336e-05
29	2.98424492581523e-05
30	2.95375046312932e-05
31	2.96144729613121e-05
32	3.01212223723338e-05
33	2.98371513869719e-05
34	2.98860272127298e-05
35	2.96638580792623e-05
36	2.97151292211989e-05
37	2.96600483367782e-05
38	2.99952678410679e-05
39	3.01334358478034e-05
40	2.99542449223117e-05
41	2.94908848388995e-05
42	2.98499854523114e-05
43	2.97562549504222e-05
44	2.93148757627531e-05
45	2.98549151193870e-05
46	2.96968220918154e-05
47	2.97813817989967e-05
48	2.97044691077300e-05
49	3.01506546718718e-05
50	2.96737078366765e-05
51	2.98007707412635e-05
52	3.01781971820792e-05
53	2.94133657598516e-05
54	3.04706866623614e-05
55	2.99332741708004e-05
56	3.00550258658778e-05
57	2.97878764502858e-05
58	2.98840155904071e-05
59	2.97397920898927e-05
60	3.02601807701663e-05
61	3.03224877354368e-05
62	2.96708235501556e-05
63	3.03151105779224e-05
64	3.08706792652211e-05
65	2.96220149965463e-05
66	2.95843554465037e-05
67	2.99402488045843e-05
68	2.97868906023869e-05
69	2.97666171588755e-05
70	2.99366410146005e-05
71	2.97070519696924e-05
72	3.00581436349964e-05
73	2.99886998498007e-05
74	3.02985707447523e-05
75	2.98636258849868e-05
76	2.99859352584687e-05
77	2.96023077806369e-05
78	2.97330823185701e-05
79	2.97056935750091e-05
80	2.99867151596277e-05
81	2.98202907098734e-05
82	2.95421721705242e-05
83	2.97377912048427e-05
84	3.00432328149296e-05
85	3.02259677721131e-05
86	2.96737397154510e-05
87	3.01196705629541e-05
88	2.97462550649478e-05
89	2.97821492445223e-05
90	2.95222160068242e-05
91	2.99986513666050e-05
92	2.99844891344447e-05
93	3.04440955947865e-05
94	2.98775735848459e-05
95	2.96922889036192e-05
96	2.99683669419358e-05
97	2.98435720574043e-05
98	3.02494578195291e-05
99	2.98449407676736e-05
100	2.98155036795313e-05
101	2.96889367751063e-05
102	2.98781007096182e-05
103	2.96085916893778e-05
104	3.01942925143865e-05
105	2.99327791528609e-05
106	2.95453770301200e-05
107	3.05909515097940e-05
108	3.04343233437131e-05
109	3.03739168096209e-05
110	3.03565576904004e-05
111	2.92105803645599e-05
112	2.91394227372111e-05
113	3.00731831702318e-05
114	3.01039182101037e-05
115	2.99084100525633e-05
116	3.00806297697806e-05
117	2.97512487686844e-05
118	2.96593739482622e-05
119	2.97604142045716e-05
120	3.01795969514629e-05
121	3.09660556148102e-05
122	3.00872457110901e-05
123	2.95786661307922e-05
124	2.96154762564646e-05
125	3.01376900703251e-05
126	2.96565944438431e-05
127	3.02609283184161e-05
128	3.00521340427844e-05
129	2.95801218799255e-05
130	2.94924420627279e-05
131	2.98443083036218e-05
132	2.95326528802732e-05
133	2.97406248125110e-05
134	2.95709691229285e-05
135	3.00509763548717e-05
136	2.98448068846830e-05
137	3.00895567597923e-05
138	2.96388042007825e-05
139	2.97907682851341e-05
140	3.06761742241177e-05
141	2.97579051871006e-05
142	3.00481754899861e-05
143	3.04990475252117e-05
144	3.01671058912291e-05
145	2.95972084788159e-05
146	3.00333122979253e-05
147	3.01282444711496e-05
148	3.04431613541956e-05
149	2.97433193661722e-05
150	2.95274739164317e-05
151	3.04952074432613e-05
152	2.99679811875603e-05
153	3.05735150523009e-05
154	2.93385508874522e-05
155	3.01525339939622e-05
156	2.98372041556980e-05
157	2.96499220264198e-05
158	2.91660174527073e-05
159	3.04737474846062e-05
160	3.04170963881317e-05
161	2.99894090902894e-05
162	2.91759783554678e-05
163	3.03812818655759e-05
164	2.94395759021387e-05
165	3.12010814394546e-05
166	3.01292075402797e-05
167	2.99444870574150e-05
168	2.91908864724235e-05
169	2.94416659263970e-05
170	3.05252367298264e-05
171	2.98906179606558e-05
172	3.00614348410231e-05
173	2.98986555338491e-05
174	2.95738898327092e-05
175	2.99980476038406e-05
176	2.96949197822562e-05
177	2.99355920877500e-05
178	2.98501111543485e-05
179	2.97214933345065e-05
180	3.00006949342107e-05
181	2.97521343196078e-05
182	3.03729774116076e-05
183	3.09602373210391e-05
184	3.01238981432649e-05
185	2.95485685808558e-05
186	3.02342187877643e-05
187	2.95357057372223e-05
188	2.95856286368635e-05
189	3.04955578513390e-05
190	2.99644439733604e-05
191	2.97955374234638e-05
192	3.03684187822432e-05
193	2.96367965955730e-05
194	2.98190397968675e-05
195	2.97511197329533e-05
196	3.05313600918212e-05
197	2.95013494115542e-05
198	2.99749629644878e-05
199	3.01205062762526e-05
200	2.95724303832613e-05
201	2.96811591777554e-05
202	2.94378506003658e-05
203	2.98029858780681e-05
204	2.94129952162774e-05
205	3.03209872486903e-05
206	2.98683983001609e-05
207	2.97170745176549e-05
208	2.98283681622416e-05
209	2.95451916809766e-05
210	2.98101357968006e-05
211	2.99919336015034e-05
212	2.88552868805320e-05
213	2.92630240962962e-05
214	3.03632014747911e-05
215	2.95312956361217e-05
216	2.99243000389872e-05
217	2.96946820253363e-05
218	2.97738790862205e-05
219	3.05470953428636e-05
220	3.03399576558087e-05
221	2.98407813631545e-05
222	2.94383230611494e-05
223	2.81537911463168e-05
224	2.87954021990213e-05
225	2.93714514932551e-05
226	3.06680015207193e-05
227	2.96122443568242e-05
228	3.01239096698490e-05
229	3.01705267179822e-05
230	2.87318205265669e-05
231	2.99428774882162e-05
232	2.94282612226391e-05
233	2.87873300962339e-05
234	2.91099099485474e-05
235	2.93081292287854e-05
236	2.99575120843025e-05
237	2.94084591194146e-05
238	2.86887661087695e-05
239	3.00843883586395e-05
240	2.92250947603235e-05
241	2.93878155885107e-05
242	3.02422727715350e-05
243	2.89186000266869e-05
244	3.02132916481551e-05
245	2.92724284376334e-05
246	2.97045700389949e-05
247	3.05362157567506e-05
248	2.98459021573298e-05
249	3.01351544688471e-05
250	3.00895896632860e-05
251	2.96677253124807e-05
252	2.81236865292462e-05
253	2.96239834752497e-05
254	2.96524303646838e-05
255	3.09931492583911e-05
256	2.97976834138701e-05
257	3.00783601900463e-05
258	2.92601324560596e-05
259	2.94840126202217e-05
260	2.88289288823851e-05
261	2.87581785995777e-05
262	2.89056679350589e-05
263	2.93348151944272e-05
264	3.03541153171457e-05
265	2.95113498034659e-05
266	2.92633031585742e-05
267	2.97181485735819e-05
268	2.88008521898636e-05
269	3.05068504524136e-05
270	2.98908184022051e-05
271	2.91486309907821e-05
272	2.83132993262444e-05
273	2.85146568409893e-05
274	3.03394983553902e-05
275	2.98872639496681e-05
276	2.93976986181352e-05
277	2.93432528661737e-05
278	2.91372573081260e-05
279	3.00355453447242e-05
280	2.92577370868079e-05
281	2.98165076156906e-05
282	3.06140932095004e-05
283	3.02286815549132e-05
284	2.85616139883619e-05
285	2.90440589455741e-05
286	3.09209848490786e-05
287	3.03644317285575e-05
288	2.98430615756152e-05
289	2.98713997054005e-05
290	2.88382649769974e-05
291	2.86985814577975e-05
292	2.97110495205402e-05
293	2.93962021261519e-05
294	2.88751426909072e-05
295	2.92391427140025e-05
296	3.00713107932615e-05
297	3.00584135898547e-05
298	2.92251653274120e-05
299	2.92032159852868e-05
300	2.96690169685769e-05
301	2.90134785110596e-05
302	3.10600955910176e-05
303	2.89789408808700e-05
304	3.00381956881616e-05
305	2.93295882543258e-05
306	3.05360025221265e-05
307	2.98137903125602e-05
308	2.96092060002122e-05
309	2.96225937581087e-05
310	3.02328541549114e-05
311	2.91368036662453e-05
312	2.93898398649568e-05
313	2.87011446547284e-05
314	2.99766779245674e-05
315	2.94932081933068e-05
316	2.82896362664019e-05
317	3.00682650742420e-05
318	2.97981911779266e-05
319	2.96163793047093e-05
320	2.99859748203300e-05
321	3.01060155277775e-05
322	3.00567616648200e-05
323	3.00785999249517e-05
324	2.98265031888335e-05
325	2.95929433863331e-05
326	3.05144855296668e-05
327	2.96170485321747e-05
328	3.00734506869366e-05
329	2.82870356475457e-05
330	2.95140805519627e-05
331	2.97633531021164e-05
332	3.05399623164157e-05
333	2.94217274255447e-05
334	2.91068566411796e-05
335	2.98581159226155e-05
336	2.99160791752315e-05
337	2.83592098568104e-05
338	2.90921348462792e-05
339	2.95841018594965e-05
340	2.98765378189306e-05
341	2.85775347663008e-05
342	2.95847161254451e-05
343	2.98105798937298e-05
344	2.96903996957387e-05
345	2.90528728399169e-05
346	2.92304036911125e-05
347	2.88859710299233e-05
348	2.86770953287140e-05
349	3.06809131671782e-05
350	2.89362594833617e-05
351	2.90035326050813e-05
352	3.00437237738597e-05
353	2.88782852185558e-05
354	2.89637581179878e-05
355	3.08964158919654e-05
356	2.97918552343179e-05
357	2.93796557095312e-05
358	2.81323897337117e-05
359	2.87486393890642e-05
360	2.93133454226715e-05
361	2.99975438020147e-05
362	2.95166443662740e-05
363	2.91259579123945e-05
364	2.90900001564454e-05
365	3.00211634759318e-05
366	3.00896114479735e-05
367	2.80026933374547e-05
368	2.99726806492421e-05
369	3.07854982815315e-05
370	3.05823357674239e-05
371	2.94986636264491e-05
372	2.95456203721164e-05
373	2.93669209049780e-05
374	2.97533468605006e-05
375	2.95804061367217e-05
376	3.04307490087125e-05
377	3.03133425735913e-05
378	2.90786170699168e-05
379	2.89327845196288e-05
380	2.99834483583973e-05
381	2.91877784897740e-05
382	2.92289748464868e-05
383	2.81747285469884e-05
384	2.99723355819228e-05
385	3.03988218367147e-05
386	2.96625644492021e-05
387	2.89149880464687e-05
388	3.07267545620261e-05
389	2.99467447023040e-05
390	2.89966202004783e-05
391	2.87131209400824e-05
392	3.05004245483082e-05
393	2.99263373775189e-05
394	2.82732137038359e-05
395	3.04086303878677e-05
396	3.00376074195466e-05
397	2.95892289826949e-05
398	2.89252024184513e-05
399	3.04500132921122e-05
400	2.85003041366294e-05
401	2.88066720249895e-05
402	3.10252351955460e-05
403	3.01766042144011e-05
404	2.86979507828693e-05
405	2.86434312471230e-05
406	2.97035814307427e-05
407	2.92865760870242e-05
408	2.88993039577465e-05
409	2.90932753590842e-05
410	2.94340609501370e-05
411	3.09333553768691e-05
412	2.93547157075197e-05
413	3.14980734704814e-05
414	2.94027103028863e-05
415	3.05376151543361e-05
416	2.95776092634188e-05
417	2.96515469089540e-05
418	2.98077170817101e-05
419	2.88703918075525e-05
420	2.96546138301822e-05
421	3.02634814745318e-05
422	2.90056665458770e-05
423	2.98781417935327e-05
424	2.91278278553929e-05
425	3.02970057286249e-05
426	2.96062213063369e-05
427	2.96783317921168e-05
428	2.98574470344631e-05
429	2.85009764091473e-05
430	2.95017682695718e-05
431	2.99626156995674e-05
432	2.98278130686098e-05
433	3.03539063954117e-05
434	3.02200196661967e-05
435	2.96391992962341e-05
436	2.93295002653372e-05
437	2.97317388388103e-05
438	3.04136397324499e-05
439	2.92333454857058e-05
440	2.91850370826437e-05
441	3.09027768553667e-05
442	2.93046528905487e-05
443	2.91673064361755e-05
444	2.89483105339659e-05
445	3.01520532524692e-05
446	2.82053362060222e-05
447	3.11359455910718e-05
448	3.06657639886693e-05
449	2.84313290927515e-05
450	2.87209682302113e-05
451	2.94566377770828e-05
452	3.02200445548397e-05
453	3.01909694562996e-05
454	2.98147335821365e-05
455	3.00831365710624e-05
456	2.93993505601783e-05
457	2.99663842492138e-05
458	2.95605111496719e-05
459	3.09657704163169e-05
460	2.86737724436161e-05
461	3.01329104303825e-05
462	2.78007771106802e-05
463	3.10921647396858e-05
464	3.03936335465870e-05
465	3.03914558527248e-05
466	2.92972473834441e-05
467	2.94102912402164e-05
468	2.92021816597335e-05
469	2.90889106784791e-05
470	3.03806856601121e-05
471	2.96425536854297e-05
472	2.94767309734706e-05
473	2.92338137945741e-05
474	2.87702584180709e-05
475	3.10872103121764e-05
476	3.06390092645940e-05
477	2.84950582059209e-05
478	2.86806274243280e-05
479	2.80027954079299e-05
480	2.95114008524943e-05
481	3.03450992641116e-05
482	3.00469697831322e-05
483	2.98960473776502e-05
484	3.10414682092546e-05
485	2.94508009510138e-05
486	3.05566257094638e-05
487	2.94160411494572e-05
488	3.01653432325827e-05
489	3.04371077767124e-05
490	2.84604133364186e-05
491	3.05383737942650e-05
492	3.00044808406447e-05
493	3.01109619950624e-05
494	3.25958649911634e-05
495	2.93702047016505e-05
496	3.15622284459676e-05
497	2.87853663197630e-05
498	3.01227158966094e-05
499	2.96455479935842e-05
