1	3.15923178684405e-07
2	4.39957534491839e-07
3	5.32906528332298e-07
4	6.07986753691445e-07
5	6.72633769362148e-07
6	7.30419499365173e-07
7	7.80522555815804e-07
8	8.26094101826505e-07
9	8.69186879390090e-07
10	9.04008571046031e-07
11	9.42393171216554e-07
12	9.76296400396487e-07
13	1.00629149409540e-06
14	1.03653026028463e-06
15	1.05998385779038e-06
16	1.08674898593607e-06
17	1.11358503146621e-06
18	1.13040638631884e-06
19	1.15529774472879e-06
20	1.17658649621069e-06
21	1.19795371504020e-06
22	1.20711720277302e-06
23	1.23064039112637e-06
24	1.24635413893380e-06
25	1.26346462411248e-06
26	1.29636656798315e-06
27	1.29748728305905e-06
28	1.32015270050197e-06
29	1.33553676164296e-06
30	1.33863809300928e-06
31	1.36196047606221e-06
32	1.35427599108681e-06
33	1.37569897963016e-06
34	1.39886045844984e-06
35	1.41162828770623e-06
36	1.40619336964455e-06
37	1.41010059020634e-06
38	1.44822248498093e-06
39	1.42888730056634e-06
40	1.43536061551190e-06
41	1.44461496407782e-06
42	1.46342085790908e-06
43	1.47136666872846e-06
44	1.49788904575207e-06
45	1.48249840881188e-06
46	1.49656200422412e-06
47	1.50322787352793e-06
48	1.52675846477623e-06
49	1.51964376139356e-06
50	1.53247793948473e-06
51	1.52272885602404e-06
52	1.53438061208130e-06
53	1.51777577805864e-06
54	1.56752457744565e-06
55	1.54129276164832e-06
56	1.54338929293217e-06
57	1.58988261817930e-06
58	1.59188333082089e-06
59	1.59182374731816e-06
60	1.57442942780965e-06
61	1.57495854374507e-06
62	1.56862406494847e-06
63	1.60566542249510e-06
64	1.55777506836042e-06
65	1.63093310384483e-06
66	1.61876984686032e-06
67	1.60353574703865e-06
68	1.61808127316900e-06
69	1.60052523899124e-06
70	1.59207680587574e-06
71	1.63090329069777e-06
72	1.64165232926544e-06
73	1.60092366908756e-06
74	1.68786284512836e-06
75	1.59587222932984e-06
76	1.65385765365074e-06
77	1.59752136758984e-06
78	1.65056387742299e-06
79	1.66930831368159e-06
80	1.63460348770623e-06
81	1.60433597699870e-06
82	1.65846786644598e-06
83	1.62897084924562e-06
84	1.61589538724582e-06
85	1.63732916826036e-06
86	1.63865270510437e-06
87	1.63831734188777e-06
88	1.60377643576837e-06
89	1.65200686787375e-06
90	1.68876479264381e-06
91	1.62141032597569e-06
92	1.68565728120945e-06
93	1.66914262443412e-06
94	1.70784772053652e-06
95	1.69265268125865e-06
96	1.72520926577013e-06
97	1.69808207646471e-06
98	1.66879080952719e-06
99	1.72860463793415e-06
100	1.74640074187762e-06
101	1.72423526201895e-06
102	1.71868765395892e-06
103	1.65592692849124e-06
104	1.71802422475179e-06
105	1.79639214529935e-06
106	1.73804259104289e-06
107	1.71642170985569e-06
108	1.69252351574864e-06
109	1.75544393283741e-06
110	1.73338074163193e-06
111	1.71590807829399e-06
112	1.73860888856143e-06
113	1.72575544872327e-06
114	1.67096777705746e-06
115	1.71624724390961e-06
116	1.74640941168748e-06
117	1.73827401976648e-06
118	1.71220434841846e-06
119	1.70612778751676e-06
120	1.70099524457958e-06
121	1.71249132189800e-06
122	1.70104214703999e-06
123	1.70411262019938e-06
124	1.67177165658335e-06
125	1.71913826805829e-06
126	1.77199097862808e-06
127	1.73862114119981e-06
128	1.73339029801267e-06
129	1.70900699544681e-06
130	1.78522384754352e-06
131	1.73298071619845e-06
132	1.73259612972846e-06
133	1.69415437805492e-06
134	1.64924703789103e-06
135	1.72521425866860e-06
136	1.70457254159467e-06
137	1.66417093345125e-06
138	1.73354321910863e-06
139	1.64050744608775e-06
140	1.65130158140680e-06
141	1.67289230334761e-06
142	1.79309289027718e-06
143	1.72194990263337e-06
144	1.73273210136001e-06
145	1.80365773227690e-06
146	1.66849987163293e-06
147	1.73507761490957e-06
148	1.72244691958910e-06
149	1.74768961061747e-06
150	1.72374708343519e-06
151	1.84184849650614e-06
152	1.67486124438270e-06
153	1.72370491375694e-06
154	1.76116892076579e-06
155	1.72469290000539e-06
156	1.79807950583438e-06
157	1.81425358538246e-06
158	1.83359013555108e-06
159	1.73066898193958e-06
160	1.78597357251969e-06
161	1.66571089359975e-06
162	1.75895390761380e-06
163	1.71404484019088e-06
164	1.85577891901480e-06
165	1.82703894145291e-06
166	1.84244795396970e-06
167	1.80068856560377e-06
168	1.71928974554625e-06
169	1.75065610366109e-06
170	1.73073460689195e-06
171	1.76495960707923e-06
172	1.82354225094794e-06
173	1.82060383018853e-06
174	1.88934357097833e-06
175	1.76782795273598e-06
176	1.78166572058956e-06
177	1.74119886284382e-06
178	1.73786461769375e-06
179	1.76751207006843e-06
180	1.70386060377288e-06
181	1.83958737986130e-06
182	1.74932902927842e-06
183	1.79799856787583e-06
184	1.82935747356813e-06
185	1.82119270890968e-06
186	1.74497793614019e-06
187	1.70271512628397e-06
188	1.81232615602747e-06
189	1.72577999541844e-06
190	1.68645092349987e-06
191	1.65154081900286e-06
192	1.88100617191731e-06
193	1.69490365653835e-06
194	1.78467452988598e-06
195	1.86913887337267e-06
196	1.77677804968182e-06
197	1.71327138349489e-06
198	1.85592355069796e-06
199	1.74393907977452e-06
200	1.74503855689593e-06
201	1.64268108163577e-06
202	1.77790448380911e-06
203	1.71039792538568e-06
204	1.72707412263776e-06
205	1.83841301259007e-06
206	1.73072970065685e-06
207	1.84565966877572e-06
208	1.77144281903090e-06
209	1.89042687029121e-06
210	1.77509469243729e-06
211	1.75970798181592e-06
212	1.79311344015719e-06
213	1.72659673781048e-06
214	1.68307184219748e-06
215	1.67136338372347e-06
216	1.78920713370872e-06
217	1.86126181387403e-06
218	1.79501361994165e-06
219	1.74322352505787e-06
220	1.76937790141503e-06
221	1.86043968066513e-06
222	1.79667513361754e-06
223	1.73494086010748e-06
224	1.74140032806737e-06
225	1.76454522965214e-06
226	1.72863026811566e-06
227	1.73276851041681e-06
228	1.65114513223145e-06
229	1.56687166259426e-06
230	1.67428599642404e-06
231	1.66816003920924e-06
232	1.72435126252833e-06
233	1.63402810351641e-06
234	1.66232562560465e-06
235	1.69181335527588e-06
236	1.72967927958268e-06
237	1.69978416190926e-06
238	1.67193720530405e-06
239	1.71137275702499e-06
240	1.66058345379182e-06
241	1.76154340145524e-06
242	1.71696044437607e-06
243	1.63111843602642e-06
244	1.65025348179613e-06
245	1.74041864352954e-06
246	1.64993844496337e-06
247	1.49364291262672e-06
248	1.59470802725218e-06
249	1.56832239531283e-06
250	1.64787916065614e-06
251	1.74359740928767e-06
252	1.65737907723144e-06
253	1.62728382131528e-06
254	1.63122740765083e-06
255	1.68859574050605e-06
256	1.81369131218678e-06
257	1.84040997304146e-06
258	1.81227236378936e-06
259	1.63323930385581e-06
260	1.72451338110176e-06
261	1.71765970666106e-06
262	1.73353944187638e-06
263	1.67517484185018e-06
264	1.58564861590023e-06
265	1.54125991040553e-06
266	1.48622413502666e-06
267	1.58323848223621e-06
268	1.54857100680586e-06
269	1.70088658818854e-06
270	1.70991574956296e-06
271	1.66427690958240e-06
272	1.66737348010290e-06
273	1.65604530929329e-06
274	1.75357436874150e-06
275	1.76324528696753e-06
276	1.73437064048189e-06
277	1.74989895227536e-06
278	1.79710362677090e-06
279	1.77627455046314e-06
280	1.67964954258999e-06
281	1.67498996999458e-06
282	1.74010632532993e-06
283	1.75071496730152e-06
284	1.74924010758699e-06
285	1.73012352894960e-06
286	1.70546093404302e-06
287	1.74793886149787e-06
288	1.79609122141590e-06
289	1.75851476830324e-06
290	1.74724596290912e-06
291	1.67050901514864e-06
292	1.60635214261719e-06
293	1.78145666938949e-06
294	1.85051958915850e-06
295	1.84863489215087e-06
296	1.70357606469673e-06
297	1.81019266158810e-06
298	1.81544556776098e-06
299	1.89816777928152e-06
300	1.79464816581680e-06
301	1.63918922840624e-06
302	1.76198300793786e-06
303	1.77555626007840e-06
304	1.86740015442258e-06
305	1.93811568615176e-06
306	1.78992407223338e-06
307	1.67945746669761e-06
308	1.64343399597076e-06
309	1.59252336337734e-06
310	1.71820120749050e-06
311	1.88258170993663e-06
312	1.96107658245478e-06
313	1.94602377975543e-06
314	1.85495551016383e-06
315	1.77139381532860e-06
316	1.74345548196951e-06
317	1.83339710319831e-06
318	1.85184467881481e-06
319	1.82858283772462e-06
320	1.84827694938611e-06
321	1.80210089693534e-06
322	1.82074451011811e-06
323	1.93160064910768e-06
324	1.87966201284188e-06
325	1.78761857482277e-06
326	1.73396699643712e-06
327	1.71219882311756e-06
328	1.75025658158872e-06
329	1.81616874773856e-06
330	1.90876285606803e-06
331	1.86866245246827e-06
332	1.84802769867069e-06
333	1.87241026315747e-06
334	1.79029083318860e-06
335	1.76344621438624e-06
336	1.75859426511081e-06
337	1.84370205739069e-06
338	1.81084856613509e-06
339	1.74687336571665e-06
340	1.78309379823683e-06
341	1.82410508862183e-06
342	1.80374114213474e-06
343	1.81768784091972e-06
344	1.93156324728054e-06
345	1.87565547607147e-06
346	1.89546766854119e-06
347	1.79847588204806e-06
348	1.80461160469337e-06
349	1.76764103740839e-06
350	1.69612069261517e-06
351	1.78819673141187e-06
352	1.76440894184267e-06
353	1.77165934039876e-06
354	1.74800163298901e-06
355	1.74091222597891e-06
356	1.83079730776404e-06
357	1.83397644172638e-06
358	1.82945111437053e-06
359	1.77992326090735e-06
360	1.64529469171675e-06
361	1.62442576109143e-06
362	1.57902762182780e-06
363	1.53346618313965e-06
364	1.61695313603966e-06
365	1.62383829605063e-06
366	1.69005439068833e-06
367	1.75462911609399e-06
368	1.71046392942791e-06
369	1.80184736641841e-06
370	1.82097595269251e-06
371	1.76068689512660e-06
372	1.70186205395256e-06
373	1.64098895455811e-06
374	1.64168311699325e-06
375	1.64909061441808e-06
376	1.69458406187083e-06
377	1.72642263899276e-06
378	1.72034894613828e-06
379	1.73261873492532e-06
380	1.71141868316179e-06
381	1.70953543111605e-06
382	1.74922663443921e-06
383	1.81136133161575e-06
384	1.91346176747244e-06
385	1.88617573728045e-06
386	1.77355391048549e-06
387	1.74852358353567e-06
388	1.71540518567183e-06
389	1.58352991590038e-06
390	1.59821308700731e-06
391	1.53206814489059e-06
392	1.51093555441197e-06
393	1.59672669419499e-06
394	1.57631063996748e-06
395	1.69015262879236e-06
396	1.74617231775383e-06
397	1.68539619758908e-06
398	1.74249285921636e-06
399	1.73044534629026e-06
400	1.69105324782245e-06
401	1.75137851949246e-06
402	1.66090946242789e-06
403	1.66024679797323e-06
404	1.62440088046365e-06
405	1.54967252780349e-06
406	1.54343866091376e-06
407	1.61640470376257e-06
408	1.61336019084035e-06
409	1.63319497405439e-06
410	1.72741706983620e-06
411	1.73026164074268e-06
412	1.77505000231077e-06
413	1.94603843659285e-06
414	1.84078855497334e-06
415	1.79654455272019e-06
416	1.80397993045416e-06
417	1.83342759276323e-06
418	1.81836625689909e-06
419	1.75637439625886e-06
420	1.66755292400122e-06
421	1.65738938202735e-06
422	1.68631505207001e-06
423	1.65319748836596e-06
424	1.58077708559835e-06
425	1.57034371351262e-06
426	1.58647107315889e-06
427	1.58235418206239e-06
428	1.71025541772032e-06
429	1.71992207295967e-06
430	1.82718422163356e-06
431	1.84935245479098e-06
432	1.81957005167347e-06
433	1.78149933511648e-06
434	1.71896113733186e-06
435	1.59130875519355e-06
436	1.49307652830561e-06
437	1.44664762980275e-06
438	1.41104725133592e-06
439	1.52377867004829e-06
440	1.58424962999405e-06
441	1.77415185932147e-06
442	1.83349607555331e-06
443	1.67602606054234e-06
444	1.65641894674679e-06
445	1.64154876634042e-06
446	1.61391276171398e-06
447	1.54305823183954e-06
448	1.54459766332991e-06
449	1.61157021207279e-06
450	1.67328979171655e-06
451	1.66915115685628e-06
452	1.73389600962611e-06
453	1.82428809857505e-06
454	1.75286524312490e-06
455	1.69280345728813e-06
456	1.63521995447249e-06
457	1.57943751526145e-06
458	1.63350299612341e-06
459	1.66057817433870e-06
460	1.61210654588101e-06
461	1.57927950135950e-06
462	1.62730128204436e-06
463	1.69742623616074e-06
464	1.68876955265318e-06
465	1.72943355030593e-06
466	1.73422902065029e-06
467	1.74811151329278e-06
468	1.71186783141017e-06
469	1.68717475317835e-06
470	1.77401613763766e-06
471	1.73980347554879e-06
472	1.72195945122087e-06
473	1.70480483636628e-06
474	1.79301992064547e-06
475	1.80980076656692e-06
476	1.78054584932265e-06
477	1.85857119328383e-06
478	1.86936565331026e-06
479	1.82666869217848e-06
480	1.77997312541936e-06
481	1.71145255448875e-06
482	1.63437894238979e-06
483	1.53620922261585e-06
484	1.54404275228286e-06
485	1.57417641493122e-06
486	1.56085668772054e-06
487	1.49972462676391e-06
488	1.54027249530367e-06
489	1.57509516257943e-06
490	1.64285594370648e-06
491	1.62274694068445e-06
492	1.64235065657713e-06
493	1.66594018790219e-06
494	1.61832370109963e-06
495	1.61370932995566e-06
496	1.60591490107196e-06
497	1.59794268863759e-06
498	1.65527175138099e-06
499	1.76951786942583e-06
