1	4.89418456465599e-07
2	6.85395160281267e-07
3	8.32974222837490e-07
4	9.55185814376494e-07
5	1.06097853896073e-06
6	1.15456382809355e-06
7	1.24048767965579e-06
8	1.31766384357888e-06
9	1.38878054720923e-06
10	1.45532085178582e-06
11	1.51943044272117e-06
12	1.57565321675050e-06
13	1.63264977704754e-06
14	1.68322708439841e-06
15	1.73606625476485e-06
16	1.78850982740749e-06
17	1.82930273970515e-06
18	1.86498719115891e-06
19	1.91361585553426e-06
20	1.94944948130716e-06
21	1.98800999359486e-06
22	2.02067556196738e-06
23	2.06002377432279e-06
24	2.09469376566090e-06
25	2.12386833264578e-06
26	2.15629739119762e-06
27	2.19407855103830e-06
28	2.21585390017493e-06
29	2.24256296404591e-06
30	2.25660791221797e-06
31	2.31236022460888e-06
32	2.34939374380316e-06
33	2.34369441375965e-06
34	2.36480693722883e-06
35	2.38464939804979e-06
36	2.41017150195356e-06
37	2.43007440881574e-06
38	2.48917312789310e-06
39	2.48326690575314e-06
40	2.51593709811710e-06
41	2.55177463507543e-06
42	2.54435159423633e-06
43	2.58812262318060e-06
44	2.54549196212703e-06
45	2.59977800707425e-06
46	2.58690383666307e-06
47	2.61981248782914e-06
48	2.65883018670796e-06
49	2.69502866140736e-06
50	2.69210790327449e-06
51	2.72433160553504e-06
52	2.72634630833934e-06
53	2.72695931232228e-06
54	2.72478252727071e-06
55	2.78528441250898e-06
56	2.75351597790767e-06
57	2.81233445427856e-06
58	2.76852235256049e-06
59	2.81822911921537e-06
60	2.80765360465960e-06
61	2.87015146702936e-06
62	2.84829813042152e-06
63	2.86546001853387e-06
64	2.88230638666523e-06
65	2.90616092130696e-06
66	2.86079807327422e-06
67	2.92324262885108e-06
68	2.85607657278307e-06
69	2.91922192546619e-06
70	2.85127610289337e-06
71	2.88166124197541e-06
72	2.95073411825227e-06
73	2.93453461329286e-06
74	2.88875735113936e-06
75	2.92706211190342e-06
76	3.02738635311514e-06
77	3.03014839749069e-06
78	3.00142943382883e-06
79	3.02976252993307e-06
80	2.98031834695963e-06
81	3.04304300222478e-06
82	3.11385900075952e-06
83	3.07544889447943e-06
84	2.98807777158785e-06
85	3.04577792544222e-06
86	2.99380808495291e-06
87	3.18127873455236e-06
88	3.04949128734826e-06
89	3.08992735670852e-06
90	3.09560933409874e-06
91	3.08651829194279e-06
92	3.05504341440757e-06
93	3.18841635904370e-06
94	3.09813357254631e-06
95	3.07902536962410e-06
96	3.18023735885767e-06
97	3.16779912050857e-06
98	3.18084751464055e-06
99	3.14827161515872e-06
100	3.10738604962846e-06
101	3.18719168177005e-06
102	3.16273498893939e-06
103	3.18277201166469e-06
104	3.27644964414209e-06
105	3.29961271859201e-06
106	3.11799145479805e-06
107	3.26854816830118e-06
108	3.14478979548226e-06
109	3.17553668043967e-06
110	3.20860300208799e-06
111	3.17552639941687e-06
112	3.17606053326202e-06
113	3.25217855412434e-06
114	3.18318122949514e-06
115	3.25127271551005e-06
116	3.25779321182844e-06
117	3.24029133794637e-06
118	3.23677114566576e-06
119	3.24941310981094e-06
120	3.27263620587476e-06
121	3.28923852044129e-06
122	3.28684248372285e-06
123	3.30889531415511e-06
124	3.28690200864670e-06
125	3.26334747676534e-06
126	3.22901391998591e-06
127	3.38793851939062e-06
128	3.08739827379349e-06
129	3.39317169586195e-06
130	3.37989628766101e-06
131	3.41045502316741e-06
132	3.42296243966707e-06
133	3.43876475909208e-06
134	3.36227448664528e-06
135	3.40874144041433e-06
136	3.41488359308218e-06
137	3.29822632088474e-06
138	3.38353338092092e-06
139	3.13906091865460e-06
140	3.24092324645390e-06
141	3.25283835623175e-06
142	3.33526948659086e-06
143	3.48304283907445e-06
144	3.26934522631962e-06
145	3.33661359145638e-06
146	3.36954563270094e-06
147	3.20522368300476e-06
148	3.35924555755996e-06
149	3.39080687138060e-06
150	3.42189018996763e-06
151	3.29639320931977e-06
152	3.48625950308498e-06
153	3.30920196039817e-06
154	3.39029386767677e-06
155	3.39344533929121e-06
156	3.35481591879417e-06
157	3.39488430077287e-06
158	3.19485469064117e-06
159	3.48861066817975e-06
160	3.34458048830502e-06
161	3.24045194605415e-06
162	3.38096471301289e-06
163	3.30161866397359e-06
164	3.50398561608179e-06
165	3.27462074127997e-06
166	3.16882639872446e-06
167	3.51130339361178e-06
168	3.17493740030418e-06
169	3.32799709484441e-06
170	3.30830390879637e-06
171	3.35856790457078e-06
172	3.26827368300024e-06
173	3.38098459881515e-06
174	3.40258638541588e-06
175	3.29007819965700e-06
176	3.41008069613435e-06
177	3.40706928643492e-06
178	3.36042754192510e-06
179	3.66075633874286e-06
180	3.28911852124874e-06
181	3.39277333595951e-06
182	3.49885358742320e-06
183	3.33979022811647e-06
184	3.29921206113310e-06
185	3.58344381719818e-06
186	3.35456216557210e-06
187	3.40437357838936e-06
188	3.39300223044666e-06
189	3.40069922977228e-06
190	3.26091828576777e-06
191	3.54531344529603e-06
192	3.47348840032993e-06
193	3.45376434771784e-06
194	3.38648939044928e-06
195	3.58928449309341e-06
196	3.48931551450607e-06
197	3.50271702447612e-06
198	3.42868531062732e-06
199	3.51624949244590e-06
200	3.56967750500483e-06
201	3.29408546681018e-06
202	3.52977305129518e-06
203	3.57160063770428e-06
204	3.45053509534777e-06
205	3.45928935279564e-06
206	3.38289326833330e-06
207	3.56439528404605e-06
208	3.60242290028917e-06
209	3.30505525842028e-06
210	3.41644999775171e-06
211	3.43911620581025e-06
212	3.53930254154278e-06
213	3.66367651563501e-06
214	3.38196741921344e-06
215	3.24677113996219e-06
216	3.50888224681342e-06
217	3.50478179126030e-06
218	3.54825872476293e-06
219	3.49136582484554e-06
220	3.34305788059486e-06
221	3.43614476901307e-06
222	3.53520658720321e-06
223	3.46010230530715e-06
224	3.35275564541240e-06
225	3.44686080598601e-06
226	3.66598436643924e-06
227	3.32907590120055e-06
228	3.30838041990119e-06
229	3.39996041488225e-06
230	3.49847193499171e-06
231	3.76470568979746e-06
232	3.43500241666174e-06
233	3.18889962237649e-06
234	3.24410646740819e-06
235	3.39054181396186e-06
236	3.46440526729559e-06
237	3.54439077670063e-06
238	3.27074923490338e-06
239	3.22189867794424e-06
240	3.36344350221976e-06
241	3.57238196400647e-06
242	3.63450340967882e-06
243	3.58871213055704e-06
244	3.41348987332274e-06
245	3.13277896276668e-06
246	3.34299235480186e-06
247	3.56887142449124e-06
248	3.66701358143852e-06
249	3.46283525203268e-06
250	3.28178336809349e-06
251	3.44395457600211e-06
252	3.53188031783267e-06
253	3.41439055579019e-06
254	3.57708228607092e-06
255	3.56471265115286e-06
256	3.20832889464639e-06
257	3.28298623461121e-06
258	3.33077798772802e-06
259	3.50808347173098e-06
260	3.65042435797022e-06
261	3.55479964434508e-06
262	3.30057727629814e-06
263	3.12900895848458e-06
264	3.30807176776282e-06
265	3.48153632624979e-06
266	3.70535807526080e-06
267	3.54561894911368e-06
268	3.52175819545903e-06
269	3.42322362219375e-06
270	3.16635098470013e-06
271	3.16222723782308e-06
272	3.39967735027911e-06
273	3.57195209208009e-06
274	3.53887869297321e-06
275	3.41347675034863e-06
276	3.44124083033903e-06
277	3.47643766675231e-06
278	3.46710202829421e-06
279	3.54699125516090e-06
280	3.51462719542270e-06
281	3.52029363840963e-06
282	3.37794227227783e-06
283	3.37915673605178e-06
284	3.44269057430688e-06
285	3.48353385890424e-06
286	3.69123262694597e-06
287	3.56828780160660e-06
288	3.51436477122984e-06
289	3.57603666551923e-06
290	3.61863271253226e-06
291	3.66089428480488e-06
292	3.29957637184834e-06
293	3.27981929120331e-06
294	3.42060670425753e-06
295	3.67622784066328e-06
296	3.58950892335305e-06
297	3.47206606365045e-06
298	3.30707389774463e-06
299	3.42857591332598e-06
300	3.57464655999112e-06
301	3.56119973278776e-06
302	3.48482108011229e-06
303	3.30069666814523e-06
304	3.37377382989683e-06
305	3.56063823273570e-06
306	3.72578582268700e-06
307	3.62332946997987e-06
308	3.59183196749485e-06
309	3.54085782988272e-06
310	3.55257458452695e-06
311	3.67089522860143e-06
312	3.70502616098450e-06
313	3.53176022911639e-06
314	3.43136688009602e-06
315	3.47730269948496e-06
316	3.39319200406432e-06
317	3.54351225933380e-06
318	3.73147548384883e-06
319	3.53263221864751e-06
320	3.39525810773281e-06
321	3.51497103194635e-06
322	3.49313591445275e-06
323	3.58676933918462e-06
324	3.55102324016841e-06
325	3.48789818896041e-06
326	3.56959518047508e-06
327	3.57495339579308e-06
328	3.79470052629030e-06
329	3.65391073397737e-06
330	3.58514304283020e-06
331	3.45384415411478e-06
332	3.50629195581117e-06
333	3.35583486870587e-06
334	3.30973274494443e-06
335	3.42893433679055e-06
336	3.45550708453154e-06
337	3.50303254251971e-06
338	3.58841494146726e-06
339	3.65547235313808e-06
340	3.58273477460231e-06
341	3.62506821069045e-06
342	3.66491738313699e-06
343	3.60328102332571e-06
344	3.33011989744605e-06
345	3.37065457948126e-06
346	3.29246019638401e-06
347	3.43863169298360e-06
348	3.38809111839762e-06
349	3.39251087429381e-06
350	3.55955111460134e-06
351	3.74463525070300e-06
352	3.63026373166590e-06
353	3.62909201019167e-06
354	3.49751640652311e-06
355	3.37068318218839e-06
356	3.27844957713188e-06
357	3.35977063930155e-06
358	3.48086862595244e-06
359	3.32953131602665e-06
360	3.37431662224396e-06
361	3.42398932288967e-06
362	3.39585503749375e-06
363	3.34476976172108e-06
364	3.53198676499233e-06
365	3.63545574120156e-06
366	3.49848092826445e-06
367	3.32171235157455e-06
368	3.31101423114530e-06
369	3.45906772370557e-06
370	3.43676056857846e-06
371	3.45030698800458e-06
372	3.51465529507407e-06
373	3.56513243678048e-06
374	3.66521949170027e-06
375	3.72683947720718e-06
376	3.72817122523513e-06
377	3.77099083792286e-06
378	3.57347299536797e-06
379	3.20689672068151e-06
380	3.12455652612371e-06
381	3.14129075809494e-06
382	3.21399643364638e-06
383	3.34037377753723e-06
384	3.25400248601729e-06
385	3.29515681267644e-06
386	3.50706940064160e-06
387	3.66879055721735e-06
388	3.78825733590758e-06
389	3.85945936203303e-06
390	3.96796436420828e-06
391	3.89844873367545e-06
392	3.93260788856912e-06
393	3.89017910878714e-06
394	3.72030554365993e-06
395	3.60787953137276e-06
396	3.50711856637711e-06
397	3.56475455726330e-06
398	3.59386888546044e-06
399	3.57629862343968e-06
400	3.45031521619576e-06
401	3.46785211246025e-06
402	3.39505002873079e-06
403	3.53375008530093e-06
404	3.58198343386832e-06
405	3.58779726703020e-06
406	3.62983098867075e-06
407	3.67299962019995e-06
408	3.72281841782063e-06
409	3.65817776882469e-06
410	3.58367572851678e-06
411	3.58692287999684e-06
412	3.56270588862734e-06
413	3.61972963079952e-06
414	3.72055358232108e-06
415	3.72173903744330e-06
416	3.63968627996438e-06
417	3.65842016163701e-06
418	3.69761257713081e-06
419	3.68366554344028e-06
420	3.55336704336380e-06
421	3.46872671767122e-06
422	3.51005362815668e-06
423	3.51706683448099e-06
424	3.65977612154212e-06
425	3.67244018533552e-06
426	3.60827832209481e-06
427	3.50263167982231e-06
428	3.33407326864035e-06
429	3.24938655043854e-06
430	3.16069680270305e-06
431	3.35615822308079e-06
432	3.41998018238161e-06
433	3.51546758380294e-06
434	3.69379996421097e-06
435	3.87506790117094e-06
436	3.88433060726816e-06
437	3.85665610938009e-06
438	3.82620313207511e-06
439	3.67099302134229e-06
440	3.62449771369563e-06
441	3.53160400533088e-06
442	3.45601107290703e-06
443	3.57679729418196e-06
444	3.50737874711794e-06
445	3.46471878832492e-06
446	3.35271803358169e-06
447	3.18530271082151e-06
448	3.17770319967200e-06
449	3.28246202018145e-06
450	3.49807534188059e-06
451	3.61515783144170e-06
452	3.64116945409327e-06
453	3.55014707754588e-06
454	3.42302579691392e-06
455	3.54947589288872e-06
456	3.72332604435311e-06
457	3.87741943676694e-06
458	3.78891328523994e-06
459	3.65560004859387e-06
460	3.59195587507434e-06
461	3.66527045251524e-06
462	3.79506500772730e-06
463	3.92263841897740e-06
464	3.70878990766280e-06
465	3.49198500134768e-06
466	3.47674452226655e-06
467	3.47236298057544e-06
468	3.41616036548286e-06
469	3.37419158040857e-06
470	3.51316990944521e-06
471	3.59107526603205e-06
472	3.59830069617813e-06
473	3.52122138381086e-06
474	3.54521737136176e-06
475	3.51170113061767e-06
476	3.59519350711241e-06
477	3.78656454462330e-06
478	3.60590341026660e-06
479	3.61657586854734e-06
480	3.63940506026837e-06
481	3.63173070885055e-06
482	3.59385238623355e-06
483	3.58761779760086e-06
484	3.56905703180311e-06
485	3.56009572038029e-06
486	3.44318818180595e-06
487	3.36809982218330e-06
488	3.33863979058591e-06
489	3.31383577989554e-06
490	3.45373417656154e-06
491	3.65303276201850e-06
492	3.82985162461060e-06
493	3.84944595088533e-06
494	3.84046094779298e-06
495	3.85151577002996e-06
496	3.94554580648176e-06
497	3.88431202772730e-06
498	3.82905492734014e-06
499	3.68006490615587e-06
