1	9.38208585409590e-05
2	1.05908395298582e-04
3	1.11342807395659e-04
4	1.14508415559228e-04
5	1.16118048449352e-04
6	1.17463462147655e-04
7	1.18029883624036e-04
8	1.19045466295637e-04
9	1.19475095859002e-04
10	1.19427476813502e-04
11	1.19928451353046e-04
12	1.21045379789219e-04
13	1.20942870857212e-04
14	1.20831521615189e-04
15	1.21159255226572e-04
16	1.21823762332580e-04
17	1.20921566547179e-04
18	1.21518122685003e-04
19	1.22121924688032e-04
20	1.21073337703846e-04
21	1.22517715931712e-04
22	1.21368271742836e-04
23	1.21471680975634e-04
24	1.22896943560975e-04
25	1.19842143257938e-04
26	1.22581098391175e-04
27	1.21854522707054e-04
28	1.20521258318425e-04
29	1.21599047288178e-04
30	1.23106969875390e-04
31	1.24048728257926e-04
32	1.22830143802818e-04
33	1.22825739492480e-04
34	1.21658891320247e-04
35	1.22500302270919e-04
36	1.21341554989449e-04
37	1.22766316941826e-04
38	1.22798630091294e-04
39	1.22815065671695e-04
40	1.22494284424230e-04
41	1.21836194574315e-04
42	1.23303020711734e-04
43	1.23714950989729e-04
44	1.23033892402459e-04
45	1.22537887575470e-04
46	1.22521877617979e-04
47	1.23332186756719e-04
48	1.22497021487304e-04
49	1.23765739330527e-04
50	1.20924389512992e-04
51	1.23165312541566e-04
52	1.23128945887815e-04
53	1.24247686324763e-04
54	1.23479257329149e-04
55	1.23270420881244e-04
56	1.22799946075629e-04
57	1.22940413366984e-04
58	1.24321482281409e-04
59	1.23330154582470e-04
60	1.22956191012265e-04
61	1.20132239606445e-04
62	1.22520473784532e-04
63	1.24025607691000e-04
64	1.23714475789642e-04
65	1.21641725196208e-04
66	1.23420549419796e-04
67	1.23438367246346e-04
68	1.23622193845210e-04
69	1.22415737254544e-04
70	1.21104890851065e-04
71	1.24525620248055e-04
72	1.22494817932105e-04
73	1.23100175048458e-04
74	1.24238897630427e-04
75	1.24532828834519e-04
76	1.24091684918571e-04
77	1.24602837121148e-04
78	1.24750865240329e-04
79	1.23374170581121e-04
80	1.24835290994405e-04
81	1.23626315935231e-04
82	1.23141214970355e-04
83	1.25434066938984e-04
84	1.23536555226474e-04
85	1.24158076000250e-04
86	1.25594238111748e-04
87	1.25934587911289e-04
88	1.24028825043063e-04
89	1.22617022730162e-04
90	1.25592344037332e-04
91	1.23425733963749e-04
92	1.23420764057029e-04
93	1.26430577452984e-04
94	1.24016839141350e-04
95	1.23835472014536e-04
96	1.23288228742721e-04
97	1.27071875645662e-04
98	1.25405600935416e-04
99	1.24807769687159e-04
100	1.20947216781001e-04
101	1.26251143344853e-04
102	1.27490319002962e-04
103	1.25027522368349e-04
104	1.24769014126025e-04
105	1.23014522932388e-04
106	1.24455334972839e-04
107	1.23028399207548e-04
108	1.23749476954482e-04
109	1.22701010615732e-04
110	1.24806318845981e-04
111	1.24417614527685e-04
112	1.25106230724179e-04
113	1.25398973604693e-04
114	1.25266830809342e-04
115	1.23272388530885e-04
116	1.25569233251126e-04
117	1.23265450959651e-04
118	1.25304612381136e-04
119	1.26236522210428e-04
120	1.25280362187455e-04
121	1.25107816078211e-04
122	1.24983189953936e-04
123	1.25406350015005e-04
124	1.24392634459721e-04
125	1.24543870597017e-04
126	1.25296200600243e-04
127	1.26329564633320e-04
128	1.26078192889284e-04
129	1.27525041657167e-04
130	1.26676081106183e-04
131	1.24523630379685e-04
132	1.21763726857974e-04
133	1.23802750972555e-04
134	1.22907615388036e-04
135	1.27315188774191e-04
136	1.23644224110269e-04
137	1.25791957019208e-04
138	1.24304502593808e-04
139	1.27093639213860e-04
140	1.27512868230932e-04
141	1.24984255157998e-04
142	1.25180038654854e-04
143	1.26564333144833e-04
144	1.23804673439044e-04
145	1.23737547617410e-04
146	1.22938324378754e-04
147	1.27970573321248e-04
148	1.27262508426612e-04
149	1.21595486975908e-04
150	1.24896885218470e-04
151	1.22954341625013e-04
152	1.25237378323392e-04
153	1.28283725366898e-04
154	1.24874727412844e-04
155	1.25873484641228e-04
156	1.23253649034438e-04
157	1.24143211778107e-04
158	1.25250595375692e-04
159	1.25646719548823e-04
160	1.25577502849739e-04
161	1.23218075023395e-04
162	1.27408611492543e-04
163	1.22566183323640e-04
164	1.25007171639098e-04
165	1.25550728923983e-04
166	1.25480700707909e-04
167	1.23611924142324e-04
168	1.19881618527172e-04
169	1.24976967971243e-04
170	1.22532597993950e-04
171	1.26083094737674e-04
172	1.25974471415273e-04
173	1.24504596293706e-04
174	1.25492942074764e-04
175	1.22334897493111e-04
176	1.24964376162113e-04
177	1.23326541556672e-04
178	1.24328363317221e-04
179	1.25908077200076e-04
180	1.25232533492675e-04
181	1.24415311684702e-04
182	1.24713214323176e-04
183	1.25393401919012e-04
184	1.23131210883470e-04
185	1.23648206263925e-04
186	1.26061882814939e-04
187	1.25315301266420e-04
188	1.24542949622229e-04
189	1.22765824930035e-04
190	1.26141842264077e-04
191	1.23032542716411e-04
192	1.23279303767876e-04
193	1.23956844157493e-04
194	1.25026420972013e-04
195	1.27368991274353e-04
196	1.22151836850829e-04
197	1.24195957282561e-04
198	1.24428737097400e-04
199	1.25156467468453e-04
200	1.22006457227761e-04
201	1.24132579979391e-04
202	1.23907348721514e-04
203	1.26964415418926e-04
204	1.26813019403889e-04
205	1.27233880605378e-04
206	1.28895997945400e-04
207	1.22446189754622e-04
208	1.26925694340106e-04
209	1.25835731131713e-04
210	1.19713827310886e-04
211	1.20146637759156e-04
212	1.22339008308235e-04
213	1.22479908144449e-04
214	1.21058140311429e-04
215	1.18079466932194e-04
216	1.24142590239307e-04
217	1.24286454927290e-04
218	1.22688885907395e-04
219	1.24241576141227e-04
220	1.23717278427442e-04
221	1.24865667829334e-04
222	1.24411921613235e-04
223	1.24886570052591e-04
224	1.22536759079311e-04
225	1.18625532574693e-04
226	1.25106819456874e-04
227	1.21857990362706e-04
228	1.23549780133739e-04
229	1.24491663026134e-04
230	1.21898196691794e-04
231	1.23295678203958e-04
232	1.22685767394481e-04
233	1.25958270522337e-04
234	1.19442370807441e-04
235	1.26524421774310e-04
236	1.22880355558172e-04
237	1.24975958354501e-04
238	1.22008755632938e-04
239	1.22978522916073e-04
240	1.19344275614155e-04
241	1.24762181511960e-04
242	1.21733735081091e-04
243	1.25603194003869e-04
244	1.24654608993176e-04
245	1.21975090039609e-04
246	1.25424823486073e-04
247	1.19390813900231e-04
248	1.22583640009016e-04
249	1.27232124274152e-04
250	1.23301138437183e-04
251	1.22749401312942e-04
252	1.25380380462779e-04
253	1.23751202373718e-04
254	1.22082726545551e-04
255	1.23064833532495e-04
256	1.24458669601408e-04
257	1.22800562614215e-04
258	1.25906793960935e-04
259	1.25025410963529e-04
260	1.25591967440335e-04
261	1.21651230172904e-04
262	1.23340762107605e-04
263	1.24662406919144e-04
264	1.17128710723460e-04
265	1.25860475447912e-04
266	1.24354301436011e-04
267	1.23951271212934e-04
268	1.20763234689931e-04
269	1.23989329977733e-04
270	1.24637400052178e-04
271	1.22713017497547e-04
272	1.23064787694073e-04
273	1.20723714193538e-04
274	1.25988697155497e-04
275	1.24150519628225e-04
276	1.21525060041810e-04
277	1.24557752811326e-04
278	1.22531858091767e-04
279	1.19429308821597e-04
280	1.23163339914881e-04
281	1.22589188785608e-04
282	1.24599757886885e-04
283	1.21828913987852e-04
284	1.25267690321961e-04
285	1.22281867017929e-04
286	1.20302533282302e-04
287	1.22610811900287e-04
288	1.16087911223372e-04
289	1.20181429452360e-04
290	1.21307910759143e-04
291	1.23592439733293e-04
292	1.24519290444510e-04
293	1.20732692744612e-04
294	1.26172642929862e-04
295	1.23048978893971e-04
296	1.25350262935283e-04
297	1.20943640300272e-04
298	1.17188941147277e-04
299	1.22641649926644e-04
300	1.25103252320732e-04
301	1.21776725951353e-04
302	1.21017568116890e-04
303	1.25321690695745e-04
304	1.24834695664412e-04
305	1.22599559829645e-04
306	1.24951232956878e-04
307	1.23198799195428e-04
308	1.21315141812111e-04
309	1.22298140580065e-04
310	1.22782057335449e-04
311	1.25583675452422e-04
312	1.22377815227420e-04
313	1.21651208173453e-04
314	1.23466168501907e-04
315	1.17606690375088e-04
316	1.22280482063440e-04
317	1.22525123006007e-04
318	1.23859226384033e-04
319	1.20112948192372e-04
320	1.26002507909702e-04
321	1.17742181418466e-04
322	1.20688264245381e-04
323	1.22728706851393e-04
324	1.19715361009769e-04
325	1.23157308076312e-04
326	1.24520178918664e-04
327	1.22180215819723e-04
328	1.24988801276287e-04
329	1.22430420862762e-04
330	1.24853593406522e-04
331	1.26528398861452e-04
332	1.21431363281005e-04
333	1.22492873086516e-04
334	1.24881936950291e-04
335	1.23979483818995e-04
336	1.14674737214781e-04
337	1.15428176010970e-04
338	1.24828654099812e-04
339	1.19176479323515e-04
340	1.19890838570504e-04
341	1.22629981519334e-04
342	1.23728411929887e-04
343	1.18121036094777e-04
344	1.29524856852045e-04
345	1.21688799268457e-04
346	1.26653981842337e-04
347	1.23700439881183e-04
348	1.20708760319130e-04
349	1.24429338251648e-04
350	1.21484316290091e-04
351	1.19519201364762e-04
352	1.26579221059337e-04
353	1.25174531430152e-04
354	1.20621473156144e-04
355	1.24063151514629e-04
356	1.25077311818413e-04
357	1.21046727113441e-04
358	1.21956843895322e-04
359	1.22200063926682e-04
360	1.23821975360999e-04
361	1.24628611095449e-04
362	1.20099698472308e-04
363	1.16034103285195e-04
364	1.26100161905922e-04
365	1.23356762186719e-04
366	1.24544176845134e-04
367	1.26738054920459e-04
368	1.25792440894183e-04
369	1.23119842520925e-04
370	1.21778128366878e-04
371	1.21009139590368e-04
372	1.26293172609137e-04
373	1.19109683919457e-04
374	1.21324603250845e-04
375	1.20619214237206e-04
376	1.21704241610099e-04
377	1.22089712899853e-04
378	1.24506962732090e-04
379	1.20358894547291e-04
380	1.25391305268305e-04
381	1.25568454695143e-04
382	1.19778872490395e-04
383	1.22412762969892e-04
384	1.23738147769516e-04
385	1.23019568690697e-04
386	1.21254229910966e-04
387	1.25024092348863e-04
388	1.24987130276638e-04
389	1.18661267230381e-04
390	1.24200374513132e-04
391	1.23691203540131e-04
392	1.21377541403645e-04
393	1.25476088583960e-04
394	1.18094936237879e-04
395	1.28595839523651e-04
396	1.22564558773584e-04
397	1.23389507290897e-04
398	1.19418506763605e-04
399	1.20902067920116e-04
400	1.19994261943673e-04
401	1.20035834850207e-04
402	1.20007822626920e-04
403	1.22937355420701e-04
404	1.18303744374979e-04
405	1.20931415717055e-04
406	1.26036484940755e-04
407	1.24519628009231e-04
408	1.29129452324035e-04
409	1.22314741838140e-04
410	1.31615189248930e-04
411	1.23878069985404e-04
412	1.24649386927540e-04
413	1.23554853238744e-04
414	1.17761097798923e-04
415	1.26044573019779e-04
416	1.22114993325061e-04
417	1.28071687019035e-04
418	1.21517475029229e-04
419	1.24290153928506e-04
420	1.16801702016081e-04
421	1.22441422424796e-04
422	1.21550645815645e-04
423	1.20379155673101e-04
424	1.25968105526361e-04
425	1.20492438393446e-04
426	1.24562287903134e-04
427	1.21616104942791e-04
428	1.23120084774511e-04
429	1.23881516290854e-04
430	1.23019175404486e-04
431	1.18114456429787e-04
432	1.22606693439795e-04
433	1.21944985941395e-04
434	1.20646727443955e-04
435	1.25562506187409e-04
436	1.26317254445142e-04
437	1.19485766239075e-04
438	1.23327993165505e-04
439	1.18456821539435e-04
440	1.29768634823236e-04
441	1.26940179018538e-04
442	1.20203183528374e-04
443	1.18925730971712e-04
444	1.24929507404390e-04
445	1.19669284766664e-04
446	1.18289144914522e-04
447	1.26457609730482e-04
448	1.24948709723360e-04
449	1.21814479746837e-04
450	1.18175279838551e-04
451	1.17907632989558e-04
452	1.21859236563179e-04
453	1.25654153179380e-04
454	1.22011540385909e-04
455	1.19385753444745e-04
456	1.20914982924581e-04
457	1.25781386276926e-04
458	1.19873392409316e-04
459	1.27762804275170e-04
460	1.23842612711514e-04
461	1.20706020990519e-04
462	1.25437700858325e-04
463	1.21943071967704e-04
464	1.25513495883784e-04
465	1.18972215325431e-04
466	1.24676865044526e-04
467	1.25162304424626e-04
468	1.22029157799491e-04
469	1.23118503102943e-04
470	1.22562648304628e-04
471	1.18580927173860e-04
472	1.18024397111415e-04
473	1.22496009752277e-04
474	1.24972355197246e-04
475	1.22446338401717e-04
476	1.22802423992404e-04
477	1.24278635694851e-04
478	1.22165542360687e-04
479	1.21005164919777e-04
480	1.18851100211621e-04
481	1.25839269076723e-04
482	1.28991777630616e-04
483	1.18891760912851e-04
484	1.19572529480661e-04
485	1.23303422225971e-04
486	1.23050961616089e-04
487	1.19714796872739e-04
488	1.26863288541079e-04
489	1.24741097949641e-04
490	1.23464950676862e-04
491	1.17315174727161e-04
492	1.29933852839521e-04
493	1.17039385679077e-04
494	1.19757068740234e-04
495	1.20028194212705e-04
496	1.20011377866992e-04
497	1.20678242519959e-04
498	1.23203566336562e-04
499	1.20509363281757e-04
