1	6.45564597544241e-08
2	8.13499164028868e-08
3	9.21912374276022e-08
4	1.00189777173771e-07
5	1.05812152078086e-07
6	1.09705069133556e-07
7	1.13801138377207e-07
8	1.16670173290687e-07
9	1.19143673785070e-07
10	1.21944253057962e-07
11	1.22871698062230e-07
12	1.23694318418387e-07
13	1.24489565281769e-07
14	1.27170795004464e-07
15	1.28892228019458e-07
16	1.29772201229654e-07
17	1.30025792163610e-07
18	1.31224266606914e-07
19	1.29648811352852e-07
20	1.29397362076718e-07
21	1.32228220378354e-07
22	1.30538797904845e-07
23	1.33065429565456e-07
24	1.31742051907124e-07
25	1.31977491205272e-07
26	1.28926642596045e-07
27	1.34485270288290e-07
28	1.35921899014447e-07
29	1.27914168567422e-07
30	1.31212950186743e-07
31	1.36410384673208e-07
32	1.35713791575858e-07
33	1.35026503015879e-07
34	1.36266953575217e-07
35	1.33570666668738e-07
36	1.39949370625483e-07
37	1.37049212601852e-07
38	1.32358857778346e-07
39	1.36844853743732e-07
40	1.29365240527726e-07
41	1.34241028809722e-07
42	1.34486381032942e-07
43	1.34656516103863e-07
44	1.33566290621616e-07
45	1.34722372192716e-07
46	1.36005023278679e-07
47	1.38608891189624e-07
48	1.34114537566324e-07
49	1.40706979166011e-07
50	1.33265771692061e-07
51	1.37523045569465e-07
52	1.34143194591117e-07
53	1.34551148445302e-07
54	1.41865457759981e-07
55	1.35649154389820e-07
56	1.37897381043380e-07
57	1.33850614560307e-07
58	1.28473171900274e-07
59	1.31667627454560e-07
60	1.35857941698418e-07
61	1.39635370315632e-07
62	1.35125126994095e-07
63	1.34415066709481e-07
64	1.43179567604088e-07
65	1.36604183969510e-07
66	1.32623295998766e-07
67	1.36034991109218e-07
68	1.39063677106487e-07
69	1.36742626743991e-07
70	1.33313917260200e-07
71	1.36348088320536e-07
72	1.43191589716686e-07
73	1.39297217089638e-07
74	1.36006946076296e-07
75	1.37085380811768e-07
76	1.35761128624154e-07
77	1.40761984716941e-07
78	1.38577046968398e-07
79	1.40315863128928e-07
80	1.34620921748520e-07
81	1.37393762021867e-07
82	1.34390654978442e-07
83	1.36976864478093e-07
84	1.44452638592951e-07
85	1.36391321576880e-07
86	1.37242779628131e-07
87	1.42385398028694e-07
88	1.38703695315531e-07
89	1.36192061914604e-07
90	1.41511915854032e-07
91	1.40954286086168e-07
92	1.36986440644277e-07
93	1.42652049516525e-07
94	1.38172021335911e-07
95	1.40792974102518e-07
96	1.35798654998204e-07
97	1.41347479540796e-07
98	1.38167833672568e-07
99	1.35026396820588e-07
100	1.32024309986800e-07
101	1.39864662152469e-07
102	1.41020881052097e-07
103	1.35697712809790e-07
104	1.34613140224442e-07
105	1.41702823146061e-07
106	1.38084197683665e-07
107	1.36176362365335e-07
108	1.45700211982109e-07
109	1.41781576272024e-07
110	1.47624116189684e-07
111	1.32959683769592e-07
112	1.40943260694126e-07
113	1.50089032250241e-07
114	1.42456411818324e-07
115	1.45015107478650e-07
116	1.37709139909956e-07
117	1.40967884772710e-07
118	1.37861562583724e-07
119	1.32307711683251e-07
120	1.34780613560736e-07
121	1.38792924246260e-07
122	1.42492570786102e-07
123	1.34721519236223e-07
124	1.40001983077565e-07
125	1.32684528274606e-07
126	1.36615161818359e-07
127	1.37376294044236e-07
128	1.40669773958602e-07
129	1.49794221674341e-07
130	1.37598309225471e-07
131	1.41902463674273e-07
132	1.37340684209067e-07
133	1.38972140442727e-07
134	1.36876244771252e-07
135	1.36866973457637e-07
136	1.40829626180084e-07
137	1.35043768820770e-07
138	1.42366845642161e-07
139	1.37850829892823e-07
140	1.32540822855555e-07
141	1.47696776879713e-07
142	1.38271994339031e-07
143	1.35969682000917e-07
144	1.48842826546612e-07
145	1.36052629821296e-07
146	1.38041769286707e-07
147	1.35986019441576e-07
148	1.45770605191412e-07
149	1.36935416665183e-07
150	1.34359812657460e-07
151	1.43563515663276e-07
152	1.36058186689718e-07
153	1.32053436104255e-07
154	1.45067534686021e-07
155	1.43584932972672e-07
156	1.38741909544488e-07
157	1.36387797209056e-07
158	1.42175525094637e-07
159	1.38341917624783e-07
160	1.34889652289676e-07
161	1.44454074735684e-07
162	1.41550068908059e-07
163	1.42941571962740e-07
164	1.42028928965047e-07
165	1.41794763159079e-07
166	1.42348969092163e-07
167	1.37285195176225e-07
168	1.39373501944143e-07
169	1.36989582935980e-07
170	1.36431639060622e-07
171	1.39965714214306e-07
172	1.41679782292100e-07
173	1.44935073170775e-07
174	1.36242881989586e-07
175	1.44039519224703e-07
176	1.40069541192510e-07
177	1.43864808113343e-07
178	1.35696719333538e-07
179	1.53205449866836e-07
180	1.45316015056502e-07
181	1.39358860837700e-07
182	1.38053100010654e-07
183	1.43993473461131e-07
184	1.33874703346422e-07
185	1.43908374043625e-07
186	1.38509182676551e-07
187	1.45276303796222e-07
188	1.38307353817717e-07
189	1.49345734389650e-07
190	1.39674073903223e-07
191	1.43281755271504e-07
192	1.39350251170432e-07
193	1.39650467381456e-07
194	1.34114621920126e-07
195	1.38247325794562e-07
196	1.40563138670468e-07
197	1.44766406173661e-07
198	1.43020508477442e-07
199	1.44853959243022e-07
200	1.36324903647287e-07
201	1.46216670648526e-07
202	1.34420042926996e-07
203	1.42405189297664e-07
204	1.43756219612090e-07
205	1.37060413132984e-07
206	1.36098489750408e-07
207	1.45886685700659e-07
208	1.34848373831587e-07
209	1.33054924161498e-07
210	1.44634156121797e-07
211	1.36480445878904e-07
212	1.43140522647472e-07
213	1.45153217302377e-07
214	1.45834027695813e-07
215	1.40506029966744e-07
216	1.40360204299258e-07
217	1.49568601400974e-07
218	1.52883067704008e-07
219	1.40500299794799e-07
220	1.45285236463111e-07
221	1.39981516135139e-07
222	1.41697319862828e-07
223	1.44131334983028e-07
224	1.49885596164675e-07
225	1.38938340889714e-07
226	1.46602002025589e-07
227	1.36736888415134e-07
228	1.39965352470746e-07
229	1.42710811682573e-07
230	1.57073803590286e-07
231	1.37620379261931e-07
232	1.30202975727119e-07
233	1.41223371396198e-07
234	1.50903404398908e-07
235	1.35754153745886e-07
236	1.44990187432417e-07
237	1.40726198398400e-07
238	1.39878351214469e-07
239	1.42994936917441e-07
240	1.36827712618571e-07
241	1.42214971012582e-07
242	1.37566864033416e-07
243	1.39345512994554e-07
244	1.36952040880635e-07
245	1.33645677181960e-07
246	1.32674660300049e-07
247	1.44110490230397e-07
248	1.50572844853423e-07
249	1.40423614237504e-07
250	1.32907158147274e-07
251	1.48130198892111e-07
252	1.41951682720438e-07
253	1.44986915224165e-07
254	1.42293123273594e-07
255	1.38447998110737e-07
256	1.37965886942191e-07
257	1.39761915073458e-07
258	1.56660745883547e-07
259	1.43288873655148e-07
260	1.30418978637249e-07
261	1.39031921157951e-07
262	1.54437624946384e-07
263	1.47446174400312e-07
264	1.43862516672294e-07
265	1.39742463617870e-07
266	1.43117992297544e-07
267	1.51062238787289e-07
268	1.56746299488627e-07
269	1.53144215751456e-07
270	1.42889095427909e-07
271	1.42096839137227e-07
272	1.38570547515642e-07
273	1.49294759981619e-07
274	1.38099145619551e-07
275	1.39954954991907e-07
276	1.47030272763524e-07
277	1.42934571360243e-07
278	1.38177800939988e-07
279	1.44192299540331e-07
280	1.43180769455371e-07
281	1.47674969236607e-07
282	1.48952705722254e-07
283	1.43913640021760e-07
284	1.36133799110457e-07
285	1.53182390743724e-07
286	1.48443067083932e-07
287	1.42419308809773e-07
288	1.47752455394401e-07
289	1.44867055954153e-07
290	1.43155191118717e-07
291	1.43256987888822e-07
292	1.42887302319016e-07
293	1.42579699370390e-07
294	1.40558428720241e-07
295	1.50244027363335e-07
296	1.45818851063225e-07
297	1.41985980853053e-07
298	1.47572268031227e-07
299	1.41866951460826e-07
300	1.41032081158879e-07
301	1.46563899491009e-07
302	1.46927346683888e-07
303	1.47664576261811e-07
304	1.46559060655002e-07
305	1.51490737529912e-07
306	1.37392071406413e-07
307	1.39389880770760e-07
308	1.44769854069413e-07
309	1.40219797487656e-07
310	1.41360562818596e-07
311	1.46998451295758e-07
312	1.48797526966666e-07
313	1.44808045638530e-07
314	1.34433242163917e-07
315	1.35805482815971e-07
316	1.45498078917585e-07
317	1.45028905887378e-07
318	1.55677554678006e-07
319	1.47393062594261e-07
320	1.48931932075850e-07
321	1.44590688140595e-07
322	1.36967767205032e-07
323	1.40826803255395e-07
324	1.44777934656776e-07
325	1.46799355785710e-07
326	1.46238884997208e-07
327	1.46388738135762e-07
328	1.47118391453174e-07
329	1.36146947646045e-07
330	1.40324261208744e-07
331	1.37410803162820e-07
332	1.44912282268518e-07
333	1.43462892954498e-07
334	1.42891820633190e-07
335	1.38086806566882e-07
336	1.45142331583930e-07
337	1.34870654913968e-07
338	1.36301892911364e-07
339	1.52338413197976e-07
340	1.45701319120846e-07
341	1.47354510987148e-07
342	1.46533121177683e-07
343	1.33067814355918e-07
344	1.37622380988926e-07
345	1.42315668015274e-07
346	1.52955647343934e-07
347	1.52238570874883e-07
348	1.52891081707075e-07
349	1.41110988223335e-07
350	1.42553429359452e-07
351	1.50500015266886e-07
352	1.47300771062254e-07
353	1.47571581714570e-07
354	1.52109328834366e-07
355	1.51243715581272e-07
356	1.46446032328606e-07
357	1.51427431912368e-07
358	1.57365761083671e-07
359	1.50393127043556e-07
360	1.49844425657209e-07
361	1.52769218555595e-07
362	1.52803161024199e-07
363	1.50559281029868e-07
364	1.55789552094183e-07
365	1.67614872751361e-07
366	1.52058771574811e-07
367	1.47738655381003e-07
368	1.43947887358944e-07
369	1.52518328005287e-07
370	1.51589816103606e-07
371	1.47500182284649e-07
372	1.59863209740581e-07
373	1.52952549108642e-07
374	1.51179051702159e-07
375	1.51356022090413e-07
376	1.42966533270178e-07
377	1.44001947459862e-07
378	1.48723624358019e-07
379	1.48143868282565e-07
380	1.50340696820703e-07
381	1.55175492650975e-07
382	1.53799023412669e-07
383	1.58755616548296e-07
384	1.54058822058721e-07
385	1.52079793283351e-07
386	1.48968250040990e-07
387	1.55771136255546e-07
388	1.49604861370279e-07
389	1.40747073863594e-07
390	1.38972953911582e-07
391	1.30463775919623e-07
392	1.36118011180084e-07
393	1.44075956162153e-07
394	1.41790933732985e-07
395	1.39643064670611e-07
396	1.43623347285516e-07
397	1.48755276915526e-07
398	1.52475420365537e-07
399	1.50331829802254e-07
400	1.55548583529613e-07
401	1.60347557019318e-07
402	1.53346553766961e-07
403	1.44041379661160e-07
404	1.37708121505800e-07
405	1.28477156739914e-07
406	1.37427868930102e-07
407	1.42979123357326e-07
408	1.40386207238239e-07
409	1.43984437170250e-07
410	1.47996095890275e-07
411	1.39994626016246e-07
412	1.42746710584781e-07
413	1.50456216705782e-07
414	1.55362595893302e-07
415	1.48992023308086e-07
416	1.36722427651749e-07
417	1.29781151510020e-07
418	1.30496260800638e-07
419	1.39520646721054e-07
420	1.47041962699703e-07
421	1.50469402836776e-07
422	1.46869828154886e-07
423	1.46640940747247e-07
424	1.53175292020823e-07
425	1.43282952365379e-07
426	1.43786629709869e-07
427	1.57570004084410e-07
428	1.58212760565338e-07
429	1.41556147387742e-07
430	1.40110460484806e-07
431	1.34237000113757e-07
432	1.38739138232417e-07
433	1.36665438639864e-07
434	1.45961759564511e-07
435	1.56578716549508e-07
436	1.57426396803971e-07
437	1.53887054160991e-07
438	1.58407189883893e-07
439	1.60464028487021e-07
440	1.65422352618242e-07
441	1.54215439559909e-07
442	1.53339467522577e-07
443	1.56990458081237e-07
444	1.48832362394188e-07
445	1.37819147647164e-07
446	1.40569657920673e-07
447	1.39084680635909e-07
448	1.42797829093596e-07
449	1.42262508692054e-07
450	1.42647487712075e-07
451	1.49443604438299e-07
452	1.57167526779844e-07
453	1.54920407373868e-07
454	1.53650935870311e-07
455	1.51815317984431e-07
456	1.49142270311012e-07
457	1.52073107026255e-07
458	1.52962087588739e-07
459	1.54527127184349e-07
460	1.51466404043025e-07
461	1.41237598858791e-07
462	1.40147269012729e-07
463	1.39084835231650e-07
464	1.38043932319038e-07
465	1.41349771652934e-07
466	1.52537347871221e-07
467	1.58572646386380e-07
468	1.57860688854998e-07
469	1.52638631531406e-07
470	1.42402489827985e-07
471	1.47687347078785e-07
472	1.49368729232597e-07
473	1.50070274780552e-07
474	1.50945631403784e-07
475	1.48762152614992e-07
476	1.50397793321329e-07
477	1.47620419383194e-07
478	1.49547551796134e-07
479	1.47933507888050e-07
480	1.45069733280317e-07
481	1.53941611925259e-07
482	1.62621038899890e-07
483	1.47479866969807e-07
484	1.40313471637999e-07
485	1.36029340251486e-07
486	1.41547220093107e-07
487	1.43403211789339e-07
488	1.35226905059879e-07
489	1.33496432136375e-07
490	1.38720541503024e-07
491	1.51015641093591e-07
492	1.55939103339443e-07
493	1.63201329017841e-07
494	1.64897133248442e-07
495	1.66761757596615e-07
496	1.62811140730205e-07
497	1.59395289977333e-07
498	1.55908586148150e-07
499	1.48910120079509e-07
