1	1.42621498281975e-08
2	1.72242829878023e-08
3	1.89644405532105e-08
4	2.00879753058340e-08
5	2.07153739191390e-08
6	2.12920145271961e-08
7	2.17922459950555e-08
8	2.18326234973170e-08
9	2.24548818428524e-08
10	2.22621782900842e-08
11	2.27152337109869e-08
12	2.29663285773779e-08
13	2.29795966406802e-08
14	2.27894996765906e-08
15	2.26446468535852e-08
16	2.29262848833211e-08
17	2.32197835899645e-08
18	2.31485509108721e-08
19	2.32966744475246e-08
20	2.31026506150054e-08
21	2.35572895889775e-08
22	2.35532562780795e-08
23	2.35208674723862e-08
24	2.31630367181711e-08
25	2.27757895373299e-08
26	2.32156013994025e-08
27	2.33849044705825e-08
28	2.34641866361090e-08
29	2.36506644484982e-08
30	2.35349876115246e-08
31	2.32723126570793e-08
32	2.39355001222535e-08
33	2.36262326281594e-08
34	2.41180775013511e-08
35	2.41289971131022e-08
36	2.35513114807741e-08
37	2.49564363750656e-08
38	2.44653783028851e-08
39	2.35487893057678e-08
40	2.37555627564997e-08
41	2.40167350318560e-08
42	2.40840267434889e-08
43	2.45884400485508e-08
44	2.31666022456926e-08
45	2.40220184500214e-08
46	2.35356628639558e-08
47	2.42040099669054e-08
48	2.34121151035553e-08
49	2.40805703070085e-08
50	2.35283060821953e-08
51	2.34414278396550e-08
52	2.46584793770009e-08
53	2.42505073532989e-08
54	2.46560879764331e-08
55	2.44135714046966e-08
56	2.37277803270582e-08
57	2.47028159470780e-08
58	2.44483546848137e-08
59	2.51869917719494e-08
60	2.45727943791085e-08
61	2.42842682070506e-08
62	2.45627119236685e-08
63	2.46929728042760e-08
64	2.43935511785888e-08
65	2.48780481560554e-08
66	2.47743681401187e-08
67	2.38834908934102e-08
68	2.53502940477096e-08
69	2.51449436602650e-08
70	2.47907545751737e-08
71	2.48767450607185e-08
72	2.44508986485488e-08
73	2.47584564020907e-08
74	2.54888588217047e-08
75	2.33172744278609e-08
76	2.54908601153009e-08
77	2.42697174843579e-08
78	2.36805920869970e-08
79	2.52987282647571e-08
80	2.46795951092401e-08
81	2.48652561967404e-08
82	2.47336175405595e-08
83	2.55974203343060e-08
84	2.47274955833133e-08
85	2.45595317444887e-08
86	2.55388693210610e-08
87	2.57000328428287e-08
88	2.49237108119043e-08
89	2.46167499188930e-08
90	2.53785315792667e-08
91	2.46810070204643e-08
92	2.50120710102423e-08
93	2.45808084545792e-08
94	2.47504782441113e-08
95	2.58494461688996e-08
96	2.34035704663286e-08
97	2.52106363268319e-08
98	2.50810438649348e-08
99	2.50076001204384e-08
100	2.48284530165506e-08
101	2.42515568532507e-08
102	2.45146747800089e-08
103	2.56112723879387e-08
104	2.56967732709341e-08
105	2.54370290953777e-08
106	2.53807818587915e-08
107	2.46598350451451e-08
108	2.61285013389062e-08
109	2.64101700464011e-08
110	2.42016488850773e-08
111	2.54591759275157e-08
112	2.52948258472545e-08
113	2.55745894222493e-08
114	2.62918670908626e-08
115	2.66650730193113e-08
116	2.52499823577434e-08
117	2.70044682101039e-08
118	2.51193572815080e-08
119	2.40431161771570e-08
120	2.41306817865510e-08
121	2.44417500227122e-08
122	2.58723644687554e-08
123	2.56899754996047e-08
124	2.57681508371130e-08
125	2.58556922019845e-08
126	2.55608273566228e-08
127	2.46090071969390e-08
128	2.54975644106528e-08
129	2.55443218300124e-08
130	2.44187131115408e-08
131	2.42953360832355e-08
132	2.54701610376257e-08
133	2.49516688397456e-08
134	2.42947240018405e-08
135	2.56942323712911e-08
136	2.66440218987121e-08
137	2.56342353434807e-08
138	2.53795269117889e-08
139	2.59068407317099e-08
140	2.56748226209608e-08
141	2.63363517680135e-08
142	2.56582698999206e-08
143	2.53196746467177e-08
144	2.48941953203747e-08
145	2.53081221135128e-08
146	2.48299726285127e-08
147	2.33345342199573e-08
148	2.67061390365580e-08
149	2.47963532307476e-08
150	2.50811742080035e-08
151	2.46199132728005e-08
152	2.58761306912185e-08
153	2.55775739197264e-08
154	2.47937365575001e-08
155	2.60275050883612e-08
156	2.53353028107556e-08
157	2.58819297852370e-08
158	2.55610614028547e-08
159	2.59606433667355e-08
160	2.55798483285583e-08
161	2.52197292282065e-08
162	2.58955019736229e-08
163	2.44041200403180e-08
164	2.59286664642430e-08
165	2.51008466481553e-08
166	2.49223584885031e-08
167	2.51200956023129e-08
168	2.47313087420058e-08
169	2.48861559871688e-08
170	2.60713437532786e-08
171	2.68945413725350e-08
172	2.60094050403316e-08
173	2.58985730131982e-08
174	2.58942187491638e-08
175	2.50099906384100e-08
176	2.58059275015945e-08
177	2.60834178581716e-08
178	2.63474373499668e-08
179	2.57089246359835e-08
180	2.64218159012141e-08
181	2.54088684339924e-08
182	2.52645559303340e-08
183	2.47941744046902e-08
184	2.54445007166790e-08
185	2.59481140665212e-08
186	2.65078513840653e-08
187	2.50443818512997e-08
188	2.38432620763549e-08
189	2.46376003121263e-08
190	2.45369829644247e-08
191	2.56369618574587e-08
192	2.50009879394180e-08
193	2.58763582425905e-08
194	2.61279285820866e-08
195	2.52540466463676e-08
196	2.57967942230812e-08
197	2.64870901901439e-08
198	2.51165813611838e-08
199	2.58529599266952e-08
200	2.60638859994049e-08
201	2.50458190266485e-08
202	2.54278960648650e-08
203	2.63790460552123e-08
204	2.60525901777166e-08
205	2.63298920630530e-08
206	2.74653540352738e-08
207	2.57236943268088e-08
208	2.56015220013253e-08
209	2.48600747132880e-08
210	2.68566177231511e-08
211	2.51218410661137e-08
212	2.60211479320733e-08
213	2.88625615580993e-08
214	2.65946256523090e-08
215	2.47390279130042e-08
216	2.57872391667535e-08
217	2.58111207562331e-08
218	2.77020713078243e-08
219	2.60313936314945e-08
220	2.68190133895979e-08
221	2.63888569390991e-08
222	2.74610373189493e-08
223	2.48090168913370e-08
224	2.53923511899436e-08
225	2.53307647756237e-08
226	2.44313386088943e-08
227	2.48149778231140e-08
228	2.79754665458234e-08
229	2.60701038078925e-08
230	2.80237495197883e-08
231	2.70513095374898e-08
232	2.54784773436799e-08
233	2.41636372885105e-08
234	2.68293412283147e-08
235	2.58957044694715e-08
236	2.63897748271318e-08
237	2.71466984929763e-08
238	2.69693470234291e-08
239	2.74481162402043e-08
240	2.61886269654838e-08
241	2.56231978586242e-08
242	2.50892732413634e-08
243	2.42579396737657e-08
244	2.57542512315017e-08
245	2.57532616081858e-08
246	2.49685856434222e-08
247	2.59303332179217e-08
248	2.72459604855609e-08
249	2.79448658533111e-08
250	2.55397755958714e-08
251	2.54653993489629e-08
252	2.58192761137658e-08
253	2.52288736975069e-08
254	2.70589218998190e-08
255	2.55672504702337e-08
256	2.43391826361622e-08
257	2.59536180543449e-08
258	2.81568544839357e-08
259	2.93607374975303e-08
260	2.60827763191735e-08
261	2.56722407572136e-08
262	2.58134539976127e-08
263	2.80539748325818e-08
264	2.67632978820979e-08
265	2.53848665607645e-08
266	2.62518462250689e-08
267	2.46870933979726e-08
268	2.58033579459436e-08
269	2.80139120653971e-08
270	2.79029677816681e-08
271	2.78541869960999e-08
272	2.85005953585886e-08
273	2.53359958085200e-08
274	2.61669728859414e-08
275	2.56619320810276e-08
276	2.62519743746993e-08
277	2.73292943293290e-08
278	2.66622516143532e-08
279	2.61827770286010e-08
280	2.76407558724146e-08
281	2.90183619423307e-08
282	2.83914173191361e-08
283	2.73872278030555e-08
284	2.73963951885250e-08
285	2.67450898836265e-08
286	2.73040461588495e-08
287	2.65006736068924e-08
288	2.55836759122057e-08
289	2.59926752048562e-08
290	2.69556984575254e-08
291	2.71664133909488e-08
292	2.66252314509385e-08
293	2.54455622082175e-08
294	2.63675611380712e-08
295	2.79445306865170e-08
296	2.78567330709960e-08
297	2.66020457319449e-08
298	2.61824428343762e-08
299	2.79225225648116e-08
300	2.71898495442611e-08
301	2.68575238675556e-08
302	2.50057308374186e-08
303	2.48478613431039e-08
304	2.55074423222179e-08
305	2.52827498840261e-08
306	2.63332083065351e-08
307	2.72424545561706e-08
308	2.76111398181955e-08
309	2.72858898865117e-08
310	2.66976583673250e-08
311	2.68299262056124e-08
312	2.67081283145802e-08
313	2.61496706069569e-08
314	2.68190243513738e-08
315	2.67163088282476e-08
316	2.59467891907799e-08
317	2.58444257843573e-08
318	2.61772844618997e-08
319	2.75228825195034e-08
320	2.66537789820169e-08
321	2.38121280598166e-08
322	2.43569726052158e-08
323	2.69678114285680e-08
324	2.85917820843161e-08
325	2.78989551763940e-08
326	2.85772490831602e-08
327	2.91680436483829e-08
328	2.82851392785611e-08
329	2.72727785529432e-08
330	2.72302778758119e-08
331	2.74252898581519e-08
332	2.73484345985889e-08
333	2.89362141108621e-08
334	2.67598841542920e-08
335	2.64715938091443e-08
336	2.61757233337670e-08
337	2.64867924166515e-08
338	2.55196657920984e-08
339	2.58495352399833e-08
340	2.67827922399421e-08
341	2.61358887197164e-08
342	2.74104427676832e-08
343	2.64827459315001e-08
344	2.65794523294898e-08
345	2.86171747680228e-08
346	2.94044364449598e-08
347	2.83358142478809e-08
348	2.84715424322442e-08
349	2.82456554985694e-08
350	2.82579269832647e-08
351	2.94712952784738e-08
352	2.81034981703290e-08
353	2.78819467718104e-08
354	2.69224339799790e-08
355	2.66009376161340e-08
356	2.53253347503101e-08
357	2.51412548528662e-08
358	2.60670557877100e-08
359	2.77547488466739e-08
360	2.73031369931054e-08
361	2.66036922690787e-08
362	2.68181939988307e-08
363	2.59907097018580e-08
364	2.81173642950867e-08
365	2.75851375627091e-08
366	2.79918284459246e-08
367	2.88501036254669e-08
368	2.81536463024174e-08
369	2.81573603277477e-08
370	2.83445285110563e-08
371	2.82002615585603e-08
372	2.86451081292717e-08
373	2.86346868571014e-08
374	2.91498649678904e-08
375	2.83138866864612e-08
376	2.72737784372040e-08
377	2.47314745369126e-08
378	2.75469432005506e-08
379	2.67841096839715e-08
380	2.52789881791163e-08
381	2.56467293207247e-08
382	2.58882807535708e-08
383	2.89370657477479e-08
384	2.73215194748217e-08
385	2.67807740842917e-08
386	2.64392266360874e-08
387	2.65820140951963e-08
388	2.63101764123490e-08
389	2.53658567970411e-08
390	2.49724151595709e-08
391	2.76564185601712e-08
392	2.82966335178450e-08
393	2.89664053784369e-08
394	3.02741496045404e-08
395	3.01650789049312e-08
396	2.89876319107915e-08
397	2.72005947639514e-08
398	2.70371634206154e-08
399	2.69278172018338e-08
400	2.68033791858433e-08
401	2.82065828333025e-08
402	2.67423086190773e-08
403	2.72788557647450e-08
404	2.79037805559308e-08
405	2.69023980137721e-08
406	2.55111207729113e-08
407	2.60730646039072e-08
408	2.61772009436485e-08
409	2.52303570650810e-08
410	2.37295093070703e-08
411	2.47115304907957e-08
412	2.51971015970484e-08
413	2.59028282177315e-08
414	2.67303391733247e-08
415	2.66743145767482e-08
416	2.74768987662084e-08
417	2.68604510725313e-08
418	2.72539071459407e-08
419	2.75703658752162e-08
420	2.73131383759473e-08
421	2.63783730729170e-08
422	2.68844160726085e-08
423	2.76484020938929e-08
424	2.64601569408612e-08
425	2.76697851014715e-08
426	3.01955279926801e-08
427	2.89099683705428e-08
428	2.96968100226119e-08
429	2.75223692285107e-08
430	2.54846574722967e-08
431	2.47086856444670e-08
432	2.57098701066881e-08
433	2.58701024554487e-08
434	2.69871533971249e-08
435	2.73475128728141e-08
436	2.73952159057792e-08
437	2.57570706752109e-08
438	2.61548047048123e-08
439	2.66325596250891e-08
440	2.58311495292531e-08
441	2.54190480873866e-08
442	2.54249345621788e-08
443	2.66757910780644e-08
444	2.84559821707084e-08
445	2.72435542134271e-08
446	2.64718631393142e-08
447	2.78171707559371e-08
448	2.85081365658684e-08
449	2.99034995249115e-08
450	2.90231749330714e-08
451	2.69990372907319e-08
452	2.72150288410459e-08
453	2.64600282023161e-08
454	2.65536686241931e-08
455	2.74290601759709e-08
456	2.93388402374315e-08
457	3.03914555673281e-08
458	2.90437184143459e-08
459	3.10638798423187e-08
460	3.19334807287407e-08
461	3.15028510814062e-08
462	2.99274382361101e-08
463	2.82329472160297e-08
464	2.79229164710450e-08
465	2.87252291493755e-08
466	2.78158126023232e-08
467	2.72259927498485e-08
468	2.79069437111343e-08
469	2.56272221723357e-08
470	2.62387265224296e-08
471	2.58475977384553e-08
472	2.52539774062368e-08
473	2.69062720333143e-08
474	2.75583589807778e-08
475	2.81452510628116e-08
476	2.76418132188174e-08
477	2.95470466324127e-08
478	2.87786280614294e-08
479	2.94478924308136e-08
480	2.79442402992733e-08
481	2.74118491022932e-08
482	2.68197541052765e-08
483	2.79074379818461e-08
484	2.78320941138478e-08
485	2.83362973216984e-08
486	2.72931649483412e-08
487	2.67028087011257e-08
488	2.66308174405218e-08
489	2.74053087334364e-08
490	2.80641112313845e-08
491	2.78275338395092e-08
492	2.68700589799105e-08
493	2.76527004071754e-08
494	2.82806965658569e-08
495	2.78976081255831e-08
496	2.84279729408560e-08
497	3.08108913127314e-08
498	3.02719292138182e-08
499	3.13022182369030e-08
