1	3.10949293290400e-04
2	4.28228389408725e-04
3	5.14029334609504e-04
4	5.82691714280524e-04
5	6.40011982379216e-04
6	6.90152610559453e-04
7	7.32503260444401e-04
8	7.70102065107191e-04
9	8.04324524099942e-04
10	8.39395471204099e-04
11	8.64830968739859e-04
12	8.88895958361196e-04
13	9.13476382976481e-04
14	9.37256158933640e-04
15	9.58342221651314e-04
16	9.71143532473296e-04
17	9.87553889531542e-04
18	9.99213508436876e-04
19	1.01104628240635e-03
20	1.03851494021795e-03
21	1.04582742777839e-03
22	1.04260185121345e-03
23	1.07240952937634e-03
24	1.07520006257274e-03
25	1.09317613290122e-03
26	1.09770971217723e-03
27	1.08751749079388e-03
28	1.11672338814004e-03
29	1.09781470847113e-03
30	1.13379359950936e-03
31	1.13668163910083e-03
32	1.13585207348027e-03
33	1.11895245267507e-03
34	1.15826244085712e-03
35	1.14537551964348e-03
36	1.15809506707051e-03
37	1.14802348062463e-03
38	1.14401888665379e-03
39	1.17929394124587e-03
40	1.17605714427990e-03
41	1.15254727816166e-03
42	1.17268919757372e-03
43	1.15099655094755e-03
44	1.14357131289578e-03
45	1.16208478879867e-03
46	1.16558791998157e-03
47	1.17924074871646e-03
48	1.17114542129362e-03
49	1.22840016202742e-03
50	1.20037073939252e-03
51	1.16778151647103e-03
52	1.16982050620756e-03
53	1.22266552842554e-03
54	1.21578212695242e-03
55	1.20089041200857e-03
56	1.21202818676719e-03
57	1.20254139956122e-03
58	1.21905026181370e-03
59	1.17861720776030e-03
60	1.16437369176287e-03
61	1.17568349723999e-03
62	1.22182897520221e-03
63	1.15429079770058e-03
64	1.21196130794630e-03
65	1.16750770117079e-03
66	1.17465390616190e-03
67	1.16844327110084e-03
68	1.23275857186180e-03
69	1.21523203742445e-03
70	1.21186501307673e-03
71	1.19641509696943e-03
72	1.18527857141812e-03
73	1.22393748940240e-03
74	1.24370045221403e-03
75	1.19294415295551e-03
76	1.19087774782928e-03
77	1.16837698847367e-03
78	1.17380965206188e-03
79	1.19222663203381e-03
80	1.24723391804569e-03
81	1.20830284327259e-03
82	1.20541093125975e-03
83	1.20500649304564e-03
84	1.24723565442792e-03
85	1.22501434365945e-03
86	1.23337219765732e-03
87	1.21445177670432e-03
88	1.19787500157862e-03
89	1.13461242389335e-03
90	1.17314242708054e-03
91	1.19472354964897e-03
92	1.12484324238802e-03
93	1.16169566961863e-03
94	1.18911282116372e-03
95	1.23832500234049e-03
96	1.18047672498671e-03
97	1.20796893841447e-03
98	1.24124291286599e-03
99	1.22279730902099e-03
100	1.19855691883176e-03
101	1.22275592380818e-03
102	1.19171276277350e-03
103	1.22444415703940e-03
104	1.17045988738273e-03
105	1.17867766497906e-03
106	1.26637901050179e-03
107	1.18289324180128e-03
108	1.21962653753459e-03
109	1.16593445538089e-03
110	1.07474951430833e-03
111	1.16042887768399e-03
112	1.23412439334205e-03
113	1.15561305142354e-03
114	1.20556799451409e-03
115	1.17828492081009e-03
116	1.21018732585692e-03
117	1.19997830028240e-03
118	1.21505160583751e-03
119	1.16570462749616e-03
120	1.14551681584504e-03
121	1.19408195124373e-03
122	1.20724831411706e-03
123	1.17990136354416e-03
124	1.18481056823474e-03
125	1.15812743535603e-03
126	1.13334173937603e-03
127	1.21550587755215e-03
128	1.19985048668666e-03
129	1.19341053540953e-03
130	1.12363719302851e-03
131	1.18996931524158e-03
132	1.14983341336968e-03
133	1.15271016168948e-03
134	1.17583986198674e-03
135	1.15830674677370e-03
136	1.23401893361463e-03
137	1.11764064509732e-03
138	1.19195784105846e-03
139	1.20567502927099e-03
140	1.15044932863687e-03
141	1.20951987435410e-03
142	1.14397386614951e-03
143	1.16399681741983e-03
144	1.06603777232168e-03
145	1.21142065914028e-03
146	1.23808964872846e-03
147	1.19009909439577e-03
148	1.14844635064449e-03
149	1.19227734162616e-03
150	1.14582985962831e-03
151	1.14204994759660e-03
152	1.21944833550205e-03
153	1.16949861609109e-03
154	1.11860008711466e-03
155	1.13556162014223e-03
156	1.10802109313606e-03
157	1.20015074091251e-03
158	1.13528672869660e-03
159	1.16941805138619e-03
160	1.25206980929468e-03
161	1.20887123787328e-03
162	1.17345832976423e-03
163	1.22792589802958e-03
164	1.09125596168420e-03
165	1.25657816631166e-03
166	1.15646197434614e-03
167	1.12479367410673e-03
168	1.19601807620812e-03
169	1.19385898719925e-03
170	1.09280742191669e-03
171	1.15724108211548e-03
172	1.25267098593207e-03
173	1.16613011975224e-03
174	1.20985999974744e-03
175	1.13365728675538e-03
176	1.14977607646637e-03
177	1.16001589853735e-03
178	1.11116931907971e-03
179	1.19219284523663e-03
180	1.09068017045675e-03
181	1.20938691082707e-03
182	1.08914913959242e-03
183	1.11277258760196e-03
184	1.10849856645709e-03
185	1.13096863600079e-03
186	1.10391963491021e-03
187	1.02639469122074e-03
188	1.16748703564596e-03
189	1.12758685529482e-03
190	1.11570232768919e-03
191	1.07511568483633e-03
192	1.18699015891044e-03
193	1.17300266598216e-03
194	1.10251539542971e-03
195	1.01681773025852e-03
196	1.13805665433674e-03
197	1.08197018118595e-03
198	1.12424857421788e-03
199	1.09947774107878e-03
200	1.07946644397082e-03
201	1.05496083928137e-03
202	1.12427202846015e-03
203	1.10366081652766e-03
204	1.12955222195045e-03
205	1.17187742607525e-03
206	1.15075123582489e-03
207	1.12332532583133e-03
208	1.09382867919498e-03
209	1.10095527921072e-03
210	1.17229754404504e-03
211	9.95346036855073e-04
212	1.02172532604509e-03
213	1.19825520916246e-03
214	1.13878544265986e-03
215	1.07228462728498e-03
216	1.13247066548447e-03
217	1.10234779881339e-03
218	1.13808853595759e-03
219	1.19372579695529e-03
220	1.10303372465687e-03
221	1.16715337111401e-03
222	9.61670296361309e-04
223	1.09310600254906e-03
224	1.20496203430155e-03
225	1.11841208292651e-03
226	1.06524881396945e-03
227	1.04754616935875e-03
228	1.07552838539909e-03
229	1.13349047358096e-03
230	1.06013206671078e-03
231	1.12542826529217e-03
232	1.21649989659793e-03
233	1.15279310077517e-03
234	1.04839423957858e-03
235	1.06451837438544e-03
236	1.16116804397002e-03
237	1.12957702004946e-03
238	9.90288582079478e-04
239	1.03017245716856e-03
240	1.05262766922697e-03
241	1.16728357081975e-03
242	1.23561856222455e-03
243	1.15309688901955e-03
244	1.07936059083226e-03
245	1.13159781566386e-03
246	1.09066079553842e-03
247	1.02497350456628e-03
248	1.08992150410095e-03
249	1.20009990091652e-03
250	1.16205039157033e-03
251	1.11251800671762e-03
252	1.11120090089079e-03
253	1.07859691011066e-03
254	1.12331532878788e-03
255	1.13711310494353e-03
256	1.26820556334829e-03
257	1.26730303695915e-03
258	1.12521078437371e-03
259	1.00701873300774e-03
260	1.05809346028434e-03
261	1.20172502358275e-03
262	1.16199354115239e-03
263	1.14244318169317e-03
264	1.09400140923981e-03
265	1.08191935822883e-03
266	1.17775264909223e-03
267	1.18172902700250e-03
268	1.19552089557225e-03
269	1.15739492582384e-03
270	1.10149989980481e-03
271	1.15807050933328e-03
272	1.17410441724551e-03
273	1.19923634249998e-03
274	1.05638851048282e-03
275	1.02903834749473e-03
276	1.04439699279852e-03
277	1.16581193980368e-03
278	1.11732305334970e-03
279	1.12487697804348e-03
280	1.08788713855373e-03
281	1.08942209458643e-03
282	1.09299977551574e-03
283	1.15417476544804e-03
284	1.26390410074516e-03
285	1.36440968035694e-03
286	1.23095344038843e-03
287	1.10404690249733e-03
288	1.02374294457843e-03
289	1.16098896763219e-03
290	1.15754985265057e-03
291	1.10472515687543e-03
292	1.11719757334310e-03
293	1.05390037971849e-03
294	1.21528712654904e-03
295	1.18933888053293e-03
296	1.19381711128826e-03
297	1.12739630500613e-03
298	1.15240496707661e-03
299	1.15264238900508e-03
300	1.12324593828800e-03
301	1.06988611439779e-03
302	1.11246022518946e-03
303	1.18987583511518e-03
304	1.21211578831548e-03
305	1.17226070452378e-03
306	1.15996972821447e-03
307	1.08795610221519e-03
308	1.11304496384538e-03
309	1.15754384678635e-03
310	1.09807206696741e-03
311	1.12331972267032e-03
312	1.15245050657027e-03
313	1.13825953219447e-03
314	1.19711913094625e-03
315	1.14844720451724e-03
316	1.12611015374085e-03
317	1.05944974825314e-03
318	1.08685701092996e-03
319	1.13477093423341e-03
320	1.24877050174541e-03
321	1.17626768203457e-03
322	1.15622749066585e-03
323	1.06289223622613e-03
324	1.16498506320517e-03
325	1.13677780512840e-03
326	1.05427645829950e-03
327	1.07018004554781e-03
328	1.08557777439036e-03
329	1.13072452728190e-03
330	1.17624550684435e-03
331	1.21478239342015e-03
332	1.12913784974121e-03
333	1.00684933371847e-03
334	9.83990337274484e-04
335	9.98689020068780e-04
336	1.08182381950245e-03
337	1.14680899012971e-03
338	1.19143287710584e-03
339	1.14045167408681e-03
340	1.01278491310918e-03
341	8.93862183115566e-04
342	9.78190992702714e-04
343	1.11103208678492e-03
344	1.13615599920583e-03
345	1.17874701234850e-03
346	1.19165386161564e-03
347	1.16999960383314e-03
348	1.26198643230053e-03
349	1.19388785302556e-03
350	1.06585278088190e-03
351	1.00193296818517e-03
352	8.56684062894446e-04
353	9.81496700377784e-04
354	9.95714308820701e-04
355	1.06322371560420e-03
356	1.04877911671724e-03
357	1.04727073118136e-03
358	1.15239418805748e-03
359	1.08855211531836e-03
360	9.91008578846102e-04
361	1.08974077022483e-03
362	1.12200753058054e-03
363	1.14268656253391e-03
364	1.00484037221480e-03
365	9.92902496441986e-04
366	9.62460185982652e-04
367	9.75711394335802e-04
368	1.03699746416276e-03
369	1.02702072634679e-03
370	1.01271161959205e-03
371	9.76105078774337e-04
372	9.89352443925511e-04
373	9.78514752939018e-04
374	9.90056264809678e-04
375	1.05239210246445e-03
376	1.09614250026247e-03
377	1.11150919377005e-03
378	1.13356327728191e-03
379	1.17321347704043e-03
380	1.13304549057769e-03
381	1.03029450433572e-03
382	9.74142062631386e-04
383	9.61331712680957e-04
384	9.18026223698462e-04
385	8.82275400502795e-04
386	9.53590556333884e-04
387	9.00192576969713e-04
388	1.01608497773914e-03
389	9.22984920529694e-04
390	9.90910443871205e-04
391	1.08026096223825e-03
392	1.10387108252115e-03
393	9.81412010600708e-04
394	9.68712565983770e-04
395	9.93049169807168e-04
396	9.81732658227997e-04
397	1.03476463723047e-03
398	9.90069992471822e-04
399	9.90938327812260e-04
400	9.29181906635077e-04
401	9.30126429121842e-04
402	9.18486247581314e-04
403	9.90795978902270e-04
404	9.02031528452081e-04
405	9.41251631051218e-04
406	9.49368710835202e-04
407	9.45550839011729e-04
408	1.03144582054452e-03
409	1.08334730949913e-03
410	1.09695733437095e-03
411	1.03302131133566e-03
412	1.01116465996336e-03
413	1.03934532068984e-03
414	1.12379558810410e-03
415	1.11261231583848e-03
416	1.15242853773587e-03
417	1.05434461688754e-03
418	1.01767253759073e-03
419	1.01461172388642e-03
420	9.65072440616676e-04
421	9.57084839712428e-04
422	9.03322148830863e-04
423	8.35468418385943e-04
424	7.85318940472179e-04
425	8.70630709195973e-04
426	9.33728338818903e-04
427	9.45906416771055e-04
428	9.78600819800306e-04
429	9.93476890750633e-04
430	1.01559155425030e-03
431	9.89347841297128e-04
432	9.65063585787757e-04
433	9.68059843718215e-04
434	1.00663548788113e-03
435	9.77314567699969e-04
436	1.02330022388496e-03
437	9.95274867864578e-04
438	1.06625263415385e-03
439	9.92470794112638e-04
440	9.47862139596868e-04
441	9.80035928075128e-04
442	9.76996085882811e-04
443	9.32912241487156e-04
444	9.18692394998793e-04
445	9.14548589611862e-04
446	8.98351213818164e-04
447	1.03795314503749e-03
448	1.12071892938806e-03
449	1.04397430393468e-03
450	9.64397367965302e-04
451	9.29330044124420e-04
452	9.67161317540314e-04
453	9.61437849514605e-04
454	9.76675011117730e-04
455	9.23386297922726e-04
456	8.99826515953094e-04
457	8.70592994105216e-04
458	8.99327509721407e-04
459	8.69825864530335e-04
460	8.74155295105288e-04
461	9.63525212736786e-04
462	9.59413592399340e-04
463	1.08386831396923e-03
464	1.13689961574695e-03
465	1.05717390962802e-03
466	9.93070142415933e-04
467	9.65316962060964e-04
468	1.01120583112155e-03
469	9.03806203933512e-04
470	9.07366716857557e-04
471	8.80168810014065e-04
472	8.88185715997037e-04
473	7.99822094258078e-04
474	8.44619801652917e-04
475	9.00089194906846e-04
476	8.55110769196243e-04
477	9.37492655633404e-04
478	1.00636396264291e-03
479	1.09850879418535e-03
480	1.09288114148755e-03
481	1.07768214563674e-03
482	1.06527974016901e-03
483	1.03098509736141e-03
484	1.01575455752768e-03
485	9.50219009894115e-04
486	8.84758141473557e-04
487	8.61110644038907e-04
488	8.58730999162548e-04
489	8.45268204226444e-04
490	8.55220956607728e-04
491	8.84446539633483e-04
492	8.46470372689376e-04
493	8.96676589572817e-04
494	9.55407880449629e-04
495	1.01657845894826e-03
496	1.07875290698347e-03
497	1.09513378027988e-03
498	1.07361371193492e-03
499	1.02842028564204e-03
