1	9.25712386591489e-05
2	1.02818166336388e-04
3	1.07479788742819e-04
4	1.12149219937325e-04
5	1.14054832797382e-04
6	1.15003509737684e-04
7	1.17238181383910e-04
8	1.19369131018448e-04
9	1.20195903427963e-04
10	1.20716265034477e-04
11	1.22657733949499e-04
12	1.23918111187673e-04
13	1.25546313008976e-04
14	1.26635083548091e-04
15	1.26552296148265e-04
16	1.28228568405016e-04
17	1.28308097543763e-04
18	1.30884008037043e-04
19	1.32070775957313e-04
20	1.32233841783221e-04
21	1.33146536659476e-04
22	1.33810430590091e-04
23	1.36587355067668e-04
24	1.36525203698029e-04
25	1.36865433628025e-04
26	1.39693061464609e-04
27	1.39761706437396e-04
28	1.42588771907900e-04
29	1.42202048787286e-04
30	1.41378708328267e-04
31	1.43718690594160e-04
32	1.45912541573573e-04
33	1.46428051830483e-04
34	1.45918944959310e-04
35	1.48995384992462e-04
36	1.48592604540254e-04
37	1.48482390127308e-04
38	1.50577229164683e-04
39	1.52284126076862e-04
40	1.52341658618053e-04
41	1.54205576196875e-04
42	1.54115228722433e-04
43	1.54958471545289e-04
44	1.55758495385278e-04
45	1.55873698873475e-04
46	1.57739871073836e-04
47	1.57635550867327e-04
48	1.57866276723122e-04
49	1.60522226115100e-04
50	1.60124894908242e-04
51	1.62193908511053e-04
52	1.67202393088228e-04
53	1.62576296831927e-04
54	1.64863847676732e-04
55	1.64135788793030e-04
56	1.67980894058859e-04
57	1.65683021367035e-04
58	1.68754699441808e-04
59	1.70536321479070e-04
60	1.66658433219856e-04
61	1.69656947753960e-04
62	1.71022942039904e-04
63	1.72067211008567e-04
64	1.73338478186706e-04
65	1.72503185879763e-04
66	1.74815701847684e-04
67	1.76865034066681e-04
68	1.76968550458689e-04
69	1.77135646683529e-04
70	1.77380356017048e-04
71	1.80505853673402e-04
72	1.80007959658710e-04
73	1.81170331547189e-04
74	1.80787753612255e-04
75	1.82025127233926e-04
76	1.82943485648597e-04
77	1.85105220627368e-04
78	1.84328969726827e-04
79	1.84753444748012e-04
80	1.84129713180683e-04
81	1.87460133673443e-04
82	1.88767049423170e-04
83	1.88602389317837e-04
84	1.88900668218678e-04
85	1.89346016606986e-04
86	1.89154416962778e-04
87	1.91397051227784e-04
88	1.91187191096879e-04
89	1.90712308792723e-04
90	1.92463144842660e-04
91	1.96522100834783e-04
92	1.94653642008555e-04
93	1.97286416435544e-04
94	1.97099174376975e-04
95	1.96434071586108e-04
96	1.96033101897236e-04
97	1.99962791846933e-04
98	1.99876270127132e-04
99	1.99188403488973e-04
100	2.01416535601597e-04
101	2.02445002637877e-04
102	2.02171526737283e-04
103	2.02804890172621e-04
104	2.05650150915170e-04
105	2.04182213804875e-04
106	2.02162869574630e-04
107	2.06003123435063e-04
108	2.07630046370419e-04
109	2.08053590641306e-04
110	2.06647623677378e-04
111	2.08130134260805e-04
112	2.10403308623404e-04
113	2.11687511390311e-04
114	2.08718511714503e-04
115	2.08696654887594e-04
116	2.11489986690675e-04
117	2.12756799245094e-04
118	2.13953232566129e-04
119	2.15852690384965e-04
120	2.12326742042296e-04
121	2.15208299572804e-04
122	2.15513060710460e-04
123	2.17868486506134e-04
124	2.17957462704839e-04
125	2.19408567770122e-04
126	2.19932856589405e-04
127	2.20897121828795e-04
128	2.21831960713136e-04
129	2.19917634478910e-04
130	2.19729827994818e-04
131	2.21563645155878e-04
132	2.20843916319724e-04
133	2.21684108347388e-04
134	2.25046452785794e-04
135	2.20811124399516e-04
136	2.22330430867542e-04
137	2.27595568660807e-04
138	2.25655384857997e-04
139	2.26710077399942e-04
140	2.26711961708902e-04
141	2.28767930672949e-04
142	2.29655562890549e-04
143	2.34034567262752e-04
144	2.31271752511180e-04
145	2.31976680143256e-04
146	2.31522474094989e-04
147	2.30871820573117e-04
148	2.33056898350232e-04
149	2.30987832425632e-04
150	2.31877830887635e-04
151	2.32474637982914e-04
152	2.33077138596125e-04
153	2.35357445502762e-04
154	2.35189678929938e-04
155	2.33583049336597e-04
156	2.35993226737889e-04
157	2.38021636344207e-04
158	2.37211636389696e-04
159	2.39083282964416e-04
160	2.39245148666222e-04
161	2.42179625285873e-04
162	2.41495556000506e-04
163	2.42477792548233e-04
164	2.46142165958657e-04
165	2.43358952138051e-04
166	2.45561131695652e-04
167	2.45896499938028e-04
168	2.46439968887731e-04
169	2.45277390697754e-04
170	2.46458041468285e-04
171	2.44336636940153e-04
172	2.47674211362234e-04
173	2.47125906700710e-04
174	2.47926302841273e-04
175	2.47435569844037e-04
176	2.46903673535037e-04
177	2.47166569131496e-04
178	2.47273726964164e-04
179	2.47191434940789e-04
180	2.47285627866424e-04
181	2.48166336076634e-04
182	2.49413433758512e-04
183	2.49041722648086e-04
184	2.51052016110658e-04
185	2.52255727264201e-04
186	2.52566564934493e-04
187	2.52220835662922e-04
188	2.55547034780295e-04
189	2.53715642865872e-04
190	2.55725723672207e-04
191	2.57767314249446e-04
192	2.57274264573360e-04
193	2.58370054518219e-04
194	2.60196099374404e-04
195	2.60637539635092e-04
196	2.62745336705746e-04
197	2.63435144850857e-04
198	2.63641711712123e-04
199	2.66093137377454e-04
200	2.65151475109045e-04
201	2.66366738658397e-04
202	2.67151018439271e-04
203	2.64007959072285e-04
204	2.64720540974088e-04
205	2.63597719352861e-04
206	2.62990872238623e-04
207	2.64662202699559e-04
208	2.65795950785274e-04
209	2.64892351682492e-04
210	2.66635330557747e-04
211	2.66332095756866e-04
212	2.67501646012921e-04
213	2.67815826527681e-04
214	2.67721906144656e-04
215	2.67951142056197e-04
216	2.67064040291877e-04
217	2.66608299859055e-04
218	2.69558471609434e-04
219	2.69129766983013e-04
220	2.66730791448169e-04
221	2.68700138611580e-04
222	2.69532295874497e-04
223	2.68977122883588e-04
224	2.68968736997965e-04
225	2.73114320613493e-04
226	2.71213368545282e-04
227	2.74162816560083e-04
228	2.74347876640247e-04
229	2.75127996634323e-04
230	2.76038509935561e-04
231	2.74683439636260e-04
232	2.75723778802125e-04
233	2.77118301794255e-04
234	2.77470889224472e-04
235	2.79961594096967e-04
236	2.81550742253276e-04
237	2.80275158206886e-04
238	2.82894347421195e-04
239	2.79112369173809e-04
240	2.82515250096565e-04
241	2.83736861430367e-04
242	2.83450154337649e-04
243	2.85219414499526e-04
244	2.86714661800052e-04
245	2.88087910010645e-04
246	2.86513990651889e-04
247	2.88254117401711e-04
248	2.89909487666598e-04
249	2.91834903140909e-04
250	2.91136466879156e-04
251	2.90089532564307e-04
252	2.92337133522542e-04
253	2.92392265653742e-04
254	2.93051946179565e-04
255	2.90442945027799e-04
256	2.91346804612691e-04
257	2.92913925418274e-04
258	2.93200225804229e-04
259	2.90204046135504e-04
260	2.90967086117205e-04
261	2.90437604288636e-04
262	2.95280561914943e-04
263	2.90960101813029e-04
264	2.93083708147310e-04
265	2.91445012285561e-04
266	2.92398593721890e-04
267	2.93211581885872e-04
268	2.90871244496997e-04
269	2.95393263089060e-04
270	2.90214118137138e-04
271	2.94341997808995e-04
272	2.94561588344033e-04
273	2.94640046580000e-04
274	2.94536504978398e-04
275	2.95570365140237e-04
276	2.93168998506119e-04
277	2.95662013354535e-04
278	2.98413105955901e-04
279	2.99479118789169e-04
280	2.94643514485048e-04
281	2.97203859688690e-04
282	2.99729264253984e-04
283	2.98481572809205e-04
284	2.96757569119295e-04
285	3.00356124888850e-04
286	3.00714912174405e-04
287	3.02281701684548e-04
288	3.02728295892985e-04
289	3.01962764221323e-04
290	3.01966554531687e-04
291	3.02284074145511e-04
292	3.02301899298134e-04
293	3.03764740498276e-04
294	3.02480737466190e-04
295	3.04129750406175e-04
296	3.04736150612535e-04
297	3.04531251661730e-04
298	3.04691440375624e-04
299	3.04616399934908e-04
300	3.04628695861686e-04
301	3.06094088967120e-04
302	3.08974376304584e-04
303	3.07750843687654e-04
304	3.09406825136688e-04
305	3.10307738518834e-04
306	3.10648510557876e-04
307	3.10572813118896e-04
308	3.11817839312758e-04
309	3.13733513521415e-04
310	3.14738267841173e-04
311	3.14566061194721e-04
312	3.14590437262870e-04
313	3.16402887814339e-04
314	3.16987742773762e-04
315	3.16713412462149e-04
316	3.15534500713620e-04
317	3.19003864513067e-04
318	3.18654670630679e-04
319	3.20904612815700e-04
320	3.17490344094452e-04
321	3.22318148425390e-04
322	3.21437554669613e-04
323	3.22780608671450e-04
324	3.24458618896830e-04
325	3.25241587553516e-04
326	3.26682221977507e-04
327	3.26486874585686e-04
328	3.27700637284987e-04
329	3.29533185127786e-04
330	3.28023850264822e-04
331	3.27121162571713e-04
332	3.30582847521819e-04
333	3.30063056401012e-04
334	3.34579751031533e-04
335	3.32095993580302e-04
336	3.32581166847735e-04
337	3.30649293049124e-04
338	3.30871123962703e-04
339	3.32225196597971e-04
340	3.31127383452561e-04
341	3.32507084777393e-04
342	3.27460358185724e-04
343	3.30773990570867e-04
344	3.31216948687732e-04
345	3.30548584385237e-04
346	3.32434984546034e-04
347	3.30847864978535e-04
348	3.32049605771318e-04
349	3.30450282826612e-04
350	3.33743313642292e-04
351	3.32904114473181e-04
352	3.30893932619011e-04
353	3.32647574258159e-04
354	3.31641789333523e-04
355	3.33502157977938e-04
356	3.33066520453992e-04
357	3.32072680524465e-04
358	3.31618348464248e-04
359	3.31899110895140e-04
360	3.31446573701220e-04
361	3.32518625402543e-04
362	3.31558971858860e-04
363	3.31716274174376e-04
364	3.32594856305678e-04
365	3.34189930325484e-04
366	3.32630024124698e-04
367	3.31846171563727e-04
368	3.35637280793322e-04
369	3.35784855431778e-04
370	3.34545434070769e-04
371	3.36080233150027e-04
372	3.35038040590231e-04
373	3.33555213731801e-04
374	3.35142509035210e-04
375	3.37442364461325e-04
376	3.36639313138186e-04
377	3.37099230212881e-04
378	3.35542564034857e-04
379	3.36641486541261e-04
380	3.37492872375910e-04
381	3.36648168431814e-04
382	3.38600706690885e-04
383	3.39680335140735e-04
384	3.40541368214421e-04
385	3.40336249549368e-04
386	3.41205846923302e-04
387	3.40919801288787e-04
388	3.41645861918742e-04
389	3.39648361149716e-04
390	3.41100561168410e-04
391	3.42623872650214e-04
392	3.40886631611013e-04
393	3.38820915196678e-04
394	3.41213583763783e-04
395	3.42722295291889e-04
396	3.41188666487339e-04
397	3.41150643122613e-04
398	3.43353951236775e-04
399	3.41593551540132e-04
400	3.41877277147808e-04
401	3.42801202825962e-04
402	3.44183953976297e-04
403	3.44212880852620e-04
404	3.44697757121066e-04
405	3.42477719602128e-04
406	3.44504717985019e-04
407	3.46153069175040e-04
408	3.44482088431861e-04
409	3.44364866330154e-04
410	3.47257553067533e-04
411	3.48437963360193e-04
412	3.48697160168959e-04
413	3.49666214566274e-04
414	3.50632733624242e-04
415	3.48376479172097e-04
416	3.49574174492127e-04
417	3.51673658960764e-04
418	3.49953535845304e-04
419	3.50387353175982e-04
420	3.49601008796083e-04
421	3.52974434463556e-04
422	3.53816580093174e-04
423	3.52812907865985e-04
424	3.55308387037791e-04
425	3.55650377089197e-04
426	3.54205538969143e-04
427	3.53942502853422e-04
428	3.55629090491910e-04
429	3.56856240583195e-04
430	3.57214748706192e-04
431	3.54337378647405e-04
432	3.55774045416735e-04
433	3.57415064746184e-04
434	3.57671095352846e-04
435	3.61229102953237e-04
436	3.60714780391833e-04
437	3.58930896158723e-04
438	3.59458443030107e-04
439	3.62532208959572e-04
440	3.58687827849601e-04
441	3.59760642257668e-04
442	3.57974558943526e-04
443	3.62866111752995e-04
444	3.62296216450988e-04
445	3.64187687863407e-04
446	3.62342941929746e-04
447	3.65914624743436e-04
448	3.64294359723244e-04
449	3.65378517695373e-04
450	3.64612095206214e-04
451	3.68684313830958e-04
452	3.66619171079930e-04
453	3.67567735163495e-04
454	3.67891853090997e-04
455	3.72082271930274e-04
456	3.71834877049086e-04
457	3.70200674979766e-04
458	3.70173254515796e-04
459	3.72057129481245e-04
460	3.72658859589110e-04
461	3.72527527723425e-04
462	3.71569601041716e-04
463	3.75197316383399e-04
464	3.74420275532234e-04
465	3.74715387607956e-04
466	3.74689245812038e-04
467	3.74385855171944e-04
468	3.76696196842665e-04
469	3.78877590347376e-04
470	3.79788886727925e-04
471	3.77865355123783e-04
472	3.81767303690623e-04
473	3.80462487934098e-04
474	3.80567512443574e-04
475	3.80426347971656e-04
476	3.81863042728434e-04
477	3.84929837107828e-04
478	3.84071092060453e-04
479	3.85104000678022e-04
480	3.84638035367144e-04
481	3.87709566276722e-04
482	3.86217311565433e-04
483	3.87473075746819e-04
484	3.85606175704010e-04
485	3.85539510789263e-04
486	3.90385641604388e-04
487	3.89812537322776e-04
488	3.89859659421427e-04
489	3.88961866609509e-04
490	3.90087728361673e-04
491	3.94119394986306e-04
492	3.94520493272713e-04
493	3.94458676345214e-04
494	3.95255886108684e-04
495	3.94779834276195e-04
496	3.98816415015824e-04
497	3.98459874197042e-04
498	3.99521837867815e-04
499	3.98475245410213e-04
