1	4.58876625575090e-04
2	6.41712886264845e-04
3	7.79532024769346e-04
4	8.92843031667217e-04
5	9.91783588841783e-04
6	1.07863629712803e-03
7	1.15729030074037e-03
8	1.22855171115970e-03
9	1.29394349198707e-03
10	1.35728453641519e-03
11	1.41592963516284e-03
12	1.46682435591777e-03
13	1.51562024039773e-03
14	1.56246196525106e-03
15	1.61465285584998e-03
16	1.65151036623658e-03
17	1.68820593790443e-03
18	1.73338882265598e-03
19	1.77093532772180e-03
20	1.80449598037336e-03
21	1.84501566492310e-03
22	1.86982844851928e-03
23	1.90384833060796e-03
24	1.92867476001608e-03
25	1.96735565876623e-03
26	2.00167277304794e-03
27	2.01775002107682e-03
28	2.04148983457245e-03
29	2.08104269924707e-03
30	2.08920791137304e-03
31	2.12071844628518e-03
32	2.14472912424245e-03
33	2.16828579535707e-03
34	2.18664204922494e-03
35	2.20017956980426e-03
36	2.24956907436670e-03
37	2.24273530547585e-03
38	2.25534728701902e-03
39	2.28220271068229e-03
40	2.30555299725840e-03
41	2.31447311814621e-03
42	2.33084007481353e-03
43	2.33424286952861e-03
44	2.34490794502790e-03
45	2.37846005452035e-03
46	2.41149463414806e-03
47	2.40020842602132e-03
48	2.38709446141471e-03
49	2.39701209183134e-03
50	2.45993932696702e-03
51	2.49908334836033e-03
52	2.49222494961786e-03
53	2.47889653770426e-03
54	2.45932676137217e-03
55	2.47153148405437e-03
56	2.52477869728152e-03
57	2.56562729323402e-03
58	2.52538797300936e-03
59	2.56159915939865e-03
60	2.56153406724907e-03
61	2.53995670768535e-03
62	2.59282100209448e-03
63	2.56825930253932e-03
64	2.59731813358035e-03
65	2.63530899493188e-03
66	2.60142147738006e-03
67	2.67938498097564e-03
68	2.65232201338455e-03
69	2.69872916211024e-03
70	2.67529500947014e-03
71	2.68260607035552e-03
72	2.67303029153294e-03
73	2.64477635700730e-03
74	2.69514386409581e-03
75	2.78407616620096e-03
76	2.61953191597264e-03
77	2.75084921369929e-03
78	2.77731265082124e-03
79	2.73963913464934e-03
80	2.76211946854846e-03
81	2.70452172423465e-03
82	2.70617432050939e-03
83	2.73816529676688e-03
84	2.83736194925015e-03
85	2.75853744288660e-03
86	2.70268144307412e-03
87	2.85051934012919e-03
88	2.74192232934945e-03
89	2.79751629198513e-03
90	2.79388961671359e-03
91	2.79552552913975e-03
92	2.87840975447445e-03
93	2.86683841515319e-03
94	2.92849558800012e-03
95	2.90593354478764e-03
96	2.85910942752961e-03
97	2.75235187145491e-03
98	2.78171011043212e-03
99	2.90979164637738e-03
100	2.89303828628623e-03
101	2.86757632304064e-03
102	2.92375690818096e-03
103	2.82988499437503e-03
104	2.82965451943279e-03
105	2.90956835893561e-03
106	2.91107135298527e-03
107	2.93363423145948e-03
108	2.93809781005779e-03
109	2.84729388025343e-03
110	2.93481748603431e-03
111	2.95216852636892e-03
112	2.86727343887603e-03
113	2.91632206105941e-03
114	2.98396335227916e-03
115	3.10070452140762e-03
116	2.94150590595347e-03
117	2.98358808568815e-03
118	2.93894746066062e-03
119	2.98572922552113e-03
120	2.94784130757837e-03
121	2.83711718548708e-03
122	2.86724004948612e-03
123	2.92784409983599e-03
124	3.03406847125257e-03
125	3.04788408103024e-03
126	3.13824944060252e-03
127	3.09838980753224e-03
128	2.99592316195556e-03
129	2.97607950381786e-03
130	2.93260534341285e-03
131	2.91672240084731e-03
132	2.93211650180424e-03
133	2.95915804844987e-03
134	3.01760597640779e-03
135	3.00103333390668e-03
136	3.11196390702141e-03
137	3.05943609872574e-03
138	2.94491827923089e-03
139	3.06905761401437e-03
140	2.99801849383439e-03
141	3.05926468828369e-03
142	3.00447621417262e-03
143	2.93755485217249e-03
144	3.06304410279528e-03
145	2.99408047630760e-03
146	2.84567845533151e-03
147	3.19255130252075e-03
148	3.06152695973067e-03
149	2.93756626422441e-03
150	3.03817873360002e-03
151	2.90206593342098e-03
152	3.07214760254586e-03
153	3.13259196326023e-03
154	2.92781978732136e-03
155	3.08114164316984e-03
156	3.16336917398266e-03
157	2.87049079692454e-03
158	3.11269378222578e-03
159	2.97771524967662e-03
160	3.17373576736766e-03
161	3.03972360323366e-03
162	3.11874335532307e-03
163	2.92756108295748e-03
164	2.97722440854068e-03
165	3.10664231992389e-03
166	3.06676322948002e-03
167	3.17367359232077e-03
168	2.95845108965239e-03
169	3.14868098161580e-03
170	2.96981809180393e-03
171	3.46547735557126e-03
172	2.76856499046289e-03
173	3.08095587156991e-03
174	2.93599504978883e-03
175	3.26754291114872e-03
176	3.08371274532098e-03
177	3.10388193625414e-03
178	3.03750622688469e-03
179	3.03540400102094e-03
180	2.90534922250187e-03
181	3.17018310701224e-03
182	3.05233380202066e-03
183	3.08702553411936e-03
184	3.19612505940072e-03
185	2.94897376261684e-03
186	3.31280819377557e-03
187	2.99206010415494e-03
188	3.14376293269670e-03
189	3.26542322623841e-03
190	2.92732066369578e-03
191	3.08600207738986e-03
192	2.98695661724947e-03
193	3.06453964751403e-03
194	3.15795387723252e-03
195	3.33642551813226e-03
196	3.04850509548253e-03
197	2.86333425079458e-03
198	3.17796022844390e-03
199	3.07296123848430e-03
200	2.98152242289672e-03
201	3.22242368352559e-03
202	3.04343492056217e-03
203	2.90718029969682e-03
204	3.25098715302918e-03
205	3.09336850824465e-03
206	2.86670312911433e-03
207	3.23845875928428e-03
208	3.10783702239877e-03
209	3.13100139828320e-03
210	3.24667398224647e-03
211	3.10941719126063e-03
212	3.15464692084193e-03
213	3.02686696872924e-03
214	3.06745705065677e-03
215	3.11641297441758e-03
216	3.13987637207711e-03
217	3.03613729283844e-03
218	3.12611911026608e-03
219	3.23999749932747e-03
220	3.16540630476130e-03
221	2.89013123120929e-03
222	3.11375605269051e-03
223	3.12309509287242e-03
224	2.78981785430543e-03
225	3.00633850115446e-03
226	3.30343020764317e-03
227	3.10958006122438e-03
228	3.02751523463930e-03
229	3.07784869537514e-03
230	3.18486996374021e-03
231	3.00255017698110e-03
232	2.94184920114103e-03
233	2.98576808072948e-03
234	3.04350420100462e-03
235	3.14278753232288e-03
236	3.27888592617328e-03
237	3.26642404819601e-03
238	3.15851726177834e-03
239	3.10487939455670e-03
240	3.20033177902146e-03
241	2.89353478658274e-03
242	2.60364725623195e-03
243	2.78888161634252e-03
244	3.20603010200390e-03
245	3.33209108055478e-03
246	3.07988692609721e-03
247	3.21363413606124e-03
248	3.40276749018415e-03
249	3.27267440582882e-03
250	3.06162682899058e-03
251	2.88719688026882e-03
252	3.15631227973075e-03
253	3.15478615807769e-03
254	3.09608153688979e-03
255	3.01915156186801e-03
256	3.07013418957515e-03
257	3.19759851638645e-03
258	3.24624659299950e-03
259	3.17976929881401e-03
260	3.14175080705637e-03
261	3.13398955368277e-03
262	3.03425885152930e-03
263	2.90993747361995e-03
264	2.81462414071202e-03
265	2.94116051877305e-03
266	3.04774133586910e-03
267	2.86329659402785e-03
268	2.91034882628386e-03
269	3.11134111379741e-03
270	3.42024542753086e-03
271	3.42425127567509e-03
272	3.29681848506119e-03
273	3.01109314309873e-03
274	2.98605478942425e-03
275	3.02025989692053e-03
276	3.04982996837039e-03
277	2.96774549122573e-03
278	2.91997115982207e-03
279	2.72558909446511e-03
280	2.86887355801860e-03
281	3.07816426384098e-03
282	3.17230382847823e-03
283	3.31908382264488e-03
284	3.22794414867872e-03
285	3.14199231845360e-03
286	3.13191504370873e-03
287	3.21667478415955e-03
288	3.27500187800280e-03
289	3.10954539851703e-03
290	2.89238358088530e-03
291	2.80985646935056e-03
292	2.86582793515211e-03
293	3.00563187369064e-03
294	3.15489268483930e-03
295	3.25945219087558e-03
296	3.22206333545493e-03
297	3.32540094487437e-03
298	3.31429435198440e-03
299	3.16975091816680e-03
300	3.20323924028618e-03
301	3.12596164753713e-03
302	3.09634337661477e-03
303	3.22621363534689e-03
304	3.10681012172425e-03
305	3.03740725457092e-03
306	3.06667850505066e-03
307	2.97132443780360e-03
308	2.94678602573923e-03
309	3.02974469310998e-03
310	3.03660048703557e-03
311	3.08158289985009e-03
312	3.19269430848815e-03
313	3.14193778027855e-03
314	3.04246144063250e-03
315	3.11428708310312e-03
316	3.26073844665072e-03
317	3.21668057735800e-03
318	3.34191107070711e-03
319	3.39904672395832e-03
320	3.36943907161761e-03
321	3.14523052683860e-03
322	3.12859441825780e-03
323	3.12372048610294e-03
324	3.14394819164202e-03
325	3.15718703981681e-03
326	3.03305569900521e-03
327	2.96717310493988e-03
328	2.84254972405142e-03
329	2.84626189812553e-03
330	2.90339210253620e-03
331	3.01097850001864e-03
332	3.22956052007218e-03
333	3.33455098825231e-03
334	3.28250511194296e-03
335	3.04611774721225e-03
336	2.99562952918587e-03
337	3.08369481951819e-03
338	3.16530959397537e-03
339	3.16845945746600e-03
340	3.15408249799423e-03
341	3.12538498517515e-03
342	3.21145910778067e-03
343	3.06217814526909e-03
344	3.03897448390720e-03
345	3.06633866966531e-03
346	3.07009644053091e-03
347	3.11003423394257e-03
348	3.03731695407049e-03
349	3.14672070842899e-03
350	3.22658582401603e-03
351	3.26379188763797e-03
352	3.16057566580018e-03
353	3.21229618379066e-03
354	3.34923623533090e-03
355	3.28884360293241e-03
356	3.18531312043734e-03
357	3.12792808047168e-03
358	3.07286140600890e-03
359	3.10815368091234e-03
360	3.06561464893623e-03
361	3.05681440220460e-03
362	3.16728359361717e-03
363	3.29676315923769e-03
364	3.13053361385843e-03
365	3.03271560974228e-03
366	2.96854462752685e-03
367	2.99422813882721e-03
368	2.94943447023739e-03
369	3.06429511632564e-03
370	3.18014066276358e-03
371	3.17601474439280e-03
372	3.18540953241311e-03
373	3.07641238319273e-03
374	3.01963174926947e-03
375	3.07646921453300e-03
376	3.13168465126790e-03
377	3.28588408388806e-03
378	3.28908567723901e-03
379	3.17930158649528e-03
380	3.12046377329105e-03
381	3.14616785861614e-03
382	3.21213254978362e-03
383	3.24984715958411e-03
384	3.29497149081803e-03
385	3.38217400630188e-03
386	3.52551437947071e-03
387	3.46746735767003e-03
388	3.31922795821308e-03
389	3.24785672389051e-03
390	3.21500150624708e-03
391	3.09965050852010e-03
392	3.09342386148539e-03
393	3.05148608027310e-03
394	3.09246635717870e-03
395	3.23128083723793e-03
396	3.29033522886287e-03
397	3.20360626300885e-03
398	3.11892840861217e-03
399	3.06541020267569e-03
400	3.12733673576606e-03
401	3.05301279045053e-03
402	3.10137364091117e-03
403	3.09133392969435e-03
404	3.19157340297201e-03
405	3.17302034020339e-03
406	3.17434103941732e-03
407	3.12818717109197e-03
408	3.19319342812217e-03
409	3.15799503799455e-03
410	3.18833537413121e-03
411	3.28147678887627e-03
412	3.25514598642653e-03
413	3.24561099200571e-03
414	3.28468741031473e-03
415	3.28610397469741e-03
416	3.25291842044399e-03
417	3.22138271108418e-03
418	3.17630191722451e-03
419	3.13316432831121e-03
420	3.13121900884973e-03
421	3.12419400773959e-03
422	3.25992817335559e-03
423	3.27926707917181e-03
424	3.32005551564434e-03
425	3.20379870443191e-03
426	3.13770099177236e-03
427	3.21560890081206e-03
428	3.14936849711758e-03
429	3.14055903874176e-03
430	3.15608209680164e-03
431	3.30583621233695e-03
432	3.42282101100950e-03
433	3.44539482011995e-03
434	3.35987316577454e-03
435	3.37619475028477e-03
436	3.36302582903195e-03
437	3.25189607758324e-03
438	3.18519186810446e-03
439	3.18619816455293e-03
440	3.19804682558174e-03
441	3.20801840676797e-03
442	3.21609817481509e-03
443	3.29106163224605e-03
444	3.32869117736808e-03
445	3.36815802758491e-03
446	3.39433768774239e-03
447	3.23041413080121e-03
448	3.21200557380403e-03
449	3.25525640658214e-03
450	3.19299891108059e-03
451	3.09175241020016e-03
452	3.03904845800736e-03
453	2.98293453762356e-03
454	3.02235650472276e-03
455	3.07633948225354e-03
456	3.06958513646489e-03
457	2.99978118055334e-03
458	3.07361023783131e-03
459	3.16876264888971e-03
460	3.08979477418311e-03
461	2.96419198712139e-03
462	2.98775483573650e-03
463	3.14895481190434e-03
464	3.17548609079736e-03
465	3.19355031096717e-03
466	3.22353384883985e-03
467	3.22769590845606e-03
468	3.29859138168375e-03
469	3.18113134998136e-03
470	3.16100390123458e-03
471	3.19145652035911e-03
472	3.16517475667132e-03
473	3.10903920364873e-03
474	3.00281371015546e-03
475	2.92105252712177e-03
476	2.90028993863409e-03
477	2.98443387674391e-03
478	3.11314572763391e-03
479	3.29900087306956e-03
480	3.29889856250167e-03
481	3.20015213873915e-03
482	3.12743750965982e-03
483	3.13941719484864e-03
484	3.15415594717295e-03
485	3.24866424625755e-03
486	3.37044091549589e-03
487	3.41595873931056e-03
488	3.37651139835475e-03
489	3.31835855752712e-03
490	3.31312933788839e-03
491	3.34533678087106e-03
492	3.31213162444442e-03
493	3.33865273291827e-03
494	3.44216813919034e-03
495	3.44289857341977e-03
496	3.44182151240760e-03
497	3.38323294679979e-03
498	3.31148398071246e-03
499	3.30786476097618e-03
