1	5.77063026941502e-07
2	8.10562891978668e-07
3	9.87975158815265e-07
4	1.13519934272573e-06
5	1.26293078617949e-06
6	1.37813021659566e-06
7	1.48120579473231e-06
8	1.57796664970997e-06
9	1.66562109207264e-06
10	1.74924033792420e-06
11	1.82723735645963e-06
12	1.89822829749727e-06
13	1.97114107902812e-06
14	2.03399932365469e-06
15	2.09886515665129e-06
16	2.15509853277645e-06
17	2.21680059571246e-06
18	2.27313956610736e-06
19	2.32248034467164e-06
20	2.38184725458835e-06
21	2.43100324293867e-06
22	2.47236437310785e-06
23	2.51940281768464e-06
24	2.56573097805378e-06
25	2.60119737738979e-06
26	2.65528269132147e-06
27	2.69266549839050e-06
28	2.72573481158746e-06
29	2.76651947107120e-06
30	2.78488544178183e-06
31	2.85449120700002e-06
32	2.86853134277735e-06
33	2.90110242335643e-06
34	2.94214805908996e-06
35	2.97209097868203e-06
36	3.00744976770578e-06
37	3.03737503175486e-06
38	3.06305781146300e-06
39	3.09557654536045e-06
40	3.10493181318228e-06
41	3.14876023847466e-06
42	3.19098556411929e-06
43	3.18869568322385e-06
44	3.21289987298347e-06
45	3.25436029491220e-06
46	3.25851011328364e-06
47	3.29327135139899e-06
48	3.31430264245937e-06
49	3.34165748717880e-06
50	3.36489072674605e-06
51	3.41345447591666e-06
52	3.45605848815215e-06
53	3.46383713965028e-06
54	3.47162501436088e-06
55	3.47151441659244e-06
56	3.49460036269699e-06
57	3.46999202055384e-06
58	3.56802753507690e-06
59	3.56707613317249e-06
60	3.56983981134022e-06
61	3.61711738835473e-06
62	3.60753619058790e-06
63	3.63318428893887e-06
64	3.68900341817921e-06
65	3.68875525376366e-06
66	3.71552120761187e-06
67	3.69350563838585e-06
68	3.75660784313022e-06
69	3.72726054622908e-06
70	3.76905766161517e-06
71	3.77832645667302e-06
72	3.82653429584350e-06
73	3.82940045455708e-06
74	3.81851823648261e-06
75	3.83047575914156e-06
76	3.86873927376976e-06
77	3.89628219312212e-06
78	3.85346547476050e-06
79	3.87214417281664e-06
80	3.89408843616605e-06
81	4.01358964019678e-06
82	3.97166527878855e-06
83	3.91647319500839e-06
84	3.97964747898202e-06
85	4.00095511269766e-06
86	4.02035956799070e-06
87	4.05141093543929e-06
88	3.96697992604696e-06
89	3.99813067299259e-06
90	4.05073335463461e-06
91	4.12742989737219e-06
92	3.94175454608723e-06
93	4.08712593437328e-06
94	4.09921782086485e-06
95	4.11682172922357e-06
96	4.07721879461685e-06
97	4.12885283132036e-06
98	4.14178508508255e-06
99	4.09850459754468e-06
100	4.21624223168621e-06
101	4.16436560994834e-06
102	4.17895710199943e-06
103	4.15372894565485e-06
104	4.15392015963775e-06
105	4.12219556993834e-06
106	4.25999382055315e-06
107	4.16308508725177e-06
108	4.27978682231714e-06
109	4.32964859496250e-06
110	4.19471402668784e-06
111	4.36626203235820e-06
112	4.18339141776988e-06
113	4.28589908874613e-06
114	4.26031346509609e-06
115	4.30408876399753e-06
116	4.25715831627638e-06
117	4.28707558144922e-06
118	4.30943967908066e-06
119	4.39010760386235e-06
120	4.27190125544969e-06
121	4.20368314479833e-06
122	4.29135450600525e-06
123	4.35974255127693e-06
124	4.32991155294504e-06
125	4.37968949122416e-06
126	4.41347133760588e-06
127	4.38456447212353e-06
128	4.44937648340680e-06
129	4.40840421028538e-06
130	4.50114280378348e-06
131	4.48805843333771e-06
132	4.35948303667579e-06
133	4.38394838916342e-06
134	4.43851291701720e-06
135	4.32520559709225e-06
136	4.46698595548253e-06
137	4.52429938568769e-06
138	4.50460704386717e-06
139	4.36477324517543e-06
140	4.67615087835227e-06
141	4.45522551985924e-06
142	4.45398579855696e-06
143	4.42121898125231e-06
144	4.48776182968417e-06
145	4.59748334543172e-06
146	4.58940966677441e-06
147	4.50163631355205e-06
148	4.58312586342296e-06
149	4.71732970316324e-06
150	4.57758844072694e-06
151	4.55303003099201e-06
152	4.51176209575520e-06
153	4.55161845752214e-06
154	4.52261822319249e-06
155	4.72837582585883e-06
156	4.49386410883933e-06
157	4.58978628377602e-06
158	4.52444302049977e-06
159	4.80314043011523e-06
160	4.59372397674757e-06
161	4.52367109844391e-06
162	4.62421642527204e-06
163	4.64787972325249e-06
164	4.73611587424312e-06
165	4.82075771851555e-06
166	4.68387253294298e-06
167	4.57050512957849e-06
168	4.63156260516302e-06
169	4.63041302632685e-06
170	4.64608872912254e-06
171	4.68511278477870e-06
172	4.75935023875520e-06
173	4.62252675820972e-06
174	4.84804272109472e-06
175	4.65808981879036e-06
176	4.59635970927066e-06
177	4.68810680632496e-06
178	4.52150269925661e-06
179	4.67360249960046e-06
180	4.97545494037339e-06
181	4.84126854166127e-06
182	4.98966833726787e-06
183	4.71473491202357e-06
184	4.77091197536330e-06
185	4.57770971001095e-06
186	4.72712893857155e-06
187	4.81830124494443e-06
188	4.57547484432645e-06
189	4.92683873453967e-06
190	4.91275813241670e-06
191	4.74195842804731e-06
192	4.67285318272117e-06
193	4.84016146042090e-06
194	4.72232951405223e-06
195	4.79009597671623e-06
196	4.72791625719906e-06
197	4.67633354430869e-06
198	4.65316878977502e-06
199	4.94565317504704e-06
200	4.73840452755415e-06
201	4.88331307225448e-06
202	4.88193353685074e-06
203	4.77550697209318e-06
204	4.83101788328638e-06
205	4.83096717793622e-06
206	4.79248810532464e-06
207	4.64580351636739e-06
208	4.64781279571187e-06
209	4.83934584535067e-06
210	4.87486834333694e-06
211	4.86419241163419e-06
212	4.97167476059689e-06
213	4.76077096913118e-06
214	4.79876705910839e-06
215	4.97833177916255e-06
216	4.79017997692244e-06
217	4.75667223354931e-06
218	4.78934309629993e-06
219	4.78375554773915e-06
220	4.74534344010702e-06
221	4.77037404807153e-06
222	4.86817582176667e-06
223	4.85387283868090e-06
224	4.76905731974373e-06
225	4.85388098470221e-06
226	4.69848503810368e-06
227	4.80744963452917e-06
228	4.80446927202693e-06
229	4.76128780937799e-06
230	4.72049018979022e-06
231	4.64349537851237e-06
232	4.69025102121099e-06
233	4.85690981844936e-06
234	5.13306071438495e-06
235	5.33668255858904e-06
236	5.21870095294532e-06
237	4.91045925975052e-06
238	5.04999858534701e-06
239	5.05094840261405e-06
240	4.87001105487374e-06
241	4.75444956277677e-06
242	4.68134658826144e-06
243	4.81243270615271e-06
244	4.89436877567462e-06
245	4.73267170902176e-06
246	4.80924606791078e-06
247	5.05348368624779e-06
248	5.14410900976120e-06
249	5.02473103103533e-06
250	5.23513097276368e-06
251	5.36269329700647e-06
252	5.01866047126569e-06
253	4.95247580306704e-06
254	5.18898729778712e-06
255	4.91656374851213e-06
256	4.65290916185465e-06
257	4.92628783809827e-06
258	5.36772644922243e-06
259	5.13668904763482e-06
260	4.99936529119790e-06
261	5.11561518962604e-06
262	5.13589034693478e-06
263	5.08836038297188e-06
264	5.08488288315686e-06
265	5.34468109803636e-06
266	5.09153015925462e-06
267	5.03546513608596e-06
268	5.15106178723428e-06
269	5.18272953083636e-06
270	4.95893143195533e-06
271	5.00358903996972e-06
272	5.13466454156658e-06
273	5.15994444998697e-06
274	5.03101990604842e-06
275	4.98602588418822e-06
276	5.11337894708987e-06
277	5.14631644759492e-06
278	4.94863868598690e-06
279	4.91131529896156e-06
280	5.18267657552526e-06
281	5.11050539452038e-06
282	4.99309292054008e-06
283	4.97583279267814e-06
284	4.96361723391776e-06
285	5.09233937327362e-06
286	5.17451571375787e-06
287	5.33145331205169e-06
288	5.38026102828182e-06
289	5.38896746087265e-06
290	5.45024526270803e-06
291	5.19836095848134e-06
292	5.26394030421394e-06
293	5.37168759740744e-06
294	5.29010293170217e-06
295	5.20318635320575e-06
296	5.12246277619391e-06
297	5.12804125490737e-06
298	5.32459261977155e-06
299	5.12567834857050e-06
300	5.03291524356063e-06
301	4.95414001592083e-06
302	5.07703656683591e-06
303	5.09796997241494e-06
304	5.10450300477997e-06
305	5.18873275093509e-06
306	5.20310960701636e-06
307	5.21967099315608e-06
308	5.11442127470069e-06
309	4.93756540841659e-06
310	5.08394036975251e-06
311	4.97312668268463e-06
312	5.09535673253093e-06
313	5.24918234087925e-06
314	5.16282066592411e-06
315	5.14452369569621e-06
316	5.16065148192539e-06
317	5.18970701197195e-06
318	5.41704271572500e-06
319	5.06616103683605e-06
320	4.98913373345079e-06
321	5.15756448273100e-06
322	5.20547636507416e-06
323	5.44077752071944e-06
324	5.45587189174316e-06
325	5.16802506354099e-06
326	5.17812663715723e-06
327	5.17680032939846e-06
328	5.19384021355060e-06
329	5.29471620892887e-06
330	5.33787781782661e-06
331	5.28215278000374e-06
332	5.20731348600965e-06
333	5.25386362037836e-06
334	5.23979910968252e-06
335	5.26775241574763e-06
336	5.25209011128259e-06
337	5.24766733583003e-06
338	5.25031174917009e-06
339	5.37751625847900e-06
340	5.35954304601254e-06
341	5.24322142233460e-06
342	5.18243073474637e-06
343	5.09861717312026e-06
344	5.34876260016204e-06
345	5.55051629237827e-06
346	5.53377835750326e-06
347	5.47083004777195e-06
348	5.50571065596532e-06
349	5.46813037511562e-06
350	5.41373738299769e-06
351	5.52481945786397e-06
352	5.53290063035598e-06
353	5.48235063056833e-06
354	5.25582233070378e-06
355	5.02689047518804e-06
356	4.95970524863193e-06
357	5.06527693366176e-06
358	5.27945004201107e-06
359	5.50015539547169e-06
360	5.46112334776162e-06
361	5.36175289262248e-06
362	5.14579827625811e-06
363	5.13246891525775e-06
364	5.28356671446377e-06
365	5.15442748797114e-06
366	5.09315854149206e-06
367	5.15206361731932e-06
368	5.18267559303282e-06
369	5.16382097496380e-06
370	5.33796670643660e-06
371	5.71835318323331e-06
372	5.75656553969744e-06
373	5.68412650145756e-06
374	5.53751628770910e-06
375	5.31942549223148e-06
376	5.13789532393429e-06
377	5.07664750670147e-06
378	5.36952909759793e-06
379	5.58116830015614e-06
380	5.55999891713512e-06
381	5.43217981959852e-06
382	5.31647782696995e-06
383	5.25304528558051e-06
384	5.18970999904543e-06
385	5.41102782512362e-06
386	5.55390853359629e-06
387	5.56113113317218e-06
388	5.40626901325400e-06
389	5.31523653519055e-06
390	5.13401019312742e-06
391	5.02780671078306e-06
392	4.87413252178314e-06
393	5.14798455246403e-06
394	5.13463450317095e-06
395	5.13480293465772e-06
396	5.02925050085743e-06
397	5.15242959235914e-06
398	5.20568589779870e-06
399	5.11134925400020e-06
400	5.08317393121152e-06
401	5.25623105866945e-06
402	5.41272655223064e-06
403	5.57303109178992e-06
404	5.55528322018493e-06
405	5.52778026187827e-06
406	5.46306150068709e-06
407	5.33757128780179e-06
408	5.39847047724428e-06
409	5.59639103504363e-06
410	5.66099522611961e-06
411	5.69557718611984e-06
412	5.64896339784059e-06
413	5.55857350346828e-06
414	5.36227273952479e-06
415	5.18775884193417e-06
416	5.10694106002657e-06
417	5.16212961244577e-06
418	5.25450879895071e-06
419	5.33955439149756e-06
420	5.45357853745441e-06
421	5.43481648110548e-06
422	5.31850660644833e-06
423	5.23302375200030e-06
424	5.23194551955872e-06
425	4.99763884958174e-06
426	4.91776222981599e-06
427	4.96168101282883e-06
428	5.01782556544118e-06
429	5.10376117389922e-06
430	5.17292017749301e-06
431	5.16150868388584e-06
432	5.12512494039707e-06
433	5.10080637331938e-06
434	5.19791422655053e-06
435	5.38256818951848e-06
436	5.38143512216255e-06
437	5.39049821630472e-06
438	5.52833315097647e-06
439	5.60410458676281e-06
440	5.48810502021167e-06
441	5.47288401051035e-06
442	5.40366061167225e-06
443	5.36139461821252e-06
444	5.39694987939399e-06
445	5.59933872133152e-06
446	5.65376477348448e-06
447	5.64078674478251e-06
448	5.59185792757950e-06
449	5.62971572649062e-06
450	5.54782389846814e-06
451	5.49661129443776e-06
452	5.56907840554281e-06
453	5.61274422969503e-06
454	5.60441638477339e-06
455	5.67944994522352e-06
456	5.69192110411632e-06
457	5.73701179919104e-06
458	5.71017527373277e-06
459	5.79329584517849e-06
460	5.67468947177368e-06
461	5.47489571653305e-06
462	5.26296478402547e-06
463	5.09889512342337e-06
464	5.00859966717276e-06
465	5.01264166207460e-06
466	5.18818558146768e-06
467	5.19958861575565e-06
468	5.37390932238879e-06
469	5.38343225845758e-06
470	5.42067894808096e-06
471	5.54000039191561e-06
472	5.51525536316007e-06
473	5.35384045924588e-06
474	5.21875006937768e-06
475	5.15436605148528e-06
476	5.14936777817950e-06
477	5.29269080314676e-06
478	5.25471067869163e-06
479	5.29633009966746e-06
480	5.34649270089615e-06
481	5.36482151487800e-06
482	5.35958779587233e-06
483	5.35274538729139e-06
484	5.34165411281863e-06
485	5.29572153982127e-06
486	5.25897739366416e-06
487	5.13493503744524e-06
488	5.19380978057325e-06
489	5.14512475615058e-06
490	5.20416943023714e-06
491	5.28699791455958e-06
492	5.35694967646856e-06
493	5.50641578514211e-06
494	5.72909554163250e-06
495	5.91450226625174e-06
496	6.05990956116814e-06
497	6.04173632498971e-06
498	5.98363468562809e-06
499	5.97478682369507e-06
