1	3.60235794295595e-05
2	3.66653905437290e-05
3	3.67740546713988e-05
4	3.70119648402659e-05
5	3.70089337131952e-05
6	3.70194018508480e-05
7	3.69962290199723e-05
8	3.71747028966179e-05
9	3.71862950432470e-05
10	3.70325240949383e-05
11	3.69327130400773e-05
12	3.70642879424007e-05
13	3.69138755217309e-05
14	3.70768264560252e-05
15	3.71794972828787e-05
16	3.71393536608819e-05
17	3.71204229882897e-05
18	3.70700328553718e-05
19	3.70976614810797e-05
20	3.67814196906839e-05
21	3.72337103005518e-05
22	3.72084149408535e-05
23	3.72132170716180e-05
24	3.70452840861327e-05
25	3.71777525416814e-05
26	3.74442586794049e-05
27	3.72633774019505e-05
28	3.75208504030567e-05
29	3.71733957783059e-05
30	3.71975859472718e-05
31	3.72320344655688e-05
32	3.69717534841868e-05
33	3.74028294553972e-05
34	3.73512028516567e-05
35	3.69477534059065e-05
36	3.72802922994403e-05
37	3.75334067640643e-05
38	3.73118474803440e-05
39	3.73409880937767e-05
40	3.74698973181884e-05
41	3.76938685358417e-05
42	3.73737375609806e-05
43	3.70559539214641e-05
44	3.71345680411508e-05
45	3.76463479784279e-05
46	3.74860079874432e-05
47	3.80165171415482e-05
48	3.71623901715845e-05
49	3.76663160984117e-05
50	3.73151607376747e-05
51	3.72130422021576e-05
52	3.66260321657198e-05
53	3.76914627485369e-05
54	3.78605492532436e-05
55	3.75334610735283e-05
56	3.70467898433869e-05
57	3.75525564042665e-05
58	3.69713931023551e-05
59	3.74832586731884e-05
60	3.73842544551188e-05
61	3.76582747646535e-05
62	3.77956932134766e-05
63	3.77298087556163e-05
64	3.67352220136396e-05
65	3.68538670776401e-05
66	3.79387365045934e-05
67	3.76578284382243e-05
68	3.72407684543035e-05
69	3.75721819770701e-05
70	3.67886171310986e-05
71	3.75457339884773e-05
72	3.70818300503304e-05
73	3.74903053377248e-05
74	3.71256358237966e-05
75	3.76126314027582e-05
76	3.72376974736635e-05
77	3.72072766893915e-05
78	3.79081604799824e-05
79	3.75825597572610e-05
80	3.69057285761921e-05
81	3.77475245401033e-05
82	3.75402096781342e-05
83	3.71889267015687e-05
84	3.76148254883418e-05
85	3.76812830073513e-05
86	3.77383463266668e-05
87	3.64665347958942e-05
88	3.68028019033772e-05
89	3.71607083584927e-05
90	3.80925976296198e-05
91	3.68810355126552e-05
92	3.74718722395106e-05
93	3.66307003667002e-05
94	3.75773410326577e-05
95	3.71676074831412e-05
96	3.75939302928589e-05
97	3.76625546653064e-05
98	3.72825849762411e-05
99	3.82071529798960e-05
100	3.74630519472371e-05
101	3.78510453443105e-05
102	3.70147955515978e-05
103	3.74804292222426e-05
104	3.71992419915123e-05
105	3.77216223227622e-05
106	3.73710703278143e-05
107	3.75654531368606e-05
108	3.77790370503395e-05
109	3.79878742642589e-05
110	3.68356758311725e-05
111	3.73199809649078e-05
112	3.66084032126310e-05
113	3.76012500838612e-05
114	3.76921338846875e-05
115	3.75053591989206e-05
116	3.74031594453510e-05
117	3.72968238341520e-05
118	3.75235528890425e-05
119	3.80728243153303e-05
120	3.66597331110752e-05
121	3.74321894199088e-05
122	3.74093658930428e-05
123	3.76756389221094e-05
124	3.81271348674847e-05
125	3.72778845403990e-05
126	3.73719890856762e-05
127	3.74280934893395e-05
128	3.70181209070095e-05
129	3.69370665054623e-05
130	3.74476153443553e-05
131	3.69005718688987e-05
132	3.76410886365813e-05
133	3.81209105023273e-05
134	3.72048780426606e-05
135	3.73486306491773e-05
136	3.70013857767952e-05
137	3.73575126629993e-05
138	3.82638941550589e-05
139	3.69089000616924e-05
140	3.70455535585743e-05
141	3.72658829848437e-05
142	3.77565414987637e-05
143	3.73665208052968e-05
144	3.63383869823201e-05
145	3.72454001908980e-05
146	3.73728230927985e-05
147	3.87093829233485e-05
148	3.70889370211287e-05
149	3.79101496402444e-05
150	3.73059890391766e-05
151	3.66448416842659e-05
152	3.69674398815753e-05
153	3.78680369382386e-05
154	3.70807211578463e-05
155	3.78336358914302e-05
156	3.71053895977028e-05
157	3.68640569301722e-05
158	3.71642752899990e-05
159	3.69930883724334e-05
160	3.69536776944421e-05
161	3.70682890216679e-05
162	3.71020656676818e-05
163	3.65789519462150e-05
164	3.69194718056089e-05
165	3.75443987428247e-05
166	3.68891201818543e-05
167	3.81776474195935e-05
168	3.75095486238307e-05
169	3.75646392696026e-05
170	3.67276850860317e-05
171	3.66790019174528e-05
172	3.69639368804978e-05
173	3.70482459386076e-05
174	3.63005299715109e-05
175	3.74910346972426e-05
176	3.79824992595131e-05
177	3.77107620153783e-05
178	3.64968425072351e-05
179	3.74988504973056e-05
180	3.81087730509596e-05
181	3.61735709230317e-05
182	3.57424429487616e-05
183	3.65392937132789e-05
184	3.78990974701375e-05
185	3.67933119288517e-05
186	3.64989037423989e-05
187	3.75167769137666e-05
188	3.68519276281237e-05
189	3.71052878325183e-05
190	3.65900918798616e-05
191	3.80264876322016e-05
192	3.66737775416455e-05
193	3.58485274608370e-05
194	3.77951142377700e-05
195	3.78285646529075e-05
196	3.72712558301744e-05
197	3.73289377486182e-05
198	3.80491928791631e-05
199	3.76175248332740e-05
200	3.64612238878794e-05
201	3.72230906064109e-05
202	3.71254053043056e-05
203	3.72341704497010e-05
204	3.66264814698433e-05
205	3.63585428857334e-05
206	3.75012058508154e-05
207	3.77603060959153e-05
208	3.74412324182963e-05
209	3.72859009547352e-05
210	3.69801509907040e-05
211	3.68203272562962e-05
212	3.65294436952240e-05
213	3.78267300984092e-05
214	3.76302489991957e-05
215	3.63912670217789e-05
216	3.71918240138563e-05
217	3.75070527581897e-05
218	3.87109392121941e-05
219	3.65888220539774e-05
220	3.62356839805257e-05
221	3.63171996893513e-05
222	3.76814135567931e-05
223	3.78503355569286e-05
224	3.72424740057357e-05
225	3.63539942367999e-05
226	3.76297751243286e-05
227	3.77346463342175e-05
228	3.72383279866849e-05
229	3.62104063466294e-05
230	3.75302451199050e-05
231	3.65042460434309e-05
232	3.71307434225080e-05
233	3.70318722397983e-05
234	3.65847672772147e-05
235	3.71805521445282e-05
236	3.69005505402120e-05
237	3.82995622199381e-05
238	3.73680014020414e-05
239	3.56244296203765e-05
240	3.60668171545582e-05
241	3.74125111774982e-05
242	3.71822980317384e-05
243	3.61946725871809e-05
244	3.70065699931257e-05
245	3.67657944352752e-05
246	3.71486571833798e-05
247	3.61193067115261e-05
248	3.76202175405978e-05
249	3.69656451921293e-05
250	3.49458586634537e-05
251	3.78985475254356e-05
252	3.68023005968764e-05
253	3.62297529454885e-05
254	3.73535414581615e-05
255	3.67985554849672e-05
256	3.50273295135996e-05
257	3.56565971235637e-05
258	3.81364084669204e-05
259	3.70615707392702e-05
260	3.60241114583210e-05
261	3.67785740978078e-05
262	3.71238547757460e-05
263	3.57907096447763e-05
264	3.73574559495749e-05
265	3.47735811293159e-05
266	3.71662251658509e-05
267	3.69029410335555e-05
268	3.70169665994227e-05
269	3.72889174944130e-05
270	3.79496746061896e-05
271	3.62053701060892e-05
272	3.71042684810023e-05
273	3.67016737695793e-05
274	3.73383669843472e-05
275	3.70317498546575e-05
276	3.56337400552139e-05
277	3.70684746850495e-05
278	3.74532552651494e-05
279	3.62929157549086e-05
280	3.67828688421698e-05
281	3.79737891060880e-05
282	3.69764205408981e-05
283	3.74680418861970e-05
284	3.71508602004705e-05
285	3.57818833084378e-05
286	3.59378046702411e-05
287	3.59945943512760e-05
288	3.68114217839847e-05
289	3.58489093050553e-05
290	3.68782590552126e-05
291	3.70566863341606e-05
292	3.60146296886992e-05
293	3.55997670961458e-05
294	3.72037062583212e-05
295	3.62161988259638e-05
296	3.61802790536231e-05
297	3.80042508540535e-05
298	3.69898438285163e-05
299	3.63305854555595e-05
300	3.65421512357700e-05
301	3.67720933354778e-05
302	3.67336353623149e-05
303	3.76613008737704e-05
304	3.67836718900220e-05
305	3.66522721480419e-05
306	3.55869563657328e-05
307	3.60537686933589e-05
308	3.64347716413909e-05
309	3.56718634511100e-05
310	3.69797665922486e-05
311	3.73248315832544e-05
312	3.56193510423386e-05
313	3.54798123492385e-05
314	3.50061686474829e-05
315	3.50811824012373e-05
316	3.75988969414732e-05
317	3.59534339840185e-05
318	3.61591432937612e-05
319	3.51453206477552e-05
320	3.50524788909410e-05
321	3.61685400042380e-05
322	3.63780000624893e-05
323	3.73305584413772e-05
324	3.65839347015731e-05
325	3.59449884988121e-05
326	3.67282909984266e-05
327	3.68523306352017e-05
328	3.66967789372457e-05
329	3.55131164306079e-05
330	3.55449118995612e-05
331	3.57626903977356e-05
332	3.70874377987119e-05
333	3.47236538695149e-05
334	3.55487061630121e-05
335	3.54984812394378e-05
336	3.59839666412376e-05
337	3.64342449584720e-05
338	3.57948924019221e-05
339	3.66970540825343e-05
340	3.64494100734163e-05
341	3.77172460296454e-05
342	3.65296634592086e-05
343	3.65513177839982e-05
344	3.53129411653996e-05
345	3.75754569086581e-05
346	3.62030820357838e-05
347	3.66382856221525e-05
348	3.46107874761926e-05
349	3.54305615373853e-05
350	3.65580734763240e-05
351	3.79696626049270e-05
352	3.74343404593564e-05
353	3.54616160400909e-05
354	3.64261981756843e-05
355	3.65347596391734e-05
356	3.49621009335502e-05
357	3.51060146366467e-05
358	3.61703515821836e-05
359	3.64406882861904e-05
360	3.68939470397661e-05
361	3.78676510222859e-05
362	3.71293720664977e-05
363	3.69697295528891e-05
364	3.45141514876143e-05
365	3.70066870363137e-05
366	3.56656652553812e-05
367	3.52831794876736e-05
368	3.64108113907606e-05
369	3.70293298217845e-05
370	3.65007845962257e-05
371	3.76019221245303e-05
372	3.50771710940817e-05
373	3.56467328933529e-05
374	3.63487470873656e-05
375	3.62262520629957e-05
376	3.74912395304575e-05
377	3.66390153631554e-05
378	3.55304412124808e-05
379	3.57166522214767e-05
380	3.63254570802388e-05
381	3.78438983206456e-05
382	3.59833705917193e-05
383	3.69842823819044e-05
384	3.62887096225196e-05
385	3.53293234459413e-05
386	3.55075200746683e-05
387	3.68674529912370e-05
388	3.77128322087159e-05
389	3.60875646271016e-05
390	3.59098354282086e-05
391	3.64973098583857e-05
392	3.53196547220089e-05
393	3.73173880962286e-05
394	3.65536676116959e-05
395	3.68262877269559e-05
396	3.73122894298998e-05
397	3.63049452707267e-05
398	3.44690230588190e-05
399	3.71580098432223e-05
400	3.63563044788710e-05
401	3.58524237605693e-05
402	3.53153646968511e-05
403	3.63413862061937e-05
404	3.76772968990342e-05
405	3.54308724785159e-05
406	3.79799870482498e-05
407	3.74666103620073e-05
408	3.48240101736274e-05
409	3.69813536726664e-05
410	3.63823551027747e-05
411	3.65906415960670e-05
412	3.68407188968198e-05
413	3.64486164604894e-05
414	3.58648813943944e-05
415	3.60881416254517e-05
416	3.61889517264003e-05
417	3.67983747667610e-05
418	3.57742449570779e-05
419	3.60406761420584e-05
420	3.74866557046856e-05
421	3.62574995102273e-05
422	3.67314951079720e-05
423	3.64109683544489e-05
424	3.56043896681894e-05
425	3.71274300059049e-05
426	3.82084227610094e-05
427	3.72883581108595e-05
428	3.53843814678066e-05
429	3.73532444777092e-05
430	3.57511530231831e-05
431	3.67806930967591e-05
432	3.73961888921067e-05
433	3.60322500752536e-05
434	3.74759720200336e-05
435	3.53604910573192e-05
436	3.68914003709350e-05
437	3.69003852135306e-05
438	3.44050473715082e-05
439	3.49981270682043e-05
440	3.53682599423894e-05
441	3.70799399180312e-05
442	3.65196578639657e-05
443	3.65385339521210e-05
444	3.61182224418059e-05
445	3.63494044615624e-05
446	3.65633723170642e-05
447	3.60270807141997e-05
448	3.58157551869085e-05
449	3.91343661824861e-05
450	3.65469284143625e-05
451	3.54523655083745e-05
452	3.65063066705702e-05
453	3.53301409492874e-05
454	3.59678137545833e-05
455	3.67572371206390e-05
456	3.56771888002706e-05
457	3.43373026087693e-05
458	3.54760261548434e-05
459	3.74219631290094e-05
460	3.57448961802099e-05
461	3.89488838351705e-05
462	3.57477044238641e-05
463	3.47188823117415e-05
464	3.74181914821808e-05
465	3.52536513486242e-05
466	3.77890960688643e-05
467	3.67393042897710e-05
468	3.65587319434711e-05
469	3.44616283840290e-05
470	3.78169357522805e-05
471	3.73337572094046e-05
472	3.65590479055493e-05
473	3.62702606905683e-05
474	3.81474590283611e-05
475	3.47835721685451e-05
476	3.46152150332934e-05
477	3.66143088059657e-05
478	3.51967608700174e-05
479	3.63110908874400e-05
480	3.63162081490117e-05
481	3.60324574720504e-05
482	3.69028271790962e-05
483	3.77525995584705e-05
484	3.83648787234114e-05
485	3.61716063349074e-05
486	3.71248046174257e-05
487	3.65060144419488e-05
488	3.56311667821512e-05
489	3.67335504521176e-05
490	3.73474646061494e-05
491	3.48850718086513e-05
492	3.67581628602651e-05
493	3.64825484082939e-05
494	3.64544897670056e-05
495	3.76585878702671e-05
496	3.42836070741711e-05
497	3.51680806217523e-05
498	3.55595280806909e-05
499	3.74122459440305e-05
