1	1.20004085130373e-01
2	1.26537428833398e-01
3	1.31377957400457e-01
4	1.30134398954836e-01
5	1.36277739332450e-01
6	1.37860531192551e-01
7	1.40338584491377e-01
8	1.39995441288041e-01
9	1.40222675606844e-01
10	1.40395030094255e-01
11	1.43760165804076e-01
12	1.43774682783846e-01
13	1.44483151519418e-01
14	1.44317253303906e-01
15	1.39936297877187e-01
16	1.45821705351761e-01
17	1.36486457666083e-01
18	1.45281616057143e-01
19	1.42663186410155e-01
20	1.46348382206522e-01
21	1.46253085408291e-01
22	1.47450116431545e-01
23	1.29597954221726e-01
24	1.32536088892060e-01
25	1.37915449737786e-01
26	1.43262595902594e-01
27	1.39175288940821e-01
28	1.42464768177851e-01
29	1.44536772633844e-01
30	1.41155846307986e-01
31	1.33865190072961e-01
32	1.49488902395846e-01
33	1.40052392063367e-01
34	1.36875021247639e-01
35	1.48205433594465e-01
36	1.42194223605684e-01
37	1.40285886325854e-01
38	1.37789344454101e-01
39	1.40335278056213e-01
40	1.48020599821642e-01
41	1.38262199629957e-01
42	1.40885161186973e-01
43	1.42120573793834e-01
44	1.46106122230337e-01
45	1.33415477843199e-01
46	1.39522532783716e-01
47	1.42071626988517e-01
48	1.35041948927413e-01
49	1.48420813698321e-01
50	1.35650958272164e-01
51	1.44595722848355e-01
52	1.47434718204191e-01
53	1.39281779627535e-01
54	1.52329025479279e-01
55	1.38905104462094e-01
56	1.45944734527519e-01
57	1.48231513066108e-01
58	1.41297567777350e-01
59	1.40655350547816e-01
60	1.33061276369116e-01
61	1.33335357368221e-01
62	1.31901002387220e-01
63	1.25244246141664e-01
64	1.43206323817281e-01
65	1.38896554489315e-01
66	1.38628250835972e-01
67	1.26620472964946e-01
68	1.23013824782065e-01
69	1.33741021812640e-01
70	1.44689576136093e-01
71	1.36870804524556e-01
72	1.28495230702717e-01
73	1.27542633277783e-01
74	1.38911416658798e-01
75	1.21513602661217e-01
76	1.47270391231823e-01
77	1.37457794289088e-01
78	1.44741655792925e-01
79	1.39692752030165e-01
80	1.39472561431638e-01
81	1.50428233379143e-01
82	1.38084789331601e-01
83	1.33901980355941e-01
84	1.29388522992812e-01
85	1.48061131623112e-01
86	1.23641314237334e-01
87	1.45834152372051e-01
88	1.32866077149959e-01
89	1.40414669869875e-01
90	1.41411664740308e-01
91	1.28774084840887e-01
92	1.31542775974910e-01
93	1.34383941398311e-01
94	1.40763094512236e-01
95	1.30308554834298e-01
96	1.29991331320637e-01
97	1.37972092428210e-01
98	1.23601522817802e-01
99	1.32703120266101e-01
