1	3.46184375254314e-07
2	4.78792934683278e-07
3	5.76625218811526e-07
4	6.54739942730462e-07
5	7.22603102746896e-07
6	7.81042767513658e-07
7	8.29334615103372e-07
8	8.75408427590925e-07
9	9.17472516714869e-07
10	9.55201064559592e-07
11	9.87502038219453e-07
12	1.02380521021927e-06
13	1.04967437638672e-06
14	1.07210486688354e-06
15	1.09631967748797e-06
16	1.11755477136656e-06
17	1.14268708192214e-06
18	1.17697073098627e-06
19	1.19177675464063e-06
20	1.20048830898547e-06
21	1.22213530728971e-06
22	1.24715697932485e-06
23	1.24494484049196e-06
24	1.27364701110450e-06
25	1.26883871197714e-06
26	1.29260501678978e-06
27	1.30928733341797e-06
28	1.29499049603444e-06
29	1.31697863320356e-06
30	1.31656029983197e-06
31	1.34968429791724e-06
32	1.35548066187539e-06
33	1.36376233146884e-06
34	1.36970665348137e-06
35	1.37289322384293e-06
36	1.39119927682011e-06
37	1.37310238749256e-06
38	1.40470037347777e-06
39	1.40561749461060e-06
40	1.40942506432883e-06
41	1.41164690775050e-06
42	1.42445723439514e-06
43	1.41411176164719e-06
44	1.48733744342233e-06
45	1.42393483241551e-06
46	1.40149046173395e-06
47	1.45628697484925e-06
48	1.46488245269021e-06
49	1.43905822748062e-06
50	1.44527118021953e-06
51	1.49407208868403e-06
52	1.45600384659986e-06
53	1.47151331533886e-06
54	1.44758215389471e-06
55	1.49566796219065e-06
56	1.46037263080886e-06
57	1.51746738048131e-06
58	1.49022695749656e-06
59	1.45741791845261e-06
60	1.46379190082884e-06
61	1.41465547058945e-06
62	1.51077911136317e-06
63	1.48566477693383e-06
64	1.52211146170542e-06
65	1.50058559940196e-06
66	1.45639533011458e-06
67	1.48868059121533e-06
68	1.53868964412573e-06
69	1.43557803750396e-06
70	1.46793564389768e-06
71	1.54567373224191e-06
72	1.53430906183718e-06
73	1.52772847725218e-06
74	1.48292218270696e-06
75	1.52650698302796e-06
76	1.49430620521041e-06
77	1.57217125947605e-06
78	1.57301552883456e-06
79	1.49910632646517e-06
80	1.54779601163767e-06
81	1.56284241330861e-06
82	1.57565525830195e-06
83	1.53827209581443e-06
84	1.51817709882831e-06
85	1.46502086282511e-06
86	1.56016246045383e-06
87	1.53099407922444e-06
88	1.60068054456135e-06
89	1.54125638133843e-06
90	1.54781808765109e-06
91	1.57553346191418e-06
92	1.53213130849974e-06
93	1.46821194665665e-06
94	1.56209250995696e-06
95	1.51782806317698e-06
96	1.48554835865125e-06
97	1.54432451230463e-06
98	1.55014961809746e-06
99	1.55806935054936e-06
100	1.52656574856994e-06
101	1.51539542652058e-06
102	1.58182232794113e-06
103	1.49219338435135e-06
104	1.56363804848973e-06
105	1.59551279750824e-06
106	1.60733677331221e-06
107	1.53970535120919e-06
108	1.48430594774548e-06
109	1.53608051808647e-06
110	1.58380008524874e-06
111	1.52939397957132e-06
112	1.57178537409073e-06
113	1.56608482472237e-06
114	1.64372957237881e-06
115	1.56053805200666e-06
116	1.49231878121261e-06
117	1.56364967824316e-06
118	1.51898909935742e-06
119	1.61763772185122e-06
120	1.58666198664680e-06
121	1.62236628286073e-06
122	1.45282213145353e-06
123	1.51694468644694e-06
124	1.57562047759379e-06
125	1.56894446278774e-06
126	1.54538733431623e-06
127	1.52799666218788e-06
128	1.56220958431941e-06
129	1.59707663487383e-06
130	1.55731071760881e-06
131	1.57109734065454e-06
132	1.60129344578985e-06
133	1.54182947201683e-06
134	1.54467286071084e-06
135	1.62078421323132e-06
136	1.59106702585569e-06
137	1.69575683098049e-06
138	1.59444070250491e-06
139	1.63540596101788e-06
140	1.65537747032188e-06
141	1.57262901277305e-06
142	1.61991762944545e-06
143	1.57449642475135e-06
144	1.57470557404174e-06
145	1.52643336544607e-06
146	1.53670183770266e-06
147	1.60479354820014e-06
148	1.58884203901617e-06
149	1.60534308329521e-06
150	1.61261839797157e-06
151	1.60063520272119e-06
152	1.65083820921887e-06
153	1.67343816740953e-06
154	1.55175930905116e-06
155	1.51297569415485e-06
156	1.62315413962092e-06
157	1.61644214432029e-06
158	1.44846456040220e-06
159	1.69409541548964e-06
160	1.59528101178838e-06
161	1.62448271642893e-06
162	1.50553819014028e-06
163	1.68895662068334e-06
164	1.55175910382952e-06
165	1.57960584268868e-06
166	1.66994391446288e-06
167	1.50547131438420e-06
168	1.67369956271866e-06
169	1.62783237812049e-06
170	1.60108921664843e-06
171	1.65275531742878e-06
172	1.63850983572449e-06
173	1.54141729542555e-06
174	1.57101664495864e-06
175	1.61133823885598e-06
176	1.69104906673772e-06
177	1.52608809859644e-06
178	1.63192704572663e-06
179	1.58363619856232e-06
180	1.64378645664792e-06
181	1.61267998533369e-06
182	1.59994036912374e-06
183	1.59092584179431e-06
184	1.56514602380828e-06
185	1.56774291748716e-06
186	1.50223242455337e-06
187	1.69570747598458e-06
188	1.45517199714479e-06
189	1.65492471582742e-06
190	1.61025049059519e-06
191	1.54285195199404e-06
192	1.64254182677040e-06
193	1.55011960857959e-06
194	1.55127176397645e-06
195	1.60442440520029e-06
196	1.62579491649674e-06
197	1.56750600003631e-06
198	1.57514615851679e-06
199	1.65864046719162e-06
200	1.53720782740458e-06
201	1.63020455327415e-06
202	1.64054972228370e-06
203	1.60571143545640e-06
204	1.61944397678727e-06
205	1.65173228972941e-06
206	1.60150464996088e-06
207	1.63362270187944e-06
208	1.57143876782844e-06
209	1.61382019441576e-06
210	1.58924951263278e-06
211	1.58338489489740e-06
212	1.60668558172651e-06
213	1.60490945517993e-06
214	1.52446467077604e-06
215	1.54419221236185e-06
216	1.55609351858540e-06
217	1.57282975788016e-06
218	1.59512039980866e-06
219	1.71359590331495e-06
220	1.59140303362481e-06
221	1.53187943725153e-06
222	1.60660075681484e-06
223	1.58190004811452e-06
224	1.65741489700233e-06
225	1.67009537947411e-06
226	1.66126389636141e-06
227	1.73374747207944e-06
228	1.59102355393660e-06
229	1.57899874120909e-06
230	1.57824173113105e-06
231	1.67790882896156e-06
232	1.55413462955025e-06
233	1.53479157687156e-06
234	1.57894137738880e-06
235	1.73897293930809e-06
236	1.52461612963710e-06
237	1.49418758584753e-06
238	1.51723007349234e-06
239	1.64096708348728e-06
240	1.68749501352193e-06
241	1.56766132928807e-06
242	1.48682902074906e-06
243	1.64536480603861e-06
244	1.56852430389643e-06
245	1.42646434813081e-06
246	1.42604690500169e-06
247	1.53592412999327e-06
248	1.55798018516649e-06
249	1.62836255882062e-06
250	1.59920205678875e-06
251	1.54216822272775e-06
252	1.49527193218762e-06
253	1.75506982151935e-06
254	1.60150839604690e-06
255	1.50114994099334e-06
256	1.49242368683036e-06
257	1.68741072659283e-06
258	1.61967609164068e-06
259	1.50494742196816e-06
260	1.67386700674676e-06
261	1.68208699893996e-06
262	1.56958810396653e-06
263	1.58039166516963e-06
264	1.68300267143309e-06
265	1.57145052818935e-06
266	1.46865268315006e-06
267	1.61028389875784e-06
268	1.61318738239137e-06
269	1.57243844946081e-06
270	1.64642348814931e-06
271	1.61063569457196e-06
272	1.55767226558641e-06
273	1.63303333412865e-06
274	1.69409429823428e-06
275	1.63036390860799e-06
276	1.56617652605739e-06
277	1.40067141764155e-06
278	1.52599981595894e-06
279	1.51408048916434e-06
280	1.61248693135330e-06
281	1.49458881929208e-06
282	1.50302159197717e-06
283	1.34627273818118e-06
284	1.57677741219532e-06
285	1.54391292628954e-06
286	1.66899719770985e-06
287	1.62851142535101e-06
288	1.56661597718979e-06
289	1.56763451740624e-06
290	1.61493475484824e-06
291	1.65683633030242e-06
292	1.62717868266014e-06
293	1.69069917845239e-06
294	1.65393723419825e-06
295	1.64575389315712e-06
296	1.58761915459923e-06
297	1.60140601251230e-06
298	1.55335233771890e-06
299	1.58459151133760e-06
300	1.56423351297310e-06
301	1.53987340138016e-06
302	1.58554138487696e-06
303	1.68867065359372e-06
304	1.60094069980564e-06
305	1.49675965898700e-06
306	1.52229543472590e-06
307	1.44427292535096e-06
308	1.49188195142011e-06
309	1.62208913976689e-06
310	1.57014174845485e-06
311	1.52761309106175e-06
312	1.53110546957602e-06
313	1.61026672796366e-06
314	1.56802348842939e-06
315	1.43411847330025e-06
316	1.51239851315749e-06
317	1.63663830020543e-06
318	1.76050908165274e-06
319	1.62007840606829e-06
320	1.47945353651446e-06
321	1.44767480618420e-06
322	1.52102861192199e-06
323	1.67566520185478e-06
324	1.64007822980590e-06
325	1.57278093972728e-06
326	1.54156687907154e-06
327	1.41661623278204e-06
328	1.50586917543616e-06
329	1.60509352148514e-06
330	1.62912195421415e-06
331	1.51910099242821e-06
332	1.54965462191971e-06
333	1.64048519102634e-06
334	1.71405418040138e-06
335	1.69568813797507e-06
336	1.65868369356133e-06
337	1.47356283153266e-06
338	1.48371464694446e-06
339	1.49770741444988e-06
340	1.65673988260687e-06
341	1.69841122808828e-06
342	1.63633861776162e-06
343	1.51424332843210e-06
344	1.48858798023451e-06
345	1.52923456313461e-06
346	1.66097599727176e-06
347	1.66026331841516e-06
348	1.58896640750118e-06
349	1.64369156917973e-06
350	1.58752062054061e-06
351	1.69541055835158e-06
352	1.66501856744082e-06
353	1.62905636179943e-06
354	1.55901259616258e-06
355	1.59258221985380e-06
356	1.50715714418760e-06
357	1.44700754802631e-06
358	1.60570384895369e-06
359	1.63047362553776e-06
360	1.59141753666061e-06
361	1.50811320008860e-06
362	1.50255421620031e-06
363	1.53463306600818e-06
364	1.53679811747157e-06
365	1.58533338424891e-06
366	1.58564432776131e-06
367	1.65246570825622e-06
368	1.60814056893648e-06
369	1.59862890113450e-06
370	1.60790869503629e-06
371	1.63168619202190e-06
372	1.65798270463872e-06
373	1.69374983614816e-06
374	1.66009995593558e-06
375	1.49378012883432e-06
376	1.46897434273087e-06
377	1.43751509322413e-06
378	1.51712780780477e-06
379	1.59254616114853e-06
380	1.55749129521160e-06
381	1.52728045230313e-06
382	1.52624700811493e-06
383	1.45216062282775e-06
384	1.42950637662165e-06
385	1.54543653648055e-06
386	1.55046798957428e-06
387	1.64738842523952e-06
388	1.67763653195282e-06
389	1.71622516853462e-06
390	1.73150785794360e-06
391	1.65522093902349e-06
392	1.59425343132409e-06
393	1.54899719098238e-06
394	1.53495026095023e-06
395	1.57547550577167e-06
396	1.56672321865635e-06
397	1.51438150599644e-06
398	1.45288554023659e-06
399	1.33934658119705e-06
400	1.31714501586028e-06
401	1.36465802715167e-06
402	1.49874910746422e-06
403	1.53965708757903e-06
404	1.62586004882033e-06
405	1.66884830745618e-06
406	1.64517329591949e-06
407	1.56257165535845e-06
408	1.52879996694488e-06
409	1.52716558372692e-06
410	1.51252963860548e-06
411	1.51486046041440e-06
412	1.54043124327112e-06
413	1.61766628283810e-06
414	1.58694929414324e-06
415	1.51100425304995e-06
416	1.50388847170769e-06
417	1.53951900522197e-06
418	1.55368437823827e-06
419	1.50827888037691e-06
420	1.59108791608055e-06
421	1.53543316605912e-06
422	1.48137740037103e-06
423	1.47500592669027e-06
424	1.42148189810820e-06
425	1.46781621366248e-06
426	1.56726460447191e-06
427	1.44516382285523e-06
428	1.44580737631323e-06
429	1.52592358351736e-06
430	1.59783415211339e-06
431	1.64918221475992e-06
432	1.58656351063484e-06
433	1.57447727798781e-06
434	1.55567835729902e-06
435	1.58104444939191e-06
436	1.60266810476983e-06
437	1.60996050360084e-06
438	1.63903341730391e-06
439	1.73676785266560e-06
440	1.73751231242376e-06
441	1.69680968427645e-06
442	1.68696058452597e-06
443	1.73685705528872e-06
444	1.78385506580971e-06
445	1.72049449412225e-06
446	1.64014813591199e-06
447	1.61805837781407e-06
448	1.64934974051673e-06
449	1.66779297989561e-06
450	1.70556413760525e-06
451	1.68978019762815e-06
452	1.69630308774587e-06
453	1.63098876024285e-06
454	1.75621531084323e-06
455	1.75477115288026e-06
456	1.78743061602440e-06
457	1.73783629212749e-06
458	1.69397236481822e-06
459	1.65688163542183e-06
460	1.63984276354845e-06
461	1.60226760514945e-06
462	1.61724562513350e-06
463	1.59112646917312e-06
464	1.57709086778812e-06
465	1.58876941669528e-06
466	1.59352858070528e-06
467	1.61266605567837e-06
468	1.64547448822550e-06
469	1.74822115679119e-06
470	1.79790359993012e-06
471	1.74534027808790e-06
472	1.66598200884353e-06
473	1.66952696353972e-06
474	1.55757234768659e-06
475	1.45769780581532e-06
476	1.42091208629914e-06
477	1.47181918141788e-06
478	1.52945236165918e-06
479	1.51012181682847e-06
480	1.56042123413379e-06
481	1.57831981568136e-06
482	1.59389027271681e-06
483	1.64927728482153e-06
484	1.63693198811028e-06
485	1.63511769783751e-06
486	1.61862699168443e-06
487	1.63623775454084e-06
488	1.61976745771585e-06
489	1.61515479720982e-06
490	1.55988644032128e-06
491	1.43427676824075e-06
492	1.41057395907126e-06
493	1.43987186493813e-06
494	1.46803458288709e-06
495	1.48226924724867e-06
496	1.49715625368010e-06
497	1.53069247742428e-06
498	1.57262870435866e-06
499	1.55574102499066e-06
