1	2.77352270239544e-07
2	3.78613733272949e-07
3	4.51199542102474e-07
4	5.08279105088012e-07
5	5.54955277035455e-07
6	5.94452277258868e-07
7	6.28753594895522e-07
8	6.58641340420350e-07
9	6.85382094767309e-07
10	7.06800866470577e-07
11	7.26699238751095e-07
12	7.50730952729908e-07
13	7.59213305125213e-07
14	7.79058001629317e-07
15	7.90718378686328e-07
16	8.07920904218017e-07
17	8.21292292967128e-07
18	8.31314433788168e-07
19	8.36610045977311e-07
20	8.36850173405504e-07
21	8.51059691555619e-07
22	8.58539047825060e-07
23	8.76676378258266e-07
24	8.86148195735314e-07
25	8.75925447078190e-07
26	8.84014873077124e-07
27	8.80836386049621e-07
28	9.01798546543357e-07
29	8.89366032683190e-07
30	8.90362700497908e-07
31	9.12963321087699e-07
32	9.11992813520643e-07
33	9.05735388974701e-07
34	9.19395358732419e-07
35	9.11432696801354e-07
36	9.14529333036295e-07
37	9.29096529474344e-07
38	9.51835653956575e-07
39	9.14660448777065e-07
40	9.28241541995367e-07
41	9.27086159143343e-07
42	9.64559126017977e-07
43	9.23541551869336e-07
44	9.35900356010856e-07
45	9.60681647266690e-07
46	9.70836687393994e-07
47	9.57137919834135e-07
48	9.20892962979877e-07
49	9.72197076185672e-07
50	9.54133256256672e-07
51	9.57748355179562e-07
52	9.32893031541068e-07
53	9.73666400304576e-07
54	9.15507427030873e-07
55	9.72080774379752e-07
56	9.90821478259218e-07
57	9.58645629485272e-07
58	9.78021132154175e-07
59	9.61496796059664e-07
60	9.60213888896285e-07
61	9.44747791318493e-07
62	9.80134066130347e-07
63	9.67990277024076e-07
64	1.00208002020631e-06
65	9.61934390547902e-07
66	9.97768518850738e-07
67	1.01628725394089e-06
68	9.51912040179743e-07
69	9.61480422963510e-07
70	9.60966095956258e-07
71	9.49333854162691e-07
72	9.92674282301294e-07
73	9.93301970638588e-07
74	9.98123066899421e-07
75	9.58723283467982e-07
76	9.76998896850955e-07
77	9.73492752832562e-07
78	9.95334575900934e-07
79	1.00698795439976e-06
80	1.00619239154781e-06
81	9.65411535420491e-07
82	9.73017963725950e-07
83	9.99453934475363e-07
84	1.04269371071488e-06
85	1.02146862379759e-06
86	9.83194251890715e-07
87	9.88207669765856e-07
88	9.78534630518088e-07
89	9.91325931486659e-07
90	1.00750202544562e-06
91	9.92804629702171e-07
92	1.01418280679252e-06
93	1.00291825757887e-06
94	1.02556118310743e-06
95	9.65841117773960e-07
96	9.65079804426953e-07
97	1.02990329042798e-06
98	1.04718481317661e-06
99	9.61024862012051e-07
100	9.36872155134064e-07
101	9.66263381653949e-07
102	1.00058401705054e-06
103	9.99579319861191e-07
104	9.86768343898118e-07
105	1.01091244515823e-06
106	9.99335738991200e-07
107	9.61239493996631e-07
108	9.56881226442322e-07
109	1.00781171973972e-06
110	9.89991771953525e-07
111	9.69430964172267e-07
112	1.04028932375024e-06
113	9.85099445140807e-07
114	1.03201939168098e-06
115	1.03337104385980e-06
116	1.00563914523985e-06
117	1.01681807922925e-06
118	1.01576470314314e-06
119	9.92863810394194e-07
120	9.76062723618012e-07
121	9.99853453740423e-07
122	9.72213944299329e-07
123	9.87268991564101e-07
124	1.01970519396132e-06
125	1.00037446823149e-06
126	1.01123711498521e-06
127	9.42552909354176e-07
128	1.01683690567531e-06
129	9.93526176471175e-07
130	9.78561625959821e-07
131	1.00130956423257e-06
132	9.95921842610749e-07
133	1.02819873245987e-06
134	1.07916015966965e-06
135	1.02659781587589e-06
136	9.61005162344419e-07
137	1.00685920108192e-06
138	1.07014573461985e-06
139	9.67951310392779e-07
140	1.03279503600908e-06
141	1.00264042114579e-06
142	9.95535736866381e-07
143	1.05979858216817e-06
144	9.97349089854938e-07
145	1.05914385120375e-06
146	1.02947435636524e-06
147	9.96733624857436e-07
148	9.85867101705078e-07
149	1.07887353701755e-06
150	1.00658957156057e-06
151	1.05458648849632e-06
152	9.72572786699413e-07
153	1.04098021596763e-06
154	9.42045479208813e-07
155	1.06750664460655e-06
156	1.01591846219043e-06
157	1.06126352514454e-06
158	1.01704615895003e-06
159	1.03605352936810e-06
160	1.03688740400669e-06
161	1.01218888466668e-06
162	9.31062679652944e-07
163	9.80319570259503e-07
164	9.94321971479357e-07
165	9.82573295592940e-07
166	1.02416175930510e-06
167	1.04785747337738e-06
168	1.04959616763563e-06
169	9.91636792175807e-07
170	9.84707713757663e-07
171	1.00440941208173e-06
172	1.06550800506716e-06
173	9.97093727209153e-07
174	1.06164354238477e-06
175	1.02299518166328e-06
176	9.78068701653040e-07
177	1.11437099214337e-06
178	9.68343213205706e-07
179	1.05146175523358e-06
180	1.01546302920644e-06
181	1.00924535765487e-06
182	1.02610040564863e-06
183	1.02131309530861e-06
184	1.01070338022360e-06
185	9.64024839127342e-07
186	1.05645920404384e-06
187	1.11253224436960e-06
188	1.06795986809879e-06
189	1.08781757241693e-06
190	1.00324117583221e-06
191	9.77092158126524e-07
192	9.63655645891230e-07
193	1.01412566861904e-06
194	9.62000592349831e-07
195	1.00769749853654e-06
196	1.06945911876589e-06
197	1.03071056291203e-06
198	1.02560744291280e-06
199	1.04398107933361e-06
200	9.96532385444508e-07
201	9.75739079352673e-07
202	9.17593549090349e-07
203	1.01521416768630e-06
204	1.02845352583951e-06
205	9.97828501663172e-07
206	9.80632972264232e-07
207	1.01939776474554e-06
208	9.94928905754249e-07
209	1.10635950986040e-06
210	1.05302836680245e-06
211	1.04915229821916e-06
212	1.04138638752848e-06
213	9.68799563792274e-07
214	1.00598189573275e-06
215	1.06118941705096e-06
216	1.06516731370284e-06
217	1.04572328239061e-06
218	1.02689853024895e-06
219	1.01652775261674e-06
220	9.88337446359325e-07
221	1.01028369245701e-06
222	1.00313184446118e-06
223	1.04993987512509e-06
224	9.78666718967090e-07
225	9.36049541077695e-07
226	9.87443694482372e-07
227	1.02190981288133e-06
228	1.04222661700233e-06
229	1.08224433691573e-06
230	9.97232801962838e-07
231	1.03684035872307e-06
232	1.03732074537391e-06
233	1.01107707358860e-06
234	9.92414611617870e-07
235	9.68247989804162e-07
236	1.00875250748939e-06
237	1.03974482596080e-06
238	1.02347168021966e-06
239	1.05626661976822e-06
240	1.02386234318607e-06
241	9.42944917834242e-07
242	9.64832794496660e-07
243	1.03884140141296e-06
244	1.01462742058123e-06
245	1.00663646416732e-06
246	1.06300911277302e-06
247	1.08005503069545e-06
248	1.05056481185969e-06
249	1.04333477413220e-06
250	1.04294507927096e-06
251	1.12361815157970e-06
252	1.06481112102909e-06
253	1.03823923625568e-06
254	9.23076476992841e-07
255	9.91845235213332e-07
256	9.87390140543845e-07
257	8.74369697735760e-07
258	8.75664389193079e-07
259	1.01064157865154e-06
260	9.93983761884414e-07
261	9.78966607122132e-07
262	9.61569935249785e-07
263	9.77432469782901e-07
264	9.21595743940365e-07
265	1.02897295872142e-06
266	1.07277089169296e-06
267	1.04505768993551e-06
268	1.02023569551685e-06
269	9.41832984008848e-07
270	9.85520999684828e-07
271	9.86090307416931e-07
272	9.82409858587269e-07
273	1.06175990680500e-06
274	1.03543407745102e-06
275	1.06619996345670e-06
276	1.09122069321980e-06
277	1.02794258348367e-06
278	9.65060719040667e-07
279	1.00846127248315e-06
280	1.04096484656569e-06
281	1.04496501911018e-06
282	9.84174382414910e-07
283	9.88921843035178e-07
284	9.73283965291342e-07
285	1.00496316883578e-06
286	1.00611931030690e-06
287	1.00238649874271e-06
288	1.00263025431367e-06
289	1.02860595768760e-06
290	1.02415072964810e-06
291	9.41194829742062e-07
292	9.48762581766505e-07
293	1.03403372704368e-06
294	1.04620300875790e-06
295	9.86993050496700e-07
296	9.96958419322795e-07
297	9.85351317159704e-07
298	9.97612350345400e-07
299	9.43690874547214e-07
300	9.96847800424084e-07
301	1.03523935842524e-06
302	1.08005991334567e-06
303	9.96298931388089e-07
304	9.06833215524817e-07
305	8.80621723193683e-07
306	9.23285773265444e-07
307	1.00179306262526e-06
308	9.73891134102383e-07
309	9.76959768888068e-07
310	9.99026913446592e-07
311	9.38350361698156e-07
312	9.98005110815050e-07
313	9.22930478693588e-07
314	9.34690540557985e-07
315	9.29584772559488e-07
316	9.34600600487891e-07
317	1.05170771785203e-06
318	9.86314773922529e-07
319	1.00093986040793e-06
320	1.00527548993842e-06
321	1.06961796860178e-06
322	1.13847534585632e-06
323	1.07891890045067e-06
324	1.01452754141073e-06
325	1.00788908491510e-06
326	1.00885379696490e-06
327	1.01442527543778e-06
328	1.04460068132954e-06
329	9.97542906501671e-07
330	9.28238202761370e-07
331	9.46838539515657e-07
332	9.33745015860618e-07
333	9.94611154357009e-07
334	1.00448960773548e-06
335	1.07791152582426e-06
336	1.06116892037950e-06
337	9.94344105285355e-07
338	1.01628465588406e-06
339	9.44707446362156e-07
340	8.68565216638528e-07
341	8.68992448456369e-07
342	9.19964483998054e-07
343	9.15780500461131e-07
344	1.06012023502250e-06
345	1.05871664683517e-06
346	1.03415246071758e-06
347	9.91907614942960e-07
348	9.74235336023555e-07
349	9.43973114333648e-07
350	9.29599860958164e-07
351	9.11711804504760e-07
352	9.05152789055950e-07
353	9.24543513071019e-07
354	9.71474464587024e-07
355	9.46163278802633e-07
356	9.35434796677143e-07
357	1.00599985823822e-06
358	9.63982487073163e-07
359	9.11225502942593e-07
360	8.77722565639557e-07
361	8.72994944707311e-07
362	9.32812562521505e-07
363	8.98744284692567e-07
364	9.34803609144998e-07
365	9.99215135271589e-07
366	1.00486871958398e-06
367	9.43096139953984e-07
368	9.22854619876006e-07
369	9.04314462713361e-07
370	9.63281045665705e-07
371	1.03552813885332e-06
372	1.08606141917184e-06
373	1.10031748282246e-06
374	1.09710308909249e-06
375	1.09216446266917e-06
376	1.05864059405750e-06
377	1.02884702865719e-06
378	9.54441895473716e-07
379	9.55668896305042e-07
380	9.96492345971328e-07
381	9.13459143192246e-07
382	9.25892018538685e-07
383	8.41768645371816e-07
384	9.29430382181390e-07
385	9.73395360135884e-07
386	9.75118812728732e-07
387	9.48548947271563e-07
388	9.72986917285585e-07
389	1.00299398875130e-06
390	9.82974345623939e-07
391	1.00004658714950e-06
392	1.03695610330231e-06
393	9.83068598553723e-07
394	9.17440914069559e-07
395	9.34092143425364e-07
396	8.81186076381637e-07
397	9.12901591971394e-07
398	9.49045738949478e-07
399	9.44099156943336e-07
400	9.93737210141546e-07
401	1.02297091118843e-06
402	9.89469952122336e-07
403	9.55875383722124e-07
404	8.97160864701707e-07
405	1.00026852435778e-06
406	9.61334804886494e-07
407	9.92493750536186e-07
408	1.00471386836318e-06
409	9.98931878712121e-07
410	1.01358011665563e-06
411	1.00438110749457e-06
412	9.97635686771251e-07
413	1.07880293768355e-06
414	1.06482326904174e-06
415	1.00914226660231e-06
416	1.01773790421724e-06
417	1.02682268312237e-06
418	1.02118183737244e-06
419	1.05652912370394e-06
420	1.03202272421444e-06
421	1.00700459820445e-06
422	1.00816907519912e-06
423	9.91252310783032e-07
424	9.84407435115698e-07
425	9.87700330762285e-07
426	9.40118188996715e-07
427	8.95060335313394e-07
428	8.98766486023113e-07
429	9.16533894513837e-07
430	9.74268869704409e-07
431	9.44953475522802e-07
432	9.74133517059711e-07
433	8.59650062674465e-07
434	9.19445632593647e-07
435	8.86485518441083e-07
436	8.35542492684989e-07
437	8.67007990178056e-07
438	9.10436218361122e-07
439	9.10280259367805e-07
440	8.58501319054652e-07
441	9.14919092186828e-07
442	8.78815321675013e-07
443	8.45550782413450e-07
444	8.93114062701048e-07
445	9.08353497844332e-07
446	9.82920816628033e-07
447	9.59729756494908e-07
448	9.37087677726171e-07
449	9.75694885704207e-07
450	1.00330347880885e-06
451	1.02890043077401e-06
452	1.00601968415794e-06
453	9.85376742365245e-07
454	9.63048823087130e-07
455	9.11566934146952e-07
456	8.82160182991810e-07
457	9.39411505027817e-07
458	9.58136026717811e-07
459	9.76475015661850e-07
460	9.51308468132057e-07
461	9.58044380936486e-07
462	9.50320152226705e-07
463	9.90013750062214e-07
464	1.06306957442227e-06
465	1.07240175668349e-06
466	1.03902697008992e-06
467	9.92161383431356e-07
468	9.73185732531445e-07
469	9.92142886167062e-07
470	9.47821934859133e-07
471	9.63392739520550e-07
472	9.55599924187026e-07
473	9.30923668963434e-07
474	9.57114404246228e-07
475	9.48504187061799e-07
476	9.52639198830468e-07
477	9.21235356885051e-07
478	9.61275171433733e-07
479	9.41877668229227e-07
480	8.98889858643294e-07
481	9.29076128845995e-07
482	8.92377621148605e-07
483	9.54045261272986e-07
484	9.75354163878469e-07
485	9.86188912294758e-07
486	9.93619209071028e-07
487	9.93337931165642e-07
488	1.00100611462982e-06
489	9.44596093722227e-07
490	9.28698502699411e-07
491	9.54136763842460e-07
492	9.65410156057467e-07
493	9.88423374555911e-07
494	1.00868116812899e-06
495	9.45950748076132e-07
496	9.83108308817586e-07
497	9.55625022960014e-07
498	9.48921795313406e-07
499	9.57905270850099e-07
