1	1.29403470165947e-04
2	1.78294460938709e-04
3	2.14125596452899e-04
4	2.42762166579347e-04
5	2.66941342869059e-04
6	2.87748972628449e-04
7	3.06145868378896e-04
8	3.21938607902951e-04
9	3.37206611238931e-04
10	3.49813087990372e-04
11	3.62234461494839e-04
12	3.72699078130223e-04
13	3.83316636228763e-04
14	3.92489117728805e-04
15	4.01107149515748e-04
16	4.08237674744577e-04
17	4.15376237138360e-04
18	4.23670757666326e-04
19	4.29365900135226e-04
20	4.34067026781894e-04
21	4.41730953792436e-04
22	4.46433828404114e-04
23	4.51645833788361e-04
24	4.56300475652848e-04
25	4.60537376432633e-04
26	4.66489809975552e-04
27	4.65812003575026e-04
28	4.72328274998661e-04
29	4.75393379653537e-04
30	4.78563333947753e-04
31	4.82573838652823e-04
32	4.82998153295355e-04
33	4.88038342175902e-04
34	4.91012679141986e-04
35	4.92937412636048e-04
36	4.95095115700010e-04
37	4.99836669610113e-04
38	5.00741771915753e-04
39	5.03737575644927e-04
40	5.03306231481384e-04
41	5.05447509541144e-04
42	5.11586880666582e-04
43	5.14258476718331e-04
44	5.12594254442694e-04
45	5.16404075199608e-04
46	5.17082429090659e-04
47	5.17923613927405e-04
48	5.24623704100094e-04
49	5.25625327286339e-04
50	5.28310136049216e-04
51	5.28406158979424e-04
52	5.23942874928522e-04
53	5.27625403325266e-04
54	5.26614155686279e-04
55	5.30331135919275e-04
56	5.31053696308284e-04
57	5.31303244860754e-04
58	5.39542493575913e-04
59	5.41207106615378e-04
60	5.37794822876035e-04
61	5.39686905834312e-04
62	5.47362549764100e-04
63	5.43665251363173e-04
64	5.39595632594556e-04
65	5.46394098083420e-04
66	5.48199931407467e-04
67	5.43270949901510e-04
68	5.44421694505866e-04
69	5.46586398270580e-04
70	5.51107678720421e-04
71	5.47936210132153e-04
72	5.49241798833299e-04
73	5.54014105026168e-04
74	5.52371265741532e-04
75	5.50206464931234e-04
76	5.49883416225713e-04
77	5.53203437900827e-04
78	5.53930895874261e-04
79	5.55987030392144e-04
80	5.50507334923273e-04
81	5.47813776717779e-04
82	5.55295373054308e-04
83	5.57959746922534e-04
84	5.63236325757241e-04
85	5.53975414563997e-04
86	5.57481849369213e-04
87	5.56711879441969e-04
88	5.55789362363392e-04
89	5.61328930132307e-04
90	5.61092028052957e-04
91	5.61090258061065e-04
92	5.62085927695287e-04
93	5.69068519307894e-04
94	5.58816572214551e-04
95	5.59933429985068e-04
96	5.62544495365247e-04
97	5.67306025708523e-04
98	5.72755606417063e-04
99	5.66260012940737e-04
100	5.64213153216960e-04
101	5.70529247922402e-04
102	5.61301646966863e-04
103	5.69146185382001e-04
104	5.58193370066567e-04
105	5.72766701341057e-04
106	5.84533481944689e-04
107	5.66173137097957e-04
108	5.61193465934839e-04
109	5.63929081587819e-04
110	5.76027714298280e-04
111	5.60970363115952e-04
112	5.70228865120759e-04
113	5.82089988668606e-04
114	5.71890922960682e-04
115	5.67881577677216e-04
116	5.76495104167190e-04
117	5.74993663076983e-04
118	5.86856300401010e-04
119	5.90213991240020e-04
120	5.84375330782620e-04
121	5.72887095292323e-04
122	5.75453779146325e-04
123	5.82861772424400e-04
124	5.83501822544207e-04
125	5.80872825177321e-04
126	5.67917874961844e-04
127	5.71191158397670e-04
128	5.81192667491407e-04
129	5.85588327844745e-04
130	5.77888332739184e-04
131	5.86527895428749e-04
132	5.81110282248065e-04
133	6.03372358995432e-04
134	5.77858947690035e-04
135	5.85370741766717e-04
136	5.63487296490364e-04
137	5.77479570815902e-04
138	5.87202453636527e-04
139	5.90982690630831e-04
140	5.98127679271331e-04
141	5.76359820847442e-04
142	5.82302149132803e-04
143	5.76775760503002e-04
144	5.76030805187865e-04
145	5.74478164602725e-04
146	5.83945558784336e-04
147	5.98403381980418e-04
148	5.71703452511392e-04
149	5.76547815711781e-04
150	5.76397004306671e-04
151	6.00413148326603e-04
152	5.95566518498970e-04
153	5.81109304854476e-04
154	5.79410480314789e-04
155	6.00911801468512e-04
156	5.80859786059825e-04
157	5.72670021611848e-04
158	5.90292995279485e-04
159	5.85137120509974e-04
160	5.93415305625240e-04
161	5.87950658098539e-04
162	5.79967158467312e-04
163	5.74277322537992e-04
164	5.99236048451025e-04
165	5.73786347591516e-04
166	5.87712507772460e-04
167	6.00429523385060e-04
168	6.02502449415568e-04
169	5.97720645033676e-04
170	5.79412756974380e-04
171	5.76032839812788e-04
172	5.82061711840648e-04
173	5.91201285393413e-04
174	5.92475383828691e-04
175	5.86914334549578e-04
176	5.82309199841822e-04
177	5.91983961009805e-04
178	5.91683748860376e-04
179	5.80067559503440e-04
180	5.92962971923958e-04
181	6.14148698290752e-04
182	5.80798715050300e-04
183	5.96982313684712e-04
184	5.80183716673552e-04
185	5.95964727527873e-04
186	5.89587939876437e-04
187	5.86366747492297e-04
188	5.94314206224311e-04
189	5.97863058212100e-04
190	6.05480333160224e-04
191	5.91699638146919e-04
192	5.98895578099853e-04
193	5.76626748319501e-04
194	6.03041337383696e-04
195	5.92183691872085e-04
196	6.03077165307176e-04
197	5.94539063792202e-04
198	5.91486160880166e-04
199	5.98724806624809e-04
200	5.90478382425798e-04
201	5.89260407643656e-04
202	6.11384351717195e-04
203	5.93801098103567e-04
204	5.71334577753308e-04
205	5.95767136800637e-04
206	5.94742574588682e-04
207	5.92513947125085e-04
208	5.97752208697714e-04
209	6.00089421831509e-04
210	5.80284624897044e-04
211	5.95195480422396e-04
212	5.93861095379456e-04
213	5.79795188529753e-04
214	5.98641052499915e-04
215	5.88076320690558e-04
216	5.86004779922785e-04
217	5.77224010824155e-04
218	5.71211155108560e-04
219	5.96308514352488e-04
220	5.91057205704484e-04
221	5.87216935310999e-04
222	5.96145645559891e-04
223	6.01142401696736e-04
224	5.94021007181599e-04
225	5.86133847957245e-04
226	5.94424540468249e-04
227	5.78211886089019e-04
228	5.96207636840103e-04
229	6.09486745892877e-04
230	5.98643198239038e-04
231	5.80527139198146e-04
232	5.91169067448314e-04
233	5.82718107245459e-04
234	5.89853876015186e-04
235	6.02421503574286e-04
236	6.05053766142772e-04
237	5.80587009037684e-04
238	6.12972323273553e-04
239	6.03552656573294e-04
240	5.96342266210017e-04
241	5.96021306656680e-04
242	5.75943713574024e-04
243	5.79370333585769e-04
244	6.11837368192095e-04
245	5.96871130552964e-04
246	5.91302831774929e-04
247	6.10148364171660e-04
248	6.13865677525244e-04
249	5.85943032236965e-04
250	6.05946165123948e-04
251	5.99161673980195e-04
252	5.88031813510142e-04
253	6.06081828883114e-04
254	5.89332656522294e-04
255	5.90255388811302e-04
256	5.83827633776065e-04
257	6.06782152412240e-04
258	5.81587314701768e-04
259	5.76612754309654e-04
260	5.98013471325870e-04
261	5.98789439392122e-04
262	5.88104726987585e-04
263	5.96897609414730e-04
264	5.98411830734776e-04
265	5.85570945760726e-04
266	6.22875345208639e-04
267	5.96547068240667e-04
268	5.77919877103342e-04
269	6.02085500707737e-04
270	6.12639228905575e-04
271	5.94086278725815e-04
272	5.92707836394939e-04
273	6.00420994712646e-04
274	5.92315017652228e-04
275	5.86070494731024e-04
276	6.07855565293127e-04
277	5.99680269281102e-04
278	6.17559096998770e-04
279	5.94277695621714e-04
280	6.01944778276462e-04
281	6.14170568348005e-04
282	5.91220202322946e-04
283	5.99069044155650e-04
284	6.12246975408606e-04
285	5.77978876607534e-04
286	5.82760786760550e-04
287	5.81721434139275e-04
288	6.12434090991277e-04
289	5.83665815650042e-04
290	5.82768337499785e-04
291	6.02100596390222e-04
292	5.95165369460746e-04
293	5.95056473079818e-04
294	6.17973541945069e-04
295	5.95264315705612e-04
296	5.79906596361687e-04
297	5.90429038373347e-04
298	6.06684032587430e-04
299	6.03303072305475e-04
300	5.82487666555376e-04
301	5.72596338407581e-04
302	6.16358526214371e-04
303	5.95294931704909e-04
304	6.04098786439544e-04
305	5.96808136001025e-04
306	6.11543049405569e-04
307	5.98768034194883e-04
308	6.03328730151466e-04
309	5.87207982381962e-04
310	6.16584285396226e-04
311	5.99427886056834e-04
312	5.92238349572049e-04
313	5.99502184580811e-04
314	6.07768289473830e-04
315	5.97430546226074e-04
316	5.96256578952966e-04
317	5.88095462535951e-04
318	6.06360301389533e-04
319	5.92347798305086e-04
320	6.02796001952598e-04
321	5.83036124331779e-04
322	5.97690028665181e-04
323	6.03702093080930e-04
324	6.07423323303985e-04
325	5.96542067813773e-04
326	5.77559994963350e-04
327	5.98345756240259e-04
328	6.08130851086379e-04
329	5.86304787815739e-04
330	5.76173325581031e-04
331	6.26543140391525e-04
332	5.87619926257858e-04
333	6.01762103123181e-04
334	5.91934989133513e-04
335	5.93990028358670e-04
336	5.83287501637777e-04
337	5.52760730797982e-04
338	6.02421206871777e-04
339	6.02452398263225e-04
340	5.85366558084829e-04
341	6.17625874550612e-04
342	5.95495800023819e-04
343	5.99453285169373e-04
344	5.82658726978487e-04
345	5.96781141325756e-04
346	5.92524621727561e-04
347	5.96386903736208e-04
348	5.96533114897749e-04
349	6.01247833238796e-04
350	6.07485824870291e-04
351	5.82914776346004e-04
352	5.79232654863147e-04
353	6.23330275957921e-04
354	6.07707880357123e-04
355	6.10278174598620e-04
356	6.14809532257198e-04
357	6.09453537614105e-04
358	5.89321509869964e-04
359	5.88186553224573e-04
360	6.04934564736311e-04
361	5.95168902444135e-04
362	5.97868987503213e-04
363	6.05983782236080e-04
364	5.87769246956930e-04
365	6.07254095010337e-04
366	5.96808401209270e-04
367	6.15390272170873e-04
368	6.05476603752755e-04
369	6.06145664296547e-04
370	5.96724754609347e-04
371	5.95670833622489e-04
372	6.06968478889224e-04
373	5.85833806134813e-04
374	5.95799316699774e-04
375	6.13441996420022e-04
376	5.70830348123465e-04
377	5.97619328695800e-04
378	6.00240108361960e-04
379	6.01178358558823e-04
380	6.02842543722051e-04
381	5.92032460469132e-04
382	5.96171479022340e-04
383	5.89461705017099e-04
384	5.98471151872465e-04
385	5.85816467130302e-04
386	5.83090068024779e-04
387	6.20471323502692e-04
388	6.14415819701278e-04
389	5.88117822656187e-04
390	5.85702403433903e-04
391	5.94479865296589e-04
392	6.03158511154625e-04
393	5.90522906996445e-04
394	6.04957565887905e-04
395	5.74672087227297e-04
396	5.99818544777115e-04
397	6.05295306489175e-04
398	6.01456221852221e-04
399	6.03738685790637e-04
400	6.18642489626760e-04
401	5.87225287584328e-04
402	5.89926845821374e-04
403	5.91126385000221e-04
404	5.88343218962156e-04
405	6.01721056907334e-04
406	6.09973671098490e-04
407	5.91747719641270e-04
408	6.01582732352832e-04
409	6.01970622884194e-04
410	5.88675860345336e-04
411	5.82525344576574e-04
412	5.89963027440953e-04
413	6.14231083631737e-04
414	5.91818849410998e-04
415	5.83540166348712e-04
416	6.06929414267213e-04
417	6.02133340192576e-04
418	6.02811860631340e-04
419	5.71432801203434e-04
420	6.13103829682568e-04
421	5.83745202622276e-04
422	6.00270647749398e-04
423	5.73508088640571e-04
424	6.04204172792004e-04
425	6.06077652904623e-04
426	5.91544167604774e-04
427	5.99673314754386e-04
428	5.91682497866935e-04
429	6.12578019059420e-04
430	5.84418272633547e-04
431	5.83839713787153e-04
432	5.88998791997446e-04
433	5.71438834087393e-04
434	5.93032266186731e-04
435	5.88344084155044e-04
436	5.81015086752713e-04
437	6.12953299696227e-04
438	6.11316427561532e-04
439	6.10592978795400e-04
440	6.04356644318988e-04
441	5.90751047269480e-04
442	5.95205332570391e-04
443	5.95223739965453e-04
444	5.69251233759328e-04
445	5.78167861835864e-04
446	5.86619498475775e-04
447	6.07008682906161e-04
448	5.89220159400255e-04
449	5.96789903948727e-04
450	5.93189596376043e-04
451	6.16870455312951e-04
452	6.08764999216639e-04
453	6.12526629649214e-04
454	5.94291145577389e-04
455	5.97901802612889e-04
456	6.02594992442382e-04
457	6.07742933462212e-04
458	5.94271298482918e-04
459	6.01105036194741e-04
460	5.92454230891777e-04
461	6.16564990602424e-04
462	5.92538652854864e-04
463	5.74002542391171e-04
464	5.91053294379641e-04
465	6.13150480116960e-04
466	5.92039437971257e-04
467	5.99724041123147e-04
468	5.96257980339929e-04
469	5.94111466540716e-04
470	6.08259429370063e-04
471	5.82980447193547e-04
472	5.87915600164098e-04
473	5.77453593296072e-04
474	6.18082918262312e-04
475	6.02633567691097e-04
476	6.03907763308596e-04
477	6.27753039294170e-04
478	5.98201900428623e-04
479	6.11052433269839e-04
480	5.91842759772673e-04
481	6.17612680996035e-04
482	5.92268114816775e-04
483	5.90363882399128e-04
484	5.73759584018780e-04
485	6.22280599285672e-04
486	5.90250563431414e-04
487	5.85307085878923e-04
488	6.44759266355981e-04
489	5.86659208019289e-04
490	6.03887598506975e-04
491	5.95084057247513e-04
492	5.89724178501972e-04
493	5.80304653192386e-04
494	6.00055153027167e-04
495	5.88622915542492e-04
496	5.98291846800378e-04
497	6.06526157433580e-04
498	5.88050284578772e-04
499	5.84635673958127e-04
