1	2.08330454134188e-04
2	2.75062528054093e-04
3	3.20109865887207e-04
4	3.54900425442150e-04
5	3.81049357693691e-04
6	3.98347112319310e-04
7	4.18100103495637e-04
8	4.33918484577507e-04
9	4.44592736284510e-04
10	4.54438823052728e-04
11	4.59167050820969e-04
12	4.68573230796955e-04
13	4.77158990331679e-04
14	4.86455836387356e-04
15	4.82668123429674e-04
16	5.04163663522156e-04
17	4.99546928611669e-04
18	5.02879338990697e-04
19	5.05923601725558e-04
20	5.08123424863587e-04
21	5.08539512683402e-04
22	5.12760180352375e-04
23	5.14406941873567e-04
24	5.21478360563849e-04
25	5.05413119530821e-04
26	5.30678774382314e-04
27	5.25300653231371e-04
28	5.29676893951744e-04
29	5.19282383807212e-04
30	5.18361851563693e-04
31	5.30417176323482e-04
32	5.28212706522821e-04
33	5.22758876358285e-04
34	5.24166702717022e-04
35	5.32998727710413e-04
36	5.26801612300298e-04
37	5.34183260919567e-04
38	5.39998147702783e-04
39	5.31645981488651e-04
40	5.46029010117782e-04
41	5.18634739641571e-04
42	5.21401361126911e-04
43	5.39142280762958e-04
44	5.40531306147773e-04
45	5.39661815557966e-04
46	5.61071992632135e-04
47	5.33925628549215e-04
48	5.35278864662354e-04
49	5.48818763902674e-04
50	5.27328350354644e-04
51	5.26046287505835e-04
52	5.45958906764990e-04
53	5.31166437991265e-04
54	5.32313428123844e-04
55	5.49056902990750e-04
56	5.52982349835017e-04
57	5.48048223143697e-04
58	5.39023247860827e-04
59	5.43172728834489e-04
60	5.38443321226675e-04
61	5.53641092214177e-04
62	5.28135137367677e-04
63	5.31688663306422e-04
64	5.50213112072679e-04
65	5.22436064463816e-04
66	5.40269970811358e-04
67	5.66299049541903e-04
68	5.41657081921639e-04
69	5.45685118493209e-04
70	5.30170911243117e-04
71	5.55406030548072e-04
72	5.63301343378213e-04
73	5.69821780959514e-04
74	5.39178413125793e-04
75	5.61325345528798e-04
76	5.51413436515381e-04
77	5.64859282321766e-04
78	5.49408427029773e-04
79	5.43946336049670e-04
80	5.50489864103233e-04
81	5.55184669730054e-04
82	5.52811453970729e-04
83	5.73741842585648e-04
84	5.31280761928091e-04
85	5.53896315069091e-04
86	5.73222269832519e-04
87	5.44367940642938e-04
88	5.70268115984556e-04
89	5.42117936914448e-04
90	5.81000578566517e-04
91	5.80042340667860e-04
92	5.84912881144941e-04
93	5.45150552586515e-04
94	5.79620174709679e-04
95	5.40205803131863e-04
96	5.41873442798802e-04
97	5.43601597817850e-04
98	5.65443063164623e-04
99	5.62290308509072e-04
100	5.63805202597053e-04
101	5.39649786798356e-04
102	5.55312347546756e-04
103	5.67671246549569e-04
104	5.70585654805711e-04
105	5.67219211747924e-04
106	5.26972805490709e-04
107	5.78465534361739e-04
108	5.64715643049934e-04
109	5.96749288753198e-04
110	5.88759410870682e-04
111	5.69052182325848e-04
112	5.30821283651312e-04
113	5.81284625488653e-04
114	5.72218295865510e-04
115	5.68518261316358e-04
116	5.74130182855005e-04
117	5.82924966571677e-04
118	5.48931911862184e-04
119	5.50846420170162e-04
120	5.79732174452957e-04
121	5.85726382687877e-04
122	6.09059588188863e-04
123	5.80102188195829e-04
124	5.64869758358362e-04
125	5.77203468258271e-04
126	5.32735634431284e-04
127	5.49307576095541e-04
128	5.45118969758013e-04
129	5.81517981723929e-04
130	5.58103058740742e-04
131	5.75661658816816e-04
132	5.85768689055383e-04
133	5.56799027691573e-04
134	5.63668384791649e-04
135	5.32849626148894e-04
136	5.64700462293156e-04
137	5.56589249644182e-04
138	5.69493861245850e-04
139	5.92019663056381e-04
140	5.52215056984388e-04
141	5.81088390699436e-04
142	5.68158210095483e-04
143	5.71516561466344e-04
144	6.01472889289678e-04
145	5.52452583675665e-04
146	5.78309389378482e-04
147	5.48848069406841e-04
148	5.76198626041534e-04
149	6.10171237790833e-04
150	5.62339359081026e-04
151	5.77206411481277e-04
152	5.97236821629632e-04
153	5.86879690465622e-04
154	5.56237356494249e-04
155	5.80018425157718e-04
156	5.90916817047866e-04
157	5.54066823109990e-04
158	5.54843455427793e-04
159	5.65836098163626e-04
160	5.55846460869177e-04
161	5.82640878458582e-04
162	5.71564414362835e-04
163	5.83079759260961e-04
164	5.85019738105419e-04
165	5.59110152394943e-04
166	5.69550954783488e-04
167	6.03137180911199e-04
168	5.33006364585259e-04
169	5.40939265993693e-04
170	5.99707465577337e-04
171	5.68801381003581e-04
172	5.92626914396330e-04
173	5.69236402610769e-04
174	5.48060427980918e-04
175	5.83408711033888e-04
176	5.66963602206382e-04
177	5.66985786858598e-04
178	6.00136609011220e-04
179	5.95145459640166e-04
180	6.00360578351607e-04
181	5.72112875564538e-04
182	5.99186636929391e-04
183	5.75069372004432e-04
184	5.70257730693076e-04
185	6.05894301120233e-04
186	5.78735047189680e-04
187	6.05529413271952e-04
188	5.94364978714220e-04
189	6.15993607063358e-04
190	5.83701335944836e-04
191	5.84378549066962e-04
192	5.56674955877680e-04
193	5.94833287480114e-04
194	5.50062384054479e-04
195	5.90070189433390e-04
196	5.79891980859865e-04
197	5.86093345322708e-04
198	5.89577649965224e-04
199	5.38515723320147e-04
200	5.95552220255275e-04
201	5.83150386389126e-04
202	5.50611961843627e-04
203	5.35932102064329e-04
204	5.62614910088015e-04
205	5.69706983611329e-04
206	5.68619370871023e-04
207	5.98185003369326e-04
208	6.00460657665792e-04
209	6.10792293240846e-04
210	5.57764749265931e-04
211	5.87409631292982e-04
212	5.15011244055604e-04
213	5.72089947545593e-04
214	6.03286996974756e-04
215	5.90505682154418e-04
216	6.06026928505947e-04
217	5.56582879766410e-04
218	5.99065422458163e-04
219	5.90663730764357e-04
220	5.54589626403588e-04
221	5.71672562011994e-04
222	5.93320856673553e-04
223	5.61826911901448e-04
224	5.53958420582365e-04
225	5.57199730971018e-04
226	5.50482626860116e-04
227	5.66055359033256e-04
228	6.21492546075077e-04
229	6.00573916661359e-04
230	5.98081759109553e-04
231	6.04509980637583e-04
232	6.04359848896634e-04
233	6.26068585721951e-04
234	6.18672706166184e-04
235	5.53344184847513e-04
236	5.64563897993372e-04
237	5.66744948246706e-04
238	5.83320074475757e-04
239	6.12108938326751e-04
240	5.74892139718311e-04
241	6.06666707958674e-04
242	6.25750682159016e-04
243	5.59692887754802e-04
244	5.54651802682005e-04
245	5.87802439556936e-04
246	5.92631454416970e-04
247	5.67710285189053e-04
248	5.65384891343654e-04
249	5.75505261073500e-04
250	5.41480014625422e-04
251	5.56781210364123e-04
252	5.48585741407033e-04
253	5.78792874312609e-04
254	5.13478042408588e-04
255	5.57640166405272e-04
256	5.89241213347444e-04
257	5.83517884556747e-04
258	5.64495457910154e-04
259	5.80000729880610e-04
260	6.01195708536948e-04
261	5.87945504622832e-04
262	5.75936963111269e-04
263	6.14032761033587e-04
264	6.40385331966060e-04
265	6.01432332108629e-04
266	5.77441520654353e-04
267	6.29953726745622e-04
268	5.77837968603049e-04
269	5.43021496449644e-04
270	5.08288879819579e-04
271	5.67675645459465e-04
272	5.64675813018498e-04
273	5.68819155931328e-04
274	5.61141249905482e-04
275	6.05891472133769e-04
276	5.58555675771734e-04
277	5.09069053705362e-04
278	5.45192827649128e-04
279	5.80054544199373e-04
280	5.46770264493300e-04
281	5.35112852799289e-04
282	5.44609895600139e-04
283	5.64146535937028e-04
284	5.49286945160072e-04
285	4.98709967763135e-04
286	5.01497354658675e-04
287	5.35262838284038e-04
288	5.53536269884934e-04
289	5.34777451601633e-04
290	4.94167735210447e-04
291	5.28484206261380e-04
292	6.01484189555490e-04
293	5.84663625340888e-04
294	5.39990516773326e-04
295	5.48453166795001e-04
296	5.31465234026343e-04
297	5.65478047792307e-04
298	5.90445273667218e-04
299	5.61538024689213e-04
300	5.61956774868399e-04
301	5.82076642057996e-04
302	6.06439410912675e-04
303	5.88754358156501e-04
304	5.78106377918648e-04
305	5.57827795529001e-04
306	5.65424243950642e-04
307	5.90822297846390e-04
308	5.80977414487816e-04
309	5.70175117091313e-04
310	5.90612739882472e-04
311	5.52486076523296e-04
312	5.85858218626725e-04
313	5.67759838653683e-04
314	5.96167495791792e-04
315	5.42062720461411e-04
316	5.43639531939492e-04
317	5.60630041149428e-04
318	5.64625952586266e-04
319	5.48320431407159e-04
320	5.19505727519306e-04
321	5.00983551547666e-04
322	5.22722094562340e-04
323	5.28628185210155e-04
324	5.43157670368510e-04
325	5.35282919423209e-04
326	5.02011798435281e-04
327	5.06311264702200e-04
328	5.31675084493167e-04
329	5.61825829975307e-04
330	5.99949150532348e-04
331	6.11650807370293e-04
332	5.40787088942647e-04
333	5.43046147681054e-04
334	5.56678892745271e-04
335	5.44131582757638e-04
336	5.31283914082146e-04
337	5.13189158571409e-04
338	4.99570556907024e-04
339	5.01983485295514e-04
340	5.21791184109235e-04
341	5.76326217994901e-04
342	5.72241695433682e-04
343	5.42780229408464e-04
344	5.08535168403875e-04
345	5.21863420600404e-04
346	5.20021124803693e-04
347	5.71089814823329e-04
348	5.70649896222052e-04
349	6.10114768502463e-04
350	5.88223839735791e-04
351	6.08363053548239e-04
352	5.55953549007041e-04
353	5.44060591267516e-04
354	5.78763072201832e-04
355	5.90895573992071e-04
356	6.26062796242495e-04
357	6.21738643744201e-04
358	6.10487594304131e-04
359	6.42414146329582e-04
360	6.42176578500510e-04
361	6.41417039451567e-04
362	6.33648726486601e-04
363	6.18280784862011e-04
364	6.13376278311355e-04
365	5.88915715026781e-04
366	5.82184955140132e-04
367	6.01807309082835e-04
368	6.19393662114841e-04
369	5.88688415147893e-04
370	6.11891226276349e-04
371	6.19154354905812e-04
372	5.98369470700381e-04
373	5.96727400981830e-04
374	5.76679274506499e-04
375	5.98693263928190e-04
376	6.09195617490598e-04
377	5.92145912322652e-04
378	5.92727668162437e-04
379	6.13370025931736e-04
380	5.90589231761919e-04
381	5.71503276532638e-04
382	6.08440542570895e-04
383	6.02725922104708e-04
384	5.88239276047058e-04
385	5.95850688362902e-04
386	5.72659253626553e-04
387	5.63542307069127e-04
388	5.04252626083687e-04
389	5.27315277514792e-04
390	5.65692486150455e-04
391	6.27035515780730e-04
392	6.16415707512844e-04
393	6.33610472784714e-04
394	6.42071887874227e-04
395	6.41101583826830e-04
396	6.12097687858487e-04
397	5.51629678750512e-04
398	5.24548524318571e-04
399	5.18518877063266e-04
400	5.40603509054454e-04
401	5.57268388328567e-04
402	5.53398845358382e-04
403	5.56686839550182e-04
404	5.67257512581800e-04
405	5.28556992923794e-04
406	5.09538177646209e-04
407	5.14603538651664e-04
408	5.37047481690072e-04
409	5.65036434261213e-04
410	5.41008739412162e-04
411	5.66162516038020e-04
412	5.49151325756377e-04
413	5.71106906807591e-04
414	5.53498834383383e-04
415	5.07912576777644e-04
416	5.26431592504660e-04
417	5.57334086644214e-04
418	5.68006220788274e-04
419	5.65395537666183e-04
420	5.50838142996742e-04
421	6.05330709197907e-04
422	6.04338450722290e-04
423	5.67341620541513e-04
424	5.39654600737531e-04
425	5.17648188688487e-04
426	5.39999323642256e-04
427	5.48811477999139e-04
428	5.55462833068754e-04
429	5.70118732946700e-04
430	6.07863034777764e-04
431	6.09222770162760e-04
432	6.43157886627739e-04
433	6.45446444278034e-04
434	5.84229170963939e-04
435	5.69101655834610e-04
436	5.91366772303443e-04
437	6.33067843867003e-04
438	5.98653668113337e-04
439	6.07719175454591e-04
440	6.12047837312378e-04
441	6.11072797209344e-04
442	5.88494892111106e-04
443	6.07445839602793e-04
444	5.64678893775052e-04
445	5.49224517466200e-04
446	5.51660323515207e-04
447	5.54381114832219e-04
448	5.69029751673529e-04
449	5.72981012688021e-04
450	5.74817677618263e-04
451	5.88315099755217e-04
452	6.02522081609116e-04
453	6.09548035074657e-04
454	5.80797059533613e-04
455	5.94117740213861e-04
456	5.77796627022862e-04
457	5.36020680485181e-04
458	4.96744630322563e-04
459	4.92868178621678e-04
460	5.03035438774045e-04
461	5.23580567166752e-04
462	5.48523224908921e-04
463	5.69149785319587e-04
464	5.88687136294039e-04
465	6.02700836428949e-04
466	6.28905270739236e-04
467	6.23657189851347e-04
468	6.11707716751764e-04
469	6.01535407547850e-04
470	5.53232629661570e-04
471	5.57107898024844e-04
472	5.22743930598247e-04
473	5.23173546419408e-04
474	4.86579873844599e-04
475	5.15150540679890e-04
476	5.47203519731404e-04
477	5.86766600482458e-04
478	5.87252905527555e-04
479	5.60156281444739e-04
480	5.44577749079159e-04
481	5.64827880162426e-04
482	5.72449159265191e-04
483	6.02830381286381e-04
484	5.88666639622207e-04
485	5.60832927835533e-04
486	5.61547231841154e-04
487	5.79548326400643e-04
488	6.00994885954518e-04
489	6.32867331810350e-04
490	6.24619025944514e-04
491	6.18844664316608e-04
492	5.88744115139143e-04
493	5.41516140253203e-04
494	5.27653903453286e-04
495	5.41649905170268e-04
496	5.29453474884951e-04
497	5.66802098172879e-04
498	5.23002580920977e-04
499	5.16946621791239e-04
