1	1.94135185713037e-04
2	2.71732295405725e-04
3	3.30186228919024e-04
4	3.78475032747848e-04
5	4.20170567267766e-04
6	4.57303130580024e-04
7	4.90886039588886e-04
8	5.21256713307994e-04
9	5.49574128155417e-04
10	5.75162284581112e-04
11	5.99432723284222e-04
12	6.22282685839817e-04
13	6.44796610495841e-04
14	6.64530219451689e-04
15	6.83584604956268e-04
16	7.01071849334257e-04
17	7.18811907539562e-04
18	7.36442108761166e-04
19	7.51481836506710e-04
20	7.66217993825443e-04
21	7.82503653412616e-04
22	7.95506376323924e-04
23	8.08526802032990e-04
24	8.19980493176068e-04
25	8.33806567750516e-04
26	8.45410827322954e-04
27	8.58020610256686e-04
28	8.68335344720026e-04
29	8.81242236928250e-04
30	8.86601961139832e-04
31	8.98272183968346e-04
32	9.08449355128241e-04
33	9.17742436629889e-04
34	9.29166900387163e-04
35	9.39133611276873e-04
36	9.43494847611355e-04
37	9.51752556224108e-04
38	9.57248265376542e-04
39	9.68344606890817e-04
40	9.75965516244684e-04
41	9.80769746632210e-04
42	9.88565399151223e-04
43	9.95510072317068e-04
44	1.00259187011670e-03
45	1.00997082004527e-03
46	1.01695316958383e-03
47	1.03203006631183e-03
48	1.02883824894510e-03
49	1.03508658402148e-03
50	1.03741418305082e-03
51	1.04426127870515e-03
52	1.05065928069977e-03
53	1.05157205842328e-03
54	1.05612253058460e-03
55	1.06639189353553e-03
56	1.07189541300554e-03
57	1.07347040273608e-03
58	1.08633906425818e-03
59	1.07703562206027e-03
60	1.08411389031785e-03
61	1.09375322501393e-03
62	1.08814105617006e-03
63	1.09666188775073e-03
64	1.10211513394157e-03
65	1.11888809922296e-03
66	1.09920342426720e-03
67	1.10689314994444e-03
68	1.11576826049422e-03
69	1.11857169065452e-03
70	1.12642310256461e-03
71	1.11689042468306e-03
72	1.12962172350026e-03
73	1.13477467470278e-03
74	1.13077995512810e-03
75	1.12616565881239e-03
76	1.14005298521106e-03
77	1.13346488431406e-03
78	1.15023321647517e-03
79	1.15223441664373e-03
80	1.14230615462284e-03
81	1.15808082614880e-03
82	1.14776511312960e-03
83	1.14531491470643e-03
84	1.15567766167222e-03
85	1.15452048574444e-03
86	1.17282059627353e-03
87	1.16732269754514e-03
88	1.16560902436525e-03
89	1.16638583850023e-03
90	1.17691825760100e-03
91	1.17785305051606e-03
92	1.17679568043810e-03
93	1.17749028517806e-03
94	1.15771892714725e-03
95	1.18000012788268e-03
96	1.17651364738453e-03
97	1.18930484802091e-03
98	1.17720978250910e-03
99	1.17360791887314e-03
100	1.17282076531493e-03
101	1.18895795587083e-03
102	1.18936209807010e-03
103	1.18170873672762e-03
104	1.19097933107285e-03
105	1.18168617012181e-03
106	1.17635725716204e-03
107	1.19408952040302e-03
108	1.21683496267044e-03
109	1.19281932218809e-03
110	1.20210482770011e-03
111	1.19555588933367e-03
112	1.20085750833167e-03
113	1.20685479867645e-03
114	1.20118347959040e-03
115	1.19290204671885e-03
116	1.21420865427160e-03
117	1.20676107425684e-03
118	1.19041167487800e-03
119	1.21854008080676e-03
120	1.20947114823735e-03
121	1.21900655967515e-03
122	1.20742388497848e-03
123	1.21787639722048e-03
124	1.20765861523941e-03
125	1.23475476998583e-03
126	1.21504203786328e-03
127	1.22377466516731e-03
128	1.22535686247287e-03
129	1.18629085116365e-03
130	1.23475160945589e-03
131	1.22320638724622e-03
132	1.20773103479936e-03
133	1.21265115517887e-03
134	1.20707047721250e-03
135	1.23740431294154e-03
136	1.21286105945208e-03
137	1.24294712662396e-03
138	1.23716423711038e-03
139	1.23463335602349e-03
140	1.25398038483890e-03
141	1.22808406709846e-03
142	1.23612810599203e-03
143	1.24006598109860e-03
144	1.21950328037926e-03
145	1.23620029206524e-03
146	1.24330975682168e-03
147	1.22989407812783e-03
148	1.22626298787978e-03
149	1.21505659166081e-03
150	1.21846420486178e-03
151	1.25355106135602e-03
152	1.23410334381719e-03
153	1.22419515573184e-03
154	1.23737276865662e-03
155	1.21456302750810e-03
156	1.24206030584109e-03
157	1.24784438929075e-03
158	1.22934642524287e-03
159	1.20485115803186e-03
160	1.22100406518711e-03
161	1.23015718024929e-03
162	1.24349220710076e-03
163	1.22576549621959e-03
164	1.25190134406798e-03
165	1.24090230296067e-03
166	1.23681039098322e-03
167	1.22869600034193e-03
168	1.26032580158289e-03
169	1.23808466504510e-03
170	1.23680727606591e-03
171	1.22641229851171e-03
172	1.24937256166345e-03
173	1.23908490004686e-03
174	1.25092149249955e-03
175	1.23557235043319e-03
176	1.22587215152206e-03
177	1.26091200595988e-03
178	1.27638999691906e-03
179	1.24962119154522e-03
180	1.25395933241105e-03
181	1.24072966052791e-03
182	1.26020538569917e-03
183	1.25004914494037e-03
184	1.24380590132321e-03
185	1.26465439320076e-03
186	1.24130508562421e-03
187	1.23194785657643e-03
188	1.25346228084609e-03
189	1.24150007004294e-03
190	1.25598126360971e-03
191	1.26270752841635e-03
192	1.25231433795824e-03
193	1.25159469648952e-03
194	1.24957369254526e-03
195	1.25730719490627e-03
196	1.23257268390943e-03
197	1.23805040904893e-03
198	1.25213760860901e-03
199	1.23696646338930e-03
200	1.23265172988719e-03
201	1.21702034501682e-03
202	1.26973154733283e-03
203	1.22662410796659e-03
204	1.27218447774504e-03
205	1.24713717431589e-03
206	1.27201652607100e-03
207	1.25330864186308e-03
208	1.27057777604794e-03
209	1.25182114391750e-03
210	1.25753711343509e-03
211	1.25127426123469e-03
212	1.26969932160287e-03
213	1.23483435561008e-03
214	1.26195364699731e-03
215	1.25407006959832e-03
216	1.25955577129860e-03
217	1.23840729384644e-03
218	1.26826899963273e-03
219	1.28834570678498e-03
220	1.24911929666357e-03
221	1.23875456707984e-03
222	1.22596991348935e-03
223	1.24720734330668e-03
224	1.28409784318948e-03
225	1.25855281770639e-03
226	1.28273977363075e-03
227	1.23218323944531e-03
228	1.23883172609952e-03
229	1.26733291577278e-03
230	1.25209357091531e-03
231	1.22445669141231e-03
232	1.21998282658439e-03
233	1.25818677973895e-03
234	1.23441562756717e-03
235	1.22780400250057e-03
236	1.24675776922352e-03
237	1.22882772367675e-03
238	1.24365145632408e-03
239	1.26705891442175e-03
240	1.25944306909880e-03
241	1.25168744725616e-03
242	1.28574897562241e-03
243	1.25230410455100e-03
244	1.22500728567877e-03
245	1.25272037268997e-03
246	1.22598859547181e-03
247	1.27417717203431e-03
248	1.25759202511121e-03
249	1.24767053311367e-03
250	1.26722629413941e-03
251	1.25936204730931e-03
252	1.24582961193128e-03
253	1.26925474005177e-03
254	1.25742231909752e-03
255	1.23420035350014e-03
256	1.26521279469548e-03
257	1.24308733218208e-03
258	1.25732714039138e-03
259	1.27639773161353e-03
260	1.24545527457035e-03
261	1.29332905930138e-03
262	1.21599131489155e-03
263	1.26013584501468e-03
264	1.25834161652938e-03
265	1.26631230859792e-03
266	1.23814858500738e-03
267	1.24366943278614e-03
268	1.24758654578427e-03
269	1.27318527717101e-03
270	1.31463831981739e-03
271	1.26144504492205e-03
272	1.26439634624259e-03
273	1.30432568146588e-03
274	1.27264999554647e-03
275	1.23125437065336e-03
276	1.28804464682299e-03
277	1.26235598803571e-03
278	1.25723654791982e-03
279	1.28680330146756e-03
280	1.29448343987319e-03
281	1.27227909481027e-03
282	1.25310562939005e-03
283	1.22961367979748e-03
284	1.25959921243601e-03
285	1.25807742248696e-03
286	1.26108279258397e-03
287	1.24568971478720e-03
288	1.24323414836190e-03
289	1.24385011711682e-03
290	1.27507882903186e-03
291	1.25441139824448e-03
292	1.25372759280293e-03
293	1.25685778681560e-03
294	1.22976906330876e-03
295	1.23440855500171e-03
296	1.28499844620492e-03
297	1.26517912185393e-03
298	1.27702174925529e-03
299	1.26388330295402e-03
300	1.23357242715596e-03
301	1.23674158391048e-03
302	1.24642635050803e-03
303	1.30349512896242e-03
304	1.26264576365202e-03
305	1.32149034661416e-03
306	1.29786710736396e-03
307	1.24912279912517e-03
308	1.28496136057201e-03
309	1.29506201149174e-03
310	1.24364281403679e-03
311	1.24699078017433e-03
312	1.27923717550569e-03
313	1.26135815818670e-03
314	1.28179455439502e-03
315	1.27091866050427e-03
316	1.28540021644348e-03
317	1.29557435481136e-03
318	1.25991057039082e-03
319	1.29383020756244e-03
320	1.25536869244047e-03
321	1.22970341378176e-03
322	1.23102388022570e-03
323	1.29171120856349e-03
324	1.31356196941702e-03
325	1.29636219512540e-03
326	1.26665661570885e-03
327	1.28240601478294e-03
328	1.23475102119451e-03
329	1.29054164101200e-03
330	1.29688903360349e-03
331	1.25332550959413e-03
332	1.25406523011449e-03
333	1.25590228040065e-03
334	1.24816644842629e-03
335	1.30238702684882e-03
336	1.26880959495407e-03
337	1.24014245272903e-03
338	1.31729030740731e-03
339	1.25754273904319e-03
340	1.24390017913140e-03
341	1.27049662272068e-03
342	1.28596830087670e-03
343	1.22053628927057e-03
344	1.28940266355039e-03
345	1.23758670329249e-03
346	1.27584497050251e-03
347	1.25365525541276e-03
348	1.27844891565878e-03
349	1.26185308978094e-03
350	1.31899418151409e-03
351	1.29410661643491e-03
352	1.20830691515324e-03
353	1.29729285985150e-03
354	1.25687869524708e-03
355	1.30259345443053e-03
356	1.30391864549751e-03
357	1.25690317565879e-03
358	1.26147339073926e-03
359	1.29613094391019e-03
360	1.27453868781276e-03
361	1.26735272097693e-03
362	1.26836297743456e-03
363	1.26314142234528e-03
364	1.21766008226021e-03
365	1.27374428496561e-03
366	1.25378810227960e-03
367	1.26384235182942e-03
368	1.31591318678648e-03
369	1.27830055083237e-03
370	1.26049357300339e-03
371	1.22743702797148e-03
372	1.23855687987844e-03
373	1.29745562599598e-03
374	1.25882419387198e-03
375	1.23853143664966e-03
376	1.31317783014287e-03
377	1.30708391634007e-03
378	1.26857660576396e-03
379	1.29414803174903e-03
380	1.21229630709183e-03
381	1.25096560990153e-03
382	1.29822390311790e-03
383	1.29723153374578e-03
384	1.26777800878492e-03
385	1.20659171790067e-03
386	1.27189272913547e-03
387	1.26065636644478e-03
388	1.21298897769692e-03
389	1.30288743786416e-03
390	1.26924222888421e-03
391	1.27773665469021e-03
392	1.26068939640945e-03
393	1.26946228785214e-03
394	1.25644820986368e-03
395	1.29888364037015e-03
396	1.25597563339723e-03
397	1.28277583134013e-03
398	1.25437217786712e-03
399	1.27752595201519e-03
400	1.25536896452641e-03
401	1.24837227153383e-03
402	1.23600632210522e-03
403	1.26127945760375e-03
404	1.30638410813530e-03
405	1.26825402905385e-03
406	1.27719464393855e-03
407	1.27502692516223e-03
408	1.28460950635825e-03
409	1.26496697919178e-03
410	1.29403279787215e-03
411	1.27296506172993e-03
412	1.33005962587805e-03
413	1.24869289175490e-03
414	1.29417800548222e-03
415	1.28963445831270e-03
416	1.27895212416544e-03
417	1.32577758488502e-03
418	1.24428625914847e-03
419	1.26235553884641e-03
420	1.30918900767611e-03
421	1.29599393946208e-03
422	1.33227737943884e-03
423	1.24641572559114e-03
424	1.27393715598073e-03
425	1.29240941907906e-03
426	1.24524153927207e-03
427	1.30671575970675e-03
428	1.23864396504297e-03
429	1.28649627589869e-03
430	1.29214865521673e-03
431	1.23882287227561e-03
432	1.24897295617884e-03
433	1.21745646608894e-03
434	1.26801612413332e-03
435	1.32746241346979e-03
436	1.25360881458075e-03
437	1.26812900257483e-03
438	1.27752432350991e-03
439	1.29553637519744e-03
440	1.24516878465737e-03
441	1.25435376341183e-03
442	1.32381003852050e-03
443	1.19232625190067e-03
444	1.22177595076981e-03
445	1.25728697450493e-03
446	1.29442558075850e-03
447	1.28381452190141e-03
448	1.32383207589722e-03
449	1.24671040169276e-03
450	1.28023486070332e-03
451	1.23979582762671e-03
452	1.27425976708827e-03
453	1.29363228167916e-03
454	1.24171074378009e-03
455	1.30764247057246e-03
456	1.22950838181818e-03
457	1.26242344462530e-03
458	1.27439641097992e-03
459	1.27018800734774e-03
460	1.27781092497355e-03
461	1.25824485099974e-03
462	1.25068143508963e-03
463	1.27973431589174e-03
464	1.24121307601832e-03
465	1.32411072105884e-03
466	1.22335912529077e-03
467	1.24029372992623e-03
468	1.23935679743754e-03
469	1.28970853215158e-03
470	1.27816628300041e-03
471	1.21632934786067e-03
472	1.26431694609917e-03
473	1.27492030261528e-03
474	1.24987799102369e-03
475	1.28901302225853e-03
476	1.33869067252732e-03
477	1.25237945994099e-03
478	1.30717309126309e-03
479	1.28837991999653e-03
480	1.32373761378708e-03
481	1.29119826380968e-03
482	1.26654560464142e-03
483	1.25396288885893e-03
484	1.30196709955485e-03
485	1.30235161845886e-03
486	1.29687498166106e-03
487	1.29119105214802e-03
488	1.20734732567241e-03
489	1.25196176856827e-03
490	1.25136993071351e-03
491	1.31903967014195e-03
492	1.27963292733802e-03
493	1.27427542074860e-03
494	1.33600087880562e-03
495	1.34329749429634e-03
496	1.22835585280270e-03
497	1.25578045760119e-03
498	1.27492346229137e-03
499	1.26089731217106e-03
