1	4.37978461852269e-07
2	6.11457102588316e-07
3	7.41226991739338e-07
4	8.48019372239067e-07
5	9.40042165431546e-07
6	1.02105555317324e-06
7	1.09368011996273e-06
8	1.15794290890213e-06
9	1.22084365086306e-06
10	1.27818529131973e-06
11	1.32620844097169e-06
12	1.37833954537495e-06
13	1.42454334604156e-06
14	1.46328541220279e-06
15	1.50969806974013e-06
16	1.54195143678640e-06
17	1.58242757748683e-06
18	1.62222728360176e-06
19	1.64614333422914e-06
20	1.68524197898693e-06
21	1.71065290088502e-06
22	1.74296140527595e-06
23	1.77135619427336e-06
24	1.78889613438863e-06
25	1.80993350759793e-06
26	1.83954291388656e-06
27	1.85490528001322e-06
28	1.89804317869039e-06
29	1.90007472941774e-06
30	1.92360726098922e-06
31	1.95366580750019e-06
32	1.97232609501031e-06
33	1.96784207274461e-06
34	2.01136531451408e-06
35	2.01945151780865e-06
36	2.02815680796291e-06
37	2.06804956445358e-06
38	2.08135548869762e-06
39	2.09482004927074e-06
40	2.09901992884565e-06
41	2.12398169229958e-06
42	2.12664685509547e-06
43	2.14169950647381e-06
44	2.15796521818499e-06
45	2.17453139839618e-06
46	2.18431531144562e-06
47	2.17774147006247e-06
48	2.19551839999522e-06
49	2.19947117554966e-06
50	2.23169191298470e-06
51	2.21523142730613e-06
52	2.20396355658777e-06
53	2.23692585655462e-06
54	2.22698703776626e-06
55	2.24581394246714e-06
56	2.27550411318424e-06
57	2.27452399142156e-06
58	2.29696609370812e-06
59	2.26212583851452e-06
60	2.30699506696001e-06
61	2.30213842859875e-06
62	2.32472911873320e-06
63	2.33744032713140e-06
64	2.34954692750134e-06
65	2.39237501669928e-06
66	2.33873665198134e-06
67	2.30769347757816e-06
68	2.38763825558326e-06
69	2.37156044233169e-06
70	2.35629238230615e-06
71	2.38841597714824e-06
72	2.40449282715440e-06
73	2.39347332850814e-06
74	2.37548535044790e-06
75	2.40950582167621e-06
76	2.42454152310488e-06
77	2.41403939594682e-06
78	2.44071742308406e-06
79	2.43073288035375e-06
80	2.50577997990130e-06
81	2.48878030248520e-06
82	2.44348613826455e-06
83	2.42906350723242e-06
84	2.38789784298820e-06
85	2.46022055480937e-06
86	2.52153853712242e-06
87	2.43177954704702e-06
88	2.59920744804019e-06
89	2.49428399415566e-06
90	2.48065109583774e-06
91	2.44403378618704e-06
92	2.41829207700603e-06
93	2.43093486610990e-06
94	2.53303191322553e-06
95	2.44586501256530e-06
96	2.46455699650420e-06
97	2.58730417904367e-06
98	2.50822055598630e-06
99	2.56544947615611e-06
100	2.43807886548959e-06
101	2.54272810671652e-06
102	2.45241846209837e-06
103	2.54049296324779e-06
104	2.42998623414374e-06
105	2.52469230985297e-06
106	2.55171339537095e-06
107	2.54907424400355e-06
108	2.51007904646266e-06
109	2.59728490444444e-06
110	2.60182702828580e-06
111	2.56362737334035e-06
112	2.52518331471899e-06
113	2.56407596378110e-06
114	2.54841751572953e-06
115	2.59051299682043e-06
116	2.53218186894686e-06
117	2.57995025007318e-06
118	2.47917510865315e-06
119	2.53207894054892e-06
120	2.56419596297553e-06
121	2.43863358956970e-06
122	2.53718375807353e-06
123	2.40969036278595e-06
124	2.48382289528610e-06
125	2.46984493846408e-06
126	2.61500178191422e-06
127	2.60506615301982e-06
128	2.56313000805017e-06
129	2.64352606373527e-06
130	2.58535613882951e-06
131	2.67584549854133e-06
132	2.68641613378620e-06
133	2.51736371660048e-06
134	2.63023188706035e-06
135	2.55463052768103e-06
136	2.50577397471761e-06
137	2.71659790653667e-06
138	2.49982503914119e-06
139	2.60217480680278e-06
140	2.66467825381829e-06
141	2.65742966428179e-06
142	2.62349938835715e-06
143	2.47403034924197e-06
144	2.51622553155522e-06
145	2.54095581592506e-06
146	2.74435484625034e-06
147	2.57305350823663e-06
148	2.47692808455491e-06
149	2.69844163877828e-06
150	2.54874649615214e-06
151	2.68843620620520e-06
152	2.55393500783809e-06
153	2.55595180411374e-06
154	2.63674625176725e-06
155	2.68412514982959e-06
156	2.49930451467362e-06
157	2.63296095286868e-06
158	2.61796258953742e-06
159	2.47669477457399e-06
160	2.60312872520598e-06
161	2.56537079243660e-06
162	2.48855555945866e-06
163	2.49932155287045e-06
164	2.59552292669688e-06
165	2.52900642665682e-06
166	2.54378539457182e-06
167	2.61812483231139e-06
168	2.58702536888607e-06
169	2.61619929109359e-06
170	2.54913962844949e-06
171	2.64093684216306e-06
172	2.60466298509894e-06
173	2.62599027694820e-06
174	2.64405487969358e-06
175	2.75967785409570e-06
176	2.61058379977217e-06
177	2.73790549039618e-06
178	2.64037264057996e-06
179	2.74471153602443e-06
180	2.66696864492277e-06
181	2.54177904959491e-06
182	2.80566883369840e-06
183	2.63967468782574e-06
184	2.61093861527559e-06
185	2.57959485098467e-06
186	2.69599491714507e-06
187	2.63284703029599e-06
188	2.80631672728217e-06
189	2.54670633968671e-06
190	2.70942565799091e-06
191	2.78549314318163e-06
192	2.70126170922431e-06
193	2.63619481442475e-06
194	2.69251971733369e-06
195	2.77932313391345e-06
196	2.66336943327315e-06
197	2.87007446449025e-06
198	2.69577670379792e-06
199	2.69906821058691e-06
200	2.72116614171755e-06
201	2.72752846875531e-06
202	2.81496241943799e-06
203	2.61042454779001e-06
204	2.63770616767131e-06
205	2.63900915120712e-06
206	2.74596711901635e-06
207	2.87552055247095e-06
208	2.67548673933889e-06
209	2.62183915534232e-06
210	2.65381563523713e-06
211	2.67194863365552e-06
212	2.70644812435559e-06
213	2.52959126853306e-06
214	2.51941552754337e-06
215	2.57436818364058e-06
216	2.59268082304977e-06
217	2.56269702842862e-06
218	2.73552590011028e-06
219	2.60879418451580e-06
220	2.60742333823380e-06
221	2.55513759535255e-06
222	2.62276030847811e-06
223	2.57629627058030e-06
224	2.50494178142714e-06
225	2.48200933496061e-06
226	2.43462624354006e-06
227	2.52565506235354e-06
228	2.62602408445651e-06
229	2.62423961775143e-06
230	2.67903550448731e-06
231	2.43854858005315e-06
232	2.46820068018924e-06
233	2.61000192010662e-06
234	2.47655055143951e-06
235	2.53298656824032e-06
236	2.60306591624240e-06
237	2.45721133451900e-06
238	2.36899483462975e-06
239	2.56841871928992e-06
240	2.63937734753913e-06
241	2.53982459450819e-06
242	2.62035682031244e-06
243	2.68438553343954e-06
244	2.44906273658597e-06
245	2.48734782759490e-06
246	2.52803898830111e-06
247	2.68128294299983e-06
248	2.49236977658868e-06
249	2.53489147996070e-06
250	2.41480086556787e-06
251	2.46215564822571e-06
252	2.52749209748390e-06
253	2.66996194980426e-06
254	2.65593492065424e-06
255	2.56669784764370e-06
256	2.53553123284773e-06
257	2.60912490847237e-06
258	2.67068328159552e-06
259	2.69127259161625e-06
260	2.59444431044105e-06
261	2.58657479072255e-06
262	2.59657828282940e-06
263	2.51476655125232e-06
264	2.67810550495653e-06
265	2.70439705564517e-06
266	2.56069498714181e-06
267	2.50209525070441e-06
268	2.70279143076407e-06
269	2.85652344393681e-06
270	2.78140550520750e-06
271	2.53823744351606e-06
272	2.49596993139374e-06
273	2.60156238529916e-06
274	2.69759416883573e-06
275	2.54889963919811e-06
276	2.53406339833361e-06
277	2.78416843842915e-06
278	2.70418586750200e-06
279	2.50927105082543e-06
280	2.49638631277286e-06
281	2.50883484536520e-06
282	2.55876880779966e-06
283	2.56331929180069e-06
284	2.52287074198440e-06
285	2.50954457697091e-06
286	2.59667947424293e-06
287	2.72929963213359e-06
288	2.68842291475938e-06
289	2.59453723163903e-06
290	2.61528550459567e-06
291	2.58511511029096e-06
292	2.60532030972865e-06
293	2.59266358199974e-06
294	2.54617248580490e-06
295	2.63873566604348e-06
296	2.62396898388586e-06
297	2.83841820668096e-06
298	2.78732154006101e-06
299	2.56114909790001e-06
300	2.40428016564467e-06
301	2.39475195505097e-06
302	2.48301930324403e-06
303	2.54016270337032e-06
304	2.48484974811593e-06
305	2.56424580278938e-06
306	2.70999409281217e-06
307	2.80530037899187e-06
308	2.75660863669542e-06
309	2.66130083825213e-06
310	2.57787748245833e-06
311	2.52097107783288e-06
312	2.50437727675964e-06
313	2.59764067462560e-06
314	2.35109375107096e-06
315	2.36510298570049e-06
316	2.48496095713962e-06
317	2.44190005958537e-06
318	2.60988061621771e-06
319	2.69505097261328e-06
320	2.62718569357791e-06
321	2.67423848613782e-06
322	2.58841856311047e-06
323	2.44797394215521e-06
324	2.51842847478085e-06
325	2.45158656018157e-06
326	2.44648653269921e-06
327	2.59041398841839e-06
328	2.61182175963658e-06
329	2.67047209192657e-06
330	2.70990849538022e-06
331	2.66393851397192e-06
332	2.69993599014443e-06
333	2.79783550873806e-06
334	2.80820802161853e-06
335	2.75043243675002e-06
336	2.73504839825492e-06
337	2.59211039202336e-06
338	2.52986604730629e-06
339	2.59624983064076e-06
340	2.63004087553842e-06
341	2.58699778273871e-06
342	2.65863915331154e-06
343	2.71057832703827e-06
344	2.65866085660318e-06
345	2.56257675010457e-06
346	2.60541763153965e-06
347	2.65183833092760e-06
348	2.69004070472319e-06
349	2.74450990169728e-06
350	2.78219745172237e-06
351	2.60266249334548e-06
352	2.56299793681909e-06
353	2.58824344508743e-06
354	2.53227256159667e-06
355	2.54876247991745e-06
356	2.59800935147478e-06
357	2.82323680756427e-06
358	2.80744788917167e-06
359	2.73719262172336e-06
360	2.77880420214144e-06
361	2.60396478990885e-06
362	2.63955855347471e-06
363	2.61475505814392e-06
364	2.66403357578004e-06
365	2.84893076902536e-06
366	2.62524166636983e-06
367	2.56754665341896e-06
368	2.51888702292387e-06
369	2.47433962489066e-06
370	2.47158009060221e-06
371	2.53373334454080e-06
372	2.52475940253738e-06
373	2.64501099554725e-06
374	2.66960833866658e-06
375	2.62971956179014e-06
376	2.67188394057388e-06
377	2.66238044812445e-06
378	2.66121561640155e-06
379	2.71527980689603e-06
380	2.72569810189077e-06
381	2.79661986527608e-06
382	2.83663029458146e-06
383	2.86153200479583e-06
384	2.81054068387975e-06
385	2.75910454264538e-06
386	2.68543102280369e-06
387	2.65632939536917e-06
388	2.66863058578980e-06
389	2.74168186226248e-06
390	2.69504563297405e-06
391	2.68273054276869e-06
392	2.75259886512001e-06
393	2.83530004995629e-06
394	2.85189152193306e-06
395	2.76690680142655e-06
396	2.62761927902370e-06
397	2.58583810366256e-06
398	2.58978269590875e-06
399	2.57425385446869e-06
400	2.61759775923473e-06
401	2.69025768963960e-06
402	2.74929201404423e-06
403	2.86808241219901e-06
404	2.85932498218106e-06
405	2.71444575698826e-06
406	2.58360137527590e-06
407	2.56441706391060e-06
408	2.46239049656861e-06
409	2.31816266513188e-06
410	2.24543823123704e-06
411	2.26855727165661e-06
412	2.34038655635175e-06
413	2.43537042001466e-06
414	2.48282981806242e-06
415	2.65122894983210e-06
416	2.51807135572104e-06
417	2.45810739306374e-06
418	2.49771934289275e-06
419	2.49947629958507e-06
420	2.61926790916984e-06
421	2.75083163356054e-06
422	2.75674887240209e-06
423	2.82161240840190e-06
424	2.83117937269645e-06
425	2.76245486887620e-06
426	2.69819646564053e-06
427	2.56650198419332e-06
428	2.53330320904824e-06
429	2.43170958211849e-06
430	2.41483622772788e-06
431	2.38615570052547e-06
432	2.35625192976364e-06
433	2.31987578394738e-06
434	2.45252185277554e-06
435	2.59085003599183e-06
436	2.68445348696682e-06
437	2.77232704075553e-06
438	2.67437632844636e-06
439	2.70913489846366e-06
440	2.72853794367199e-06
441	2.63239762546392e-06
442	2.63201869458134e-06
443	2.67908113748893e-06
444	2.69173613641616e-06
445	2.77768089860578e-06
446	2.85933521599610e-06
447	2.79684112139769e-06
448	2.65080093448637e-06
449	2.57603357115866e-06
450	2.62527793429411e-06
451	2.51008414770696e-06
452	2.51424578837244e-06
453	2.57573001333031e-06
454	2.55954301660230e-06
455	2.45572607608682e-06
456	2.47823314165110e-06
457	2.52971421001208e-06
458	2.61881605161972e-06
459	2.69946096970406e-06
460	2.71185590969709e-06
461	2.74204995734260e-06
462	2.61732568876266e-06
463	2.55623969296773e-06
464	2.53966727413284e-06
465	2.54278236196605e-06
466	2.65842244236663e-06
467	2.66601156568275e-06
468	2.68107022402418e-06
469	2.74437527426922e-06
470	2.87612639190248e-06
471	2.84460940351894e-06
472	2.87146614084838e-06
473	2.82506506121777e-06
474	2.75019618209805e-06
475	2.53363486590677e-06
476	2.46220935468140e-06
477	2.45279172042144e-06
478	2.48746659569252e-06
479	2.39692123422406e-06
480	2.39457087016421e-06
481	2.38194340487911e-06
482	2.43506708363403e-06
483	2.48293161703660e-06
484	2.50586712993787e-06
485	2.50935033151578e-06
486	2.50961855561982e-06
487	2.50573932109621e-06
488	2.51734791931076e-06
489	2.61057997389573e-06
490	2.66506004192846e-06
491	2.66061610085355e-06
492	2.63563212056109e-06
493	2.66069354266112e-06
494	2.72252856041378e-06
495	2.61400613344320e-06
496	2.61059593027761e-06
497	2.67797026306909e-06
498	2.72034245776293e-06
499	2.67787665126191e-06
