1	7.02649062802403e-08
2	9.64162462360686e-08
3	1.15449407319109e-07
4	1.30590852902068e-07
5	1.43315397688768e-07
6	1.54012669881606e-07
7	1.63342853454959e-07
8	1.71945499359972e-07
9	1.79745993032730e-07
10	1.86164322424658e-07
11	1.92326580377958e-07
12	1.97958875991440e-07
13	2.03575971239251e-07
14	2.07489505490355e-07
15	2.12067608340790e-07
16	2.16079453681971e-07
17	2.20196602980124e-07
18	2.23850923569418e-07
19	2.26389716108789e-07
20	2.30936763222772e-07
21	2.31458307671122e-07
22	2.32133919993525e-07
23	2.33088030894935e-07
24	2.38528765222219e-07
25	2.42998036207973e-07
26	2.45194807556177e-07
27	2.45594796355163e-07
28	2.45958700690571e-07
29	2.48152976825171e-07
30	2.52734847662247e-07
31	2.51274977373847e-07
32	2.56957090025558e-07
33	2.55146424496452e-07
34	2.56808357029525e-07
35	2.55963340162459e-07
36	2.58335642545687e-07
37	2.62778859833119e-07
38	2.64042333799069e-07
39	2.59269464465576e-07
40	2.62327925847022e-07
41	2.67252909832382e-07
42	2.65890716977858e-07
43	2.60349697163268e-07
44	2.63096736450675e-07
45	2.69464207446433e-07
46	2.62555833617634e-07
47	2.66004459613131e-07
48	2.70403699006889e-07
49	2.61673386006133e-07
50	2.65267155549727e-07
51	2.71326406526519e-07
52	2.69800132878459e-07
53	2.73895849513531e-07
54	2.69012522962273e-07
55	2.60740974957939e-07
56	2.68657847920513e-07
57	2.73416605618945e-07
58	2.78974804133721e-07
59	2.63608994197969e-07
60	2.81977667375667e-07
61	2.72119915463217e-07
62	2.73882587115071e-07
63	2.76714163258294e-07
64	2.69715847513824e-07
65	2.71497153056295e-07
66	2.75901199145615e-07
67	2.76280504210171e-07
68	2.68653651834066e-07
69	2.69570385331434e-07
70	2.79928374778078e-07
71	2.89823464790172e-07
72	2.70001912522016e-07
73	2.67296376224031e-07
74	2.76097853296674e-07
75	2.70656989854439e-07
76	2.84004509872971e-07
77	2.75747970437011e-07
78	2.81279284762250e-07
79	2.74340041721152e-07
80	2.67338950049592e-07
81	2.70161196626674e-07
82	2.71736958983147e-07
83	2.75531181693343e-07
84	2.75547187549802e-07
85	2.86969279020302e-07
86	2.69342987595128e-07
87	2.76826497452029e-07
88	2.80532124134741e-07
89	2.70820276165490e-07
90	2.76675724847974e-07
91	2.78796060650192e-07
92	2.82983668281119e-07
93	2.74321269902853e-07
94	2.48991229070177e-07
95	2.78417673379242e-07
96	2.87922046734253e-07
97	2.75647205424673e-07
98	2.84637972639354e-07
99	2.86575207621944e-07
100	2.81800290934798e-07
101	2.90652230178916e-07
102	2.91208213713865e-07
103	2.76067207113670e-07
104	2.75625298682097e-07
105	2.69726976765178e-07
106	2.74106830484818e-07
107	2.57644170970419e-07
108	2.62049545970925e-07
109	2.59395366817014e-07
110	2.67583722900148e-07
111	2.84591302081372e-07
112	2.81851516561425e-07
113	2.62714192626809e-07
114	2.79308928195515e-07
115	2.77112593370191e-07
116	2.87332239575525e-07
117	2.66112017351729e-07
118	2.69492113838097e-07
119	2.70748996113472e-07
120	2.82405431516186e-07
121	2.65807466270760e-07
122	2.73710762273440e-07
123	2.88858658788248e-07
124	2.74104740892086e-07
125	2.67635467230968e-07
126	2.69086008926344e-07
127	2.75844268137986e-07
128	2.73487722187453e-07
129	2.82652157038374e-07
130	2.65443303525919e-07
131	2.70826219480330e-07
132	2.85771503206907e-07
133	2.72717510499961e-07
134	2.83933491182431e-07
135	2.74458575137669e-07
136	2.81191869909690e-07
137	2.63173642524076e-07
138	2.53309714026143e-07
139	2.74429723839076e-07
140	2.70823996185441e-07
141	2.74572738223493e-07
142	2.89812414787852e-07
143	2.76302673192193e-07
144	2.70434124175452e-07
145	2.65955644643164e-07
146	2.72363273975964e-07
147	2.64260907338096e-07
148	2.89137682474958e-07
149	2.68545651163726e-07
150	2.80920151804954e-07
151	2.61007590258175e-07
152	2.76921696850195e-07
153	2.67514628835452e-07
154	2.73760691759330e-07
155	2.58970338298765e-07
156	2.83454663684358e-07
157	2.77780415166739e-07
158	2.54846178281721e-07
159	2.85144675398838e-07
160	2.68187857068090e-07
161	2.66259904326361e-07
162	2.78435486807017e-07
163	2.77267691049838e-07
164	2.67105237077667e-07
165	2.79091845838286e-07
166	2.57591577257873e-07
167	2.65621474545573e-07
168	2.71724637463203e-07
169	2.74607506486503e-07
170	2.74549955360622e-07
171	2.61404556161685e-07
172	2.77937211860551e-07
173	2.67972686246544e-07
174	2.77484682231812e-07
175	2.75953632381890e-07
176	2.68602276325528e-07
177	2.74849693831424e-07
178	2.87708715277826e-07
179	2.57360956481513e-07
180	2.68600843457027e-07
181	2.58701855147651e-07
182	2.78548383570125e-07
183	2.50208094869474e-07
184	2.84028938891229e-07
185	2.58719719146823e-07
186	2.70453206516349e-07
187	2.68599818327165e-07
188	2.68181133001545e-07
189	2.74653914799186e-07
190	2.80032179208773e-07
191	2.62742137214886e-07
192	2.74633623128489e-07
193	2.65058867896222e-07
194	2.71315009032486e-07
195	2.76740148310530e-07
196	2.96455179362323e-07
197	2.50393971133349e-07
198	2.75818808295719e-07
199	2.75973966667037e-07
200	2.57652898684500e-07
201	2.56762963688541e-07
202	2.69082511571615e-07
203	2.66250565080072e-07
204	2.72536517134688e-07
205	2.70081986022104e-07
206	2.70849110926920e-07
207	2.64034346775115e-07
208	2.70786757610758e-07
209	2.67692335019408e-07
210	2.74342130818781e-07
211	2.52313879555816e-07
212	2.53507218720355e-07
213	2.57803699390879e-07
214	2.57234736877678e-07
215	2.76068972943200e-07
216	2.59043648073035e-07
217	2.80420884146857e-07
218	2.59704615390912e-07
219	2.77730850335545e-07
220	2.69936051557092e-07
221	2.67745269886413e-07
222	2.72050935996766e-07
223	2.65513511707415e-07
224	2.72460461674370e-07
225	2.57816352670470e-07
226	2.57492659189563e-07
227	2.71566954976308e-07
228	2.53513484460926e-07
229	2.70245025997439e-07
230	2.87175768831930e-07
231	2.80767217269561e-07
232	2.78871623752957e-07
233	2.46139783766271e-07
234	2.47891906970506e-07
235	2.77031116796376e-07
236	2.56130436136036e-07
237	2.55771073742609e-07
238	2.67383240033905e-07
239	2.52233945467454e-07
240	2.71652523724344e-07
241	2.57079758121792e-07
242	2.48087876650797e-07
243	2.65387730212773e-07
244	2.62143547411275e-07
245	2.41405559008631e-07
246	2.50323411936639e-07
247	2.58180771344861e-07
248	2.72129500966933e-07
249	2.73593678628380e-07
250	2.66627171872119e-07
251	2.64018130116611e-07
252	2.61375424874570e-07
253	2.69966387609389e-07
254	2.57331477584272e-07
255	2.45196017755075e-07
256	2.51808196223053e-07
257	2.53415204206397e-07
258	2.72143116487979e-07
259	2.71032500768484e-07
260	2.68338176182792e-07
261	2.66168233432906e-07
262	2.69790435557367e-07
263	2.81413772599308e-07
264	2.94731813412403e-07
265	2.82502162066645e-07
266	2.66012021602953e-07
267	2.50722041071309e-07
268	2.54321821076474e-07
269	2.54375304282467e-07
270	2.57638010417252e-07
271	2.76159995239474e-07
272	2.65937157126537e-07
273	2.53906461130950e-07
274	2.49428944069137e-07
275	2.46818086380511e-07
276	2.49394741628719e-07
277	2.67159030459691e-07
278	2.91945866275517e-07
279	2.86016143627387e-07
280	2.78666980800024e-07
281	2.81822299481767e-07
282	2.72642148582970e-07
283	2.61084895867950e-07
284	2.79530175767362e-07
285	2.72802332797475e-07
286	2.75209031769691e-07
287	2.60889930543777e-07
288	2.58827425865833e-07
289	2.59943230353424e-07
290	2.63203433987172e-07
291	2.54939934255653e-07
292	2.57886610930884e-07
293	2.51355461059381e-07
294	2.79445309510178e-07
295	2.83211916453580e-07
296	2.74445437196085e-07
297	2.65902437226942e-07
298	2.73525703592985e-07
299	2.52419432480933e-07
300	2.80509031969167e-07
301	2.59246129049976e-07
302	2.41684457125082e-07
303	2.64609766761370e-07
304	2.44469251015990e-07
305	2.52279803294913e-07
306	2.68866948535669e-07
307	2.77332085759781e-07
308	2.72627259468424e-07
309	2.55962088936430e-07
310	2.55420512323791e-07
311	2.61766177750973e-07
312	2.87996752286818e-07
313	2.89322959490784e-07
314	2.77685537264723e-07
315	2.76731949597702e-07
316	2.67055033770311e-07
317	2.61676792888975e-07
318	2.67674373950452e-07
319	2.64797074906788e-07
320	2.44048597704436e-07
321	2.48565376099137e-07
322	2.69198444656403e-07
323	2.80831144242370e-07
324	2.71534252298942e-07
325	2.70434993688935e-07
326	2.83561760280200e-07
327	2.72367974950188e-07
328	2.70128323221199e-07
329	2.79329657705090e-07
330	2.85678105188527e-07
331	2.57229048283404e-07
332	2.65582977441266e-07
333	2.77818948409206e-07
334	2.66240367007163e-07
335	2.56161187714690e-07
336	2.58366105036878e-07
337	2.59392971300848e-07
338	2.63979840276923e-07
339	2.63280238818327e-07
340	2.77883981803761e-07
341	2.58039256973385e-07
342	2.54701770871439e-07
343	2.46967275969652e-07
344	2.66298126224308e-07
345	2.62051519902347e-07
346	2.55834866690781e-07
347	2.56853934155120e-07
348	2.80386935881847e-07
349	2.56549135103020e-07
350	2.53023987231823e-07
351	2.57614277562047e-07
352	2.77493420498312e-07
353	2.74997764494201e-07
354	2.68595180309208e-07
355	2.75591821399822e-07
356	2.66863788934041e-07
357	2.72542786987556e-07
358	2.69117509686759e-07
359	2.73771454461326e-07
360	2.61346061418456e-07
361	2.57035104338920e-07
362	2.60340363728639e-07
363	2.71925701659895e-07
364	2.78997974727445e-07
365	2.64648438702743e-07
366	2.66536160787350e-07
367	2.61113308397920e-07
368	2.74311744848083e-07
369	2.67564616974470e-07
370	2.51836309756982e-07
371	2.60149932598546e-07
372	2.54187591166050e-07
373	2.55435005837564e-07
374	2.36699092746840e-07
375	2.48914214063711e-07
376	2.42622187534694e-07
377	2.64206624788159e-07
378	2.63992912622783e-07
379	2.75734053803976e-07
380	2.72571916605886e-07
381	2.84174407795712e-07
382	2.74803507306369e-07
383	2.69893811797148e-07
384	2.79046435054944e-07
385	2.65440875593901e-07
386	2.62290493316503e-07
387	2.68578069706867e-07
388	2.78264911240190e-07
389	2.82576280888834e-07
390	2.70825848670936e-07
391	2.75014257987312e-07
392	2.92122544187819e-07
393	2.85649342707822e-07
394	2.65393915162906e-07
395	2.51486913189250e-07
396	2.65372873493335e-07
397	2.76168473186216e-07
398	2.69296856530386e-07
399	2.45441804395065e-07
400	2.55078467157214e-07
401	2.68576625837273e-07
402	2.66137305807151e-07
403	2.76115262913342e-07
404	2.77153236772416e-07
405	2.72742802266492e-07
406	2.84275161530265e-07
407	2.72818566713841e-07
408	2.66833263490916e-07
409	2.57936642755976e-07
410	2.54795606070226e-07
411	2.65775817862597e-07
412	2.69052568480144e-07
413	2.67076932791489e-07
414	2.74700007054654e-07
415	2.70633116390160e-07
416	2.64397074025878e-07
417	2.81807760835986e-07
418	2.78616636365747e-07
419	2.53397931328622e-07
420	2.61122667740784e-07
421	2.46292919404945e-07
422	2.53562056407841e-07
423	2.49397598150322e-07
424	2.48986106178094e-07
425	2.49978374977930e-07
426	2.59213022102725e-07
427	2.67034954130292e-07
428	2.64090280789704e-07
429	2.63672220706306e-07
430	2.59766509229051e-07
431	2.58906108469008e-07
432	2.68472513840691e-07
433	2.46169899838727e-07
434	2.61223657159819e-07
435	2.66371083869197e-07
436	2.55432393118940e-07
437	2.61619324332351e-07
438	2.65764742425750e-07
439	2.79795947279672e-07
440	2.77474703696571e-07
441	2.73446105534689e-07
442	2.88337033993919e-07
443	2.85254652668409e-07
444	2.83533903655393e-07
445	2.87211724622492e-07
446	2.82258269571344e-07
447	2.79245174280945e-07
448	2.71520732338686e-07
449	2.65539972852369e-07
450	2.63474040449324e-07
451	2.68203733217086e-07
452	2.70419675335790e-07
453	2.74884073979310e-07
454	2.80592157882566e-07
455	2.87277987967882e-07
456	2.85981583862197e-07
457	2.79801257634425e-07
458	2.79381295871796e-07
459	2.90447799755900e-07
460	2.83130292314631e-07
461	2.75582808675802e-07
462	2.66129114883883e-07
463	2.64614909159211e-07
464	2.68681948978570e-07
465	2.54472538324054e-07
466	2.29176684245692e-07
467	2.44515723215471e-07
468	2.45575149065921e-07
469	2.62312626423648e-07
470	2.52673842507878e-07
471	2.68350484868461e-07
472	2.78268568312269e-07
473	2.68216616246475e-07
474	2.66284292771939e-07
475	2.66227581658422e-07
476	2.76201235588406e-07
477	2.94410822099626e-07
478	2.77106945918326e-07
479	2.83554363551426e-07
480	2.82304001540364e-07
481	2.79516308175077e-07
482	2.75218925608783e-07
483	2.77995375320212e-07
484	2.76811589150609e-07
485	2.78034697696544e-07
486	2.72904207454420e-07
487	2.60657203965992e-07
488	2.58875980131161e-07
489	2.63040821304062e-07
490	2.55133998511643e-07
491	2.57960211260061e-07
492	2.53638798612500e-07
493	2.60581319209751e-07
494	2.64464647922292e-07
495	2.55982903968517e-07
496	2.61767336261052e-07
497	2.71691851724418e-07
498	2.57656775678627e-07
499	2.70832528101572e-07
