1	7.77418747406752e-04
2	1.09576130148816e-03
3	1.33875325311566e-03
4	1.54192003122017e-03
5	1.72007357903594e-03
6	1.88010086822456e-03
7	2.02635839592143e-03
8	2.16194011706060e-03
9	2.28803118645235e-03
10	2.40668180750904e-03
11	2.51942972559355e-03
12	2.62628689886119e-03
13	2.72775792611304e-03
14	2.82470794866003e-03
15	2.91641069524033e-03
16	3.00588966925136e-03
17	3.09193589859343e-03
18	3.17624814070619e-03
19	3.26117164621515e-03
20	3.33285756614201e-03
21	3.40633672661110e-03
22	3.48278474711309e-03
23	3.55884478021727e-03
24	3.62513053836781e-03
25	3.69417094383673e-03
26	3.75951482135124e-03
27	3.82165140991782e-03
28	3.87519833383804e-03
29	3.94012238527224e-03
30	4.00552691154604e-03
31	4.06926241375709e-03
32	4.12118711417282e-03
33	4.18924708274409e-03
34	4.22984172305932e-03
35	4.28885803346366e-03
36	4.33786988836529e-03
37	4.38662566246517e-03
38	4.44030208004216e-03
39	4.48075051729611e-03
40	4.53970565975153e-03
41	4.59494457517331e-03
42	4.62556140717244e-03
43	4.68338549343047e-03
44	4.74755350167924e-03
45	4.76760476731874e-03
46	4.82392833097974e-03
47	4.87140711133755e-03
48	4.90130727126891e-03
49	4.92968142859952e-03
50	4.97860115702945e-03
51	4.98636842979908e-03
52	5.04800833323242e-03
53	5.09984632679590e-03
54	5.15119756358060e-03
55	5.18607303744571e-03
56	5.19024182779173e-03
57	5.23959759132198e-03
58	5.28832454091714e-03
59	5.34725986074157e-03
60	5.36034446833598e-03
61	5.37428180815064e-03
62	5.39813995216378e-03
63	5.47470433315093e-03
64	5.48760738813280e-03
65	5.52809106736331e-03
66	5.57330906924120e-03
67	5.56938825469537e-03
68	5.58559830660886e-03
69	5.65072028359162e-03
70	5.68483581290910e-03
71	5.67370922099506e-03
72	5.75499055623824e-03
73	5.79825164052791e-03
74	5.80682988595592e-03
75	5.81499577742431e-03
76	5.85972025096382e-03
77	5.89220359395750e-03
78	5.92633603616770e-03
79	5.96245321653855e-03
80	5.96923888023928e-03
81	6.01337029478969e-03
82	5.97919518188926e-03
83	6.01681097619185e-03
84	6.04644648662734e-03
85	6.08284014104254e-03
86	6.15812489559003e-03
87	6.10194112740380e-03
88	6.18714351675055e-03
89	6.17293594618194e-03
90	6.18477944197339e-03
91	6.27548255556897e-03
92	6.32568761584979e-03
93	6.25339571195194e-03
94	6.25343170164504e-03
95	6.42058578280724e-03
96	6.40239322820128e-03
97	6.38469891274705e-03
98	6.28734674042647e-03
99	6.40498837524628e-03
100	6.53976187937680e-03
101	6.47110407149771e-03
102	6.47663723658868e-03
103	6.53947871642386e-03
104	6.46123527079068e-03
105	6.49697566165964e-03
106	6.55314944958445e-03
107	6.53307942986000e-03
108	6.61429330325024e-03
109	6.54071842650861e-03
110	6.64142141095909e-03
111	6.60574561502474e-03
112	6.59926844774031e-03
113	6.80639650495908e-03
114	6.74691382029408e-03
115	6.85693590799895e-03
116	6.78870170199952e-03
117	6.80719582205637e-03
118	6.79555943567473e-03
119	6.72608065288535e-03
120	6.85621828497969e-03
121	6.95948289293833e-03
122	6.90200255497908e-03
123	6.93047426115367e-03
124	6.90740384265879e-03
125	6.96826884991082e-03
126	6.94054471245110e-03
127	6.98589068092743e-03
128	7.01926373592684e-03
129	6.99402997090283e-03
130	7.01549482373994e-03
131	7.01015861833193e-03
132	7.10091391259631e-03
133	7.01644971892949e-03
134	7.14749819009632e-03
135	7.21595970706988e-03
136	6.97633880054470e-03
137	7.15811950599446e-03
138	7.13119977594543e-03
139	7.10455324802409e-03
140	7.22074014875265e-03
141	7.16780274333220e-03
142	7.21577074204329e-03
143	7.14904319645468e-03
144	7.34019086708070e-03
145	7.32983003819255e-03
146	7.47296385527532e-03
147	7.37336374549710e-03
148	7.18072103944642e-03
149	7.23280538362631e-03
150	7.33159297386892e-03
151	7.25396221078949e-03
152	7.37373115073290e-03
153	7.52661771560803e-03
154	7.28615623593952e-03
155	7.44395238458246e-03
156	7.52421527187509e-03
157	7.37095070113127e-03
158	7.41683176810613e-03
159	7.39132770091115e-03
160	7.60699632904605e-03
161	7.25566270705178e-03
162	7.43415589136826e-03
163	7.56206370217445e-03
164	7.45302009480579e-03
165	7.44175946246613e-03
166	7.46393088104260e-03
167	7.56721151320971e-03
168	7.35120001889536e-03
169	7.52745645276035e-03
170	7.74138271258579e-03
171	7.68119726952471e-03
172	7.52262093933497e-03
173	7.89646812467302e-03
174	7.58595491007315e-03
175	7.93883968463624e-03
176	7.66295403280826e-03
177	7.58694427710690e-03
178	7.41567063428827e-03
179	7.69802263957994e-03
180	7.54603863262136e-03
181	7.58698615232507e-03
182	8.05458152900404e-03
183	7.57740623285237e-03
184	7.93260571472510e-03
185	7.66606688010399e-03
186	7.78274774343008e-03
187	7.56635487668061e-03
188	7.76146399706947e-03
189	7.80231474825651e-03
190	7.82769675297312e-03
191	7.82095918854696e-03
192	7.80119310483294e-03
193	7.73777524343249e-03
194	8.11322149671658e-03
195	7.95800031955792e-03
196	7.86465966376316e-03
197	7.66210522651792e-03
198	7.80857882081138e-03
199	7.94266833734349e-03
200	7.89872063164032e-03
201	7.75531846245551e-03
202	8.01735890026244e-03
203	7.91260322393403e-03
204	7.76579437589030e-03
205	8.07527324261106e-03
206	7.92801004742327e-03
207	8.19775767899090e-03
208	8.00501683572688e-03
209	7.73795650383587e-03
210	8.01563213259300e-03
211	8.22495750190055e-03
212	8.07908084508692e-03
213	7.97082313319508e-03
214	7.85280139810175e-03
215	7.99151907683606e-03
216	7.97344481757300e-03
217	8.13736815349640e-03
218	7.95185051742179e-03
219	8.08551603468920e-03
220	8.27358011247500e-03
221	8.08805331232067e-03
222	8.04966782830852e-03
223	7.95450083653711e-03
224	8.11538026991619e-03
225	8.21561113659288e-03
226	7.91281195398935e-03
227	8.07937601780963e-03
228	8.08739336046136e-03
229	7.76399475996028e-03
230	8.21673069279385e-03
231	8.10840343919830e-03
232	8.00555027070623e-03
233	8.26385947375988e-03
234	8.16507202076600e-03
235	7.96980775303881e-03
236	8.02910656709513e-03
237	8.01391870430024e-03
238	7.95121886866202e-03
239	8.10560654270356e-03
240	8.15101702588491e-03
241	8.53843628732102e-03
242	8.79064832802050e-03
243	8.42113487903338e-03
244	8.23926664449369e-03
245	8.37636756568702e-03
246	8.47908925851770e-03
247	8.35812541039449e-03
248	8.23346342501794e-03
249	8.20295735730070e-03
250	8.32111132690069e-03
251	8.16446647811017e-03
252	8.04308353955605e-03
253	8.10037990883327e-03
254	8.10114390806545e-03
255	8.00563517498881e-03
256	8.10826844529024e-03
257	8.31466161220762e-03
258	8.51558273550988e-03
259	8.49605551278279e-03
260	8.65185949846994e-03
261	8.45404338002142e-03
262	8.00544053030834e-03
263	8.14256992042217e-03
264	8.73622212264203e-03
265	8.73399214517866e-03
266	8.44752248906580e-03
267	8.43927167303803e-03
268	8.67094401305180e-03
269	8.49169485831285e-03
270	8.44446464357777e-03
271	8.49098633123668e-03
272	8.63357000483151e-03
273	8.54884052756036e-03
274	8.18363816981922e-03
275	8.09069246697350e-03
276	8.29281155462163e-03
277	8.41010138144402e-03
278	8.54223586118017e-03
279	8.60891732672083e-03
280	8.75972566961317e-03
281	8.68616004009187e-03
282	8.26211494656037e-03
283	8.07023689867192e-03
284	8.25657382845538e-03
285	8.53471708536905e-03
286	8.55065863777984e-03
287	8.26834999531926e-03
288	8.24989957104556e-03
289	8.32172653388658e-03
290	8.69964590890832e-03
291	8.72655126671774e-03
292	8.70089609282845e-03
293	8.89237450479584e-03
294	9.02178871472755e-03
295	8.94152733501862e-03
296	8.39385465297695e-03
297	8.22463562403721e-03
298	8.40950864439046e-03
299	8.98313378929210e-03
300	8.93873473290233e-03
301	8.54150331379055e-03
302	8.25889578263562e-03
303	8.49673916388600e-03
304	8.92633314126862e-03
305	8.86390035071426e-03
306	8.44050841976637e-03
307	7.95147964248422e-03
308	8.14385770491267e-03
309	8.48169125476157e-03
310	8.52858144215631e-03
311	8.31315131800186e-03
312	8.02795685017882e-03
313	8.11143853291730e-03
314	8.33869808628056e-03
315	8.45098750829538e-03
316	8.39458196117930e-03
317	8.39331698507798e-03
318	8.60027049348668e-03
319	9.05509045815105e-03
320	9.38148473513084e-03
321	9.08348834480411e-03
322	8.69422374673729e-03
323	8.61842586857280e-03
324	8.68718704849146e-03
325	9.01546491316557e-03
326	9.42901217473765e-03
327	9.10030938095488e-03
328	8.85965215427991e-03
329	8.44331605824551e-03
330	8.44757999420014e-03
331	8.65877052504993e-03
332	8.79217714264009e-03
333	8.66176743502617e-03
334	8.72943966256873e-03
335	8.78749074102428e-03
336	8.79322096928407e-03
337	8.86038825976511e-03
338	8.78660314663393e-03
339	8.65670285573301e-03
340	8.51613297155901e-03
341	8.43238285001864e-03
342	8.64660211897273e-03
343	8.82723488171689e-03
344	8.87021681393142e-03
345	8.96372140642326e-03
346	8.79249687497286e-03
347	8.44959846800274e-03
348	8.45129073765175e-03
349	8.84494848181264e-03
350	8.94544218193397e-03
351	9.07554707907548e-03
352	9.02185752470012e-03
353	8.88764168574585e-03
354	8.75215899110164e-03
355	8.89192800036869e-03
356	8.89949395694277e-03
357	8.73963438423475e-03
358	8.75964208830526e-03
359	8.62289785590761e-03
360	8.46149125643402e-03
361	8.31799670699475e-03
362	8.69457855291941e-03
363	8.89219904094684e-03
364	9.11971481341501e-03
365	9.03471259525302e-03
366	9.09135794748289e-03
367	9.04462912607081e-03
368	9.09574564804527e-03
369	9.21475252120857e-03
370	9.15881926228837e-03
371	9.26857839716557e-03
372	9.14517481296039e-03
373	9.00679446995965e-03
374	8.97592490114849e-03
375	8.93091519941847e-03
376	8.98421512894684e-03
377	9.00564399957611e-03
378	9.12642298102082e-03
379	9.08803628429991e-03
380	9.07868094075015e-03
381	9.03549042086069e-03
382	8.92898668233420e-03
383	8.79335007222308e-03
384	8.71041117145697e-03
385	8.78585890125123e-03
386	8.66695267582403e-03
387	8.58774849459117e-03
388	8.65045081794669e-03
389	8.69550635431200e-03
390	8.81632143963729e-03
391	8.86177971181434e-03
392	8.80292504303401e-03
393	9.01866109413840e-03
394	8.85228987402978e-03
395	8.66099515856123e-03
396	8.58012372978196e-03
397	8.56535797156040e-03
398	8.49606508669017e-03
399	8.46173850918775e-03
400	8.54362925288782e-03
401	8.75621390212205e-03
402	8.80888673911576e-03
403	8.69990349779905e-03
404	8.79550254834211e-03
405	8.95307498129086e-03
406	8.88757272405304e-03
407	8.81222026538389e-03
408	8.74386719151278e-03
409	9.03895515937590e-03
410	9.18722080236329e-03
411	9.20795335872963e-03
412	9.02578733277685e-03
413	8.89609617880869e-03
414	8.98426682840742e-03
415	9.10496124681874e-03
416	9.10929827631214e-03
417	9.25695383154943e-03
418	9.31504412024256e-03
419	9.61614271859342e-03
420	9.74765134146692e-03
421	9.69164490347430e-03
422	9.62799352738289e-03
423	9.54060180776173e-03
424	9.38454756800939e-03
425	9.14556448782103e-03
426	9.01839111917340e-03
427	8.76844901268023e-03
428	8.65370603067580e-03
429	8.72948379276309e-03
430	8.76812293493922e-03
431	8.71974811151702e-03
432	8.58377739293015e-03
433	8.54471007013777e-03
434	8.68654149384710e-03
435	9.04405552369973e-03
436	9.02693986618299e-03
437	9.15841751687505e-03
438	9.23937859755880e-03
439	9.29310912254861e-03
440	9.26934785034608e-03
441	9.14977367206994e-03
442	8.91286264959591e-03
443	8.79186365207895e-03
444	8.63238273054509e-03
445	8.76586879730269e-03
446	8.67490909186403e-03
447	8.69785122834861e-03
448	8.77626962351608e-03
449	8.90757532338681e-03
450	9.00522441584869e-03
451	9.09565983177248e-03
452	9.04829243620982e-03
453	9.16142101621252e-03
454	9.30341711510832e-03
455	9.63615409160319e-03
456	9.68330339334495e-03
457	9.56301203325487e-03
458	9.44698437066323e-03
459	9.42501713526618e-03
460	9.37074769777313e-03
461	9.30657636268217e-03
462	9.24816803283280e-03
463	9.12999086758500e-03
464	9.07207005750345e-03
465	9.06161251440365e-03
466	9.17486730781608e-03
467	9.21124738350189e-03
468	9.29751302391630e-03
469	9.30886992264758e-03
470	9.23655948754630e-03
471	9.15552845870165e-03
472	9.01162204409254e-03
473	8.91759672878081e-03
474	8.85101189292333e-03
475	8.81967840019113e-03
476	8.83458326862600e-03
477	9.02684298510783e-03
478	8.99480205734704e-03
479	9.06473614979548e-03
480	9.14945266319028e-03
481	9.12465385702952e-03
482	9.22914995622909e-03
483	9.33314257602407e-03
484	9.35635019804400e-03
485	9.38702792538138e-03
486	9.33684685882017e-03
487	9.28535539172544e-03
488	9.52177250759947e-03
489	9.49129839132923e-03
490	9.31477574084563e-03
491	9.27341054599060e-03
492	9.21575954403398e-03
493	9.12167251225760e-03
494	9.03448352306149e-03
495	9.00409305316236e-03
496	8.92629514428940e-03
497	8.74262110477294e-03
498	8.67536638321702e-03
499	8.68757328090451e-03
