1	2.82757076900266e-04
2	3.65337677292362e-04
3	4.18894720668948e-04
4	4.58141213245167e-04
5	4.85888961271947e-04
6	5.07280769978385e-04
7	5.24850354472127e-04
8	5.43405203943147e-04
9	5.53898684658677e-04
10	5.65181835559912e-04
11	5.72694023037493e-04
12	5.81597573001492e-04
13	5.89786684937298e-04
14	5.89942565210114e-04
15	6.00101333271528e-04
16	6.02849512291412e-04
17	6.08978644105823e-04
18	6.17368453622308e-04
19	6.23727743671522e-04
20	6.26171211705512e-04
21	6.28266040212628e-04
22	6.41324907068900e-04
23	6.32111337025480e-04
24	6.40193727699090e-04
25	6.39461915151874e-04
26	6.51654705417126e-04
27	6.56452691836552e-04
28	6.55239544783949e-04
29	6.61164646421736e-04
30	6.63436448436480e-04
31	6.66353106257539e-04
32	6.64288395468254e-04
33	6.71491373150409e-04
34	6.76574106118964e-04
35	6.71247475145486e-04
36	6.78830899887592e-04
37	6.82168628363355e-04
38	6.89239790630804e-04
39	6.94777753692005e-04
40	7.03480257976376e-04
41	7.06212644803931e-04
42	6.94054866803513e-04
43	6.99258706583111e-04
44	7.13480342615277e-04
45	7.07085790398613e-04
46	7.12278792437470e-04
47	7.18825696807374e-04
48	7.18420203807685e-04
49	6.99349884517013e-04
50	7.09793540393528e-04
51	7.32485067745692e-04
52	7.24767450934900e-04
53	7.45876391130681e-04
54	7.37196820392992e-04
55	7.36649319952808e-04
56	7.43223298396502e-04
57	7.41784648117994e-04
58	7.49715694031988e-04
59	7.47830608240074e-04
60	7.51772520789416e-04
61	7.50333912680679e-04
62	7.58515997328254e-04
63	7.60663549550300e-04
64	7.46234591635173e-04
65	7.60826934927465e-04
66	7.59427382576838e-04
67	7.53062040450111e-04
68	7.62692426576082e-04
69	7.62637612235580e-04
70	7.63732854870074e-04
71	7.73075228896066e-04
72	7.74902277256545e-04
73	7.70289436429053e-04
74	7.67614396914397e-04
75	7.72546746532408e-04
76	7.80366522958298e-04
77	7.72410297670737e-04
78	7.82784270732867e-04
79	7.81341455494319e-04
80	7.79451957210956e-04
81	7.89315916602323e-04
82	7.88865777485404e-04
83	7.90306747899651e-04
84	7.88155424234423e-04
85	8.00713697408674e-04
86	7.94479975130161e-04
87	7.82424529247478e-04
88	7.82174019812291e-04
89	7.97833792864464e-04
90	8.01117195799226e-04
91	8.02902454110903e-04
92	7.92403370890626e-04
93	8.18725473133390e-04
94	8.07209289540081e-04
95	7.97582371229452e-04
96	8.17891283202263e-04
97	7.84745044112808e-04
98	7.99519309750285e-04
99	8.17933533905883e-04
100	8.04996440578299e-04
101	8.18939709592547e-04
102	8.25792786359895e-04
103	8.15872971099236e-04
104	8.19671704084488e-04
105	8.29725254602511e-04
106	8.34821665853463e-04
107	8.27081993873063e-04
108	8.27538499030169e-04
109	8.30632030685715e-04
110	8.35909283766924e-04
111	8.41320775595058e-04
112	8.45389789588073e-04
113	8.54183440201673e-04
114	8.43448862195819e-04
115	8.68186015844078e-04
116	8.54437108356932e-04
117	8.40953131514782e-04
118	8.42866742858677e-04
119	8.50197961365329e-04
120	8.52161820347816e-04
121	8.49768816860975e-04
122	8.52522617244836e-04
123	8.67346860404272e-04
124	8.63636940241212e-04
125	8.58133653429591e-04
126	8.54428491346233e-04
127	8.58932889037918e-04
128	8.64839496756617e-04
129	8.57321901711565e-04
130	8.65444604940667e-04
131	8.48992568413470e-04
132	8.64422717791194e-04
133	8.71662505139271e-04
134	8.75319354896225e-04
135	8.69109441993582e-04
136	8.76594361078673e-04
137	8.70686651439018e-04
138	8.76030989892635e-04
139	8.85481394842428e-04
140	8.87053549579679e-04
141	8.76429688834043e-04
142	8.80341827269861e-04
143	8.93604080472358e-04
144	8.92953548720413e-04
145	8.81585267171475e-04
146	8.83347766427728e-04
147	8.81746582523083e-04
148	8.99111450460072e-04
149	9.05794706566460e-04
150	8.83382678874244e-04
151	8.77932307926858e-04
152	9.01283778172344e-04
153	9.06612007049405e-04
154	8.83632860601363e-04
155	9.18208319964719e-04
156	9.06466577382241e-04
157	9.21020340759645e-04
158	9.09499009450150e-04
159	9.26626863145274e-04
160	9.12110462233477e-04
161	9.13655870891040e-04
162	9.27109349774332e-04
163	9.21283807721602e-04
164	9.21831655840663e-04
165	9.03715736676882e-04
166	9.21128123916003e-04
167	9.21363052334008e-04
168	9.01988294723065e-04
169	9.18997314116588e-04
170	9.22476702106748e-04
171	9.16088287858303e-04
172	9.39376903416086e-04
173	9.18194903452730e-04
174	9.26478049786798e-04
175	9.48832919111855e-04
176	9.32870836279999e-04
177	9.45696777305382e-04
178	9.49261160588842e-04
179	9.57109232342622e-04
180	9.28933782789500e-04
181	9.32939334782359e-04
182	9.49514374419235e-04
183	9.39435076522138e-04
184	9.57128820583305e-04
185	9.64473051740096e-04
186	9.51266258646095e-04
187	9.42322027845992e-04
188	9.53158909920917e-04
189	9.73233812302605e-04
190	9.53673419087194e-04
191	9.56251697546102e-04
192	9.48935037474974e-04
193	9.70360984613001e-04
194	9.81363944769663e-04
195	9.68988038489414e-04
196	9.57975065816016e-04
197	9.83857860051671e-04
198	9.80869192306250e-04
199	9.62024964296142e-04
200	9.80113465019490e-04
201	9.88372921715192e-04
202	9.78215083086216e-04
203	9.82352372017409e-04
204	9.83259270544668e-04
205	1.01282715907626e-03
206	9.79488045562272e-04
207	9.73423868958367e-04
208	9.84889996188917e-04
209	9.82400118405257e-04
210	9.84094053731737e-04
211	9.83957380795987e-04
212	9.99584181869556e-04
213	1.01695055595498e-03
214	9.91695828359301e-04
215	1.00044223923986e-03
216	1.01291158228008e-03
217	9.99854732052404e-04
218	1.01759795927312e-03
219	9.99871603289084e-04
220	1.01039718672272e-03
221	1.00498239497271e-03
222	9.95711163477445e-04
223	1.01200513456905e-03
224	1.01867562933502e-03
225	1.00707902606337e-03
226	1.02086710418852e-03
227	1.00741375519301e-03
228	1.01623204416585e-03
229	1.01453019382577e-03
230	1.04798488507403e-03
231	9.95942915046243e-04
232	1.03030213233323e-03
233	1.02272423054098e-03
234	1.01894616170831e-03
235	1.02665198765871e-03
236	1.03795086459431e-03
237	1.02957740242534e-03
238	1.00974296487308e-03
239	1.02203050238674e-03
240	1.04021992810215e-03
241	1.02180854939509e-03
242	1.04098293330988e-03
243	1.03328007046938e-03
244	1.04487050851927e-03
245	1.02455644604013e-03
246	1.06105917570362e-03
247	1.04339910078612e-03
248	1.05264939104358e-03
249	1.04997700861417e-03
250	1.02793496872219e-03
251	1.06408323924836e-03
252	1.05187001991162e-03
253	1.07378986754148e-03
254	1.05872511755967e-03
255	1.06194186814599e-03
256	1.05287256476954e-03
257	1.06593054401372e-03
258	1.07821928468574e-03
259	1.06579693006810e-03
260	1.06745582839068e-03
261	1.06020623845738e-03
262	1.05432992754500e-03
263	1.06440845003905e-03
264	1.04930658751710e-03
265	1.07691503382386e-03
266	1.05585062778427e-03
267	1.08638920198133e-03
268	1.06653431796028e-03
269	1.06177902935047e-03
270	1.09859304782357e-03
271	1.07483327560702e-03
272	1.06003277697930e-03
273	1.05941511972544e-03
274	1.07712093902528e-03
275	1.08663760627014e-03
276	1.07207498978761e-03
277	1.10687934936567e-03
278	1.07654018132177e-03
279	1.06781794560613e-03
280	1.06399584472006e-03
281	1.09795564559327e-03
282	1.05567271934200e-03
283	1.10390294858315e-03
284	1.07947157404405e-03
285	1.08886852718877e-03
286	1.07436150660261e-03
287	1.07626635923337e-03
288	1.07264874537801e-03
289	1.08386737270561e-03
290	1.07747286488112e-03
291	1.09329844422503e-03
292	1.10757854064756e-03
293	1.09746334569745e-03
294	1.09580362506687e-03
295	1.09274784463120e-03
296	1.10738099541333e-03
297	1.10619851656979e-03
298	1.11068823041178e-03
299	1.09148599173931e-03
300	1.09514862610823e-03
301	1.12051922186969e-03
302	1.08866677402136e-03
303	1.10620870043335e-03
304	1.11106796653639e-03
305	1.14027715112479e-03
306	1.10934954720968e-03
307	1.11962726347592e-03
308	1.09872694880055e-03
309	1.11653743177934e-03
310	1.13877194072436e-03
311	1.14935096142729e-03
312	1.11389597942872e-03
313	1.13538666738263e-03
314	1.15585005636606e-03
315	1.14498171154557e-03
316	1.12047390526951e-03
317	1.13507486727565e-03
318	1.15333402507476e-03
319	1.13811644475101e-03
320	1.14366935685437e-03
321	1.13302727932078e-03
322	1.13784707695448e-03
323	1.17177978618012e-03
324	1.13469763285790e-03
325	1.13446232299204e-03
326	1.14346734401858e-03
327	1.15187345314492e-03
328	1.13782566212614e-03
329	1.17374862495659e-03
330	1.14851441622463e-03
331	1.15240008314465e-03
332	1.15486220628441e-03
333	1.15027877329459e-03
334	1.16027877526530e-03
335	1.16281500364121e-03
336	1.15111850716527e-03
337	1.17767548691090e-03
338	1.15580428258048e-03
339	1.16774162773820e-03
340	1.16291468324692e-03
341	1.16345536611432e-03
342	1.15284605989261e-03
343	1.17548496767748e-03
344	1.17192528724244e-03
345	1.16122585242404e-03
346	1.16610376158861e-03
347	1.17320786103818e-03
348	1.17652871375200e-03
349	1.16871941165774e-03
350	1.17266605429732e-03
351	1.17871398596857e-03
352	1.17568691683313e-03
353	1.16924501061844e-03
354	1.17868748863854e-03
355	1.18800771480439e-03
356	1.19386009609911e-03
357	1.15029361613846e-03
358	1.18492956780403e-03
359	1.16192756699331e-03
360	1.15523935168445e-03
361	1.18318019130838e-03
362	1.18373136182422e-03
363	1.20369348421422e-03
364	1.19032593262577e-03
365	1.18642656197026e-03
366	1.16324765138938e-03
367	1.17603471994719e-03
368	1.20085099056467e-03
369	1.17623952894659e-03
370	1.19302138960670e-03
371	1.19109484653952e-03
372	1.19111108164737e-03
373	1.19616670164083e-03
374	1.18091361342717e-03
375	1.16741312462827e-03
376	1.18491612556779e-03
377	1.17706204118558e-03
378	1.18978917436493e-03
379	1.20315086738912e-03
380	1.18749330080653e-03
381	1.17808350896143e-03
382	1.21436654692364e-03
383	1.20079399703669e-03
384	1.17860397820558e-03
385	1.19361164901759e-03
386	1.20885791252209e-03
387	1.18782614878962e-03
388	1.20038545516248e-03
389	1.18869096092244e-03
390	1.18182006741464e-03
391	1.18432974941176e-03
392	1.19449006299678e-03
393	1.21085105875075e-03
394	1.22873336290429e-03
395	1.20386676024969e-03
396	1.19555850989900e-03
397	1.21254124785537e-03
398	1.23058196718469e-03
399	1.21943938916066e-03
400	1.19671843670517e-03
401	1.19670878481053e-03
402	1.21576401233850e-03
403	1.21513828754196e-03
404	1.22313473223025e-03
405	1.22429485698564e-03
406	1.21880329902568e-03
407	1.21157206129066e-03
408	1.22109358128993e-03
409	1.22435354792582e-03
410	1.24032676616122e-03
411	1.21230235397091e-03
412	1.22276924126883e-03
413	1.24031700415247e-03
414	1.23152445065385e-03
415	1.22317559927621e-03
416	1.21657727462059e-03
417	1.26491380588970e-03
418	1.23493039739958e-03
419	1.23803459204163e-03
420	1.22158099625184e-03
421	1.24917927893106e-03
422	1.23962932707659e-03
423	1.24749302486637e-03
424	1.25247625613900e-03
425	1.25094103213109e-03
426	1.24486876872972e-03
427	1.22383618694425e-03
428	1.24588545474748e-03
429	1.25426401778209e-03
430	1.25570783962965e-03
431	1.24939751958156e-03
432	1.26580550771321e-03
433	1.25244480121403e-03
434	1.26317935133486e-03
435	1.25269238629415e-03
436	1.24915908466847e-03
437	1.24495240939215e-03
438	1.25601096705493e-03
439	1.24781368444927e-03
440	1.25836093807166e-03
441	1.25124921003851e-03
442	1.27000541703489e-03
443	1.25641824777489e-03
444	1.26341017859282e-03
445	1.25947876665422e-03
446	1.25378211026053e-03
447	1.26313611110982e-03
448	1.24174316914332e-03
449	1.23750658228036e-03
450	1.24260760917232e-03
451	1.24478546220696e-03
452	1.26361992230979e-03
453	1.24694735469451e-03
454	1.25630038635752e-03
455	1.25520227841095e-03
456	1.28327260274974e-03
457	1.28086159650972e-03
458	1.29218718994063e-03
459	1.31198487091562e-03
460	1.29982117113922e-03
461	1.26491406554485e-03
462	1.26462206481441e-03
463	1.26828019723526e-03
464	1.28314351325023e-03
465	1.29271105307363e-03
466	1.28834111730826e-03
467	1.26860393319933e-03
468	1.28929308615322e-03
469	1.29218384797014e-03
470	1.28048473317652e-03
471	1.27499026378107e-03
472	1.29506595239354e-03
473	1.27763543984941e-03
474	1.29369692624888e-03
475	1.30490075849825e-03
476	1.29802336285258e-03
477	1.33686422923006e-03
478	1.31233345097730e-03
479	1.29911556574998e-03
480	1.30351025109394e-03
481	1.32369525781472e-03
482	1.32977426412188e-03
483	1.31837959720538e-03
484	1.31587067662015e-03
485	1.30277862103115e-03
486	1.30153169397603e-03
487	1.30855631333619e-03
488	1.30791557647539e-03
489	1.30295833414060e-03
490	1.30322722046175e-03
491	1.31014192662675e-03
492	1.32603281913048e-03
493	1.32914596054456e-03
494	1.33269033630130e-03
495	1.33172688235488e-03
496	1.33948698197969e-03
497	1.34866496987994e-03
498	1.32607033702134e-03
499	1.33126207743220e-03
