1	8.04649861013554e-04
2	1.13531041630114e-03
3	1.38797503380860e-03
4	1.60039225230612e-03
5	1.78678493453822e-03
6	1.95422941476820e-03
7	2.10853248584483e-03
8	2.25144525654605e-03
9	2.38475028148491e-03
10	2.51135209156249e-03
11	2.63036220505252e-03
12	2.74400952414508e-03
13	2.85314162411579e-03
14	2.95548165293000e-03
15	3.05667527685851e-03
16	3.15288733151268e-03
17	3.24697959547824e-03
18	3.33754142398388e-03
19	3.42369812104200e-03
20	3.51220523557870e-03
21	3.59550360532759e-03
22	3.67377140909333e-03
23	3.75333451902708e-03
24	3.82740816168624e-03
25	3.90642344415519e-03
26	3.97415134861744e-03
27	4.05596767652570e-03
28	4.12171360317459e-03
29	4.18815475815534e-03
30	4.25511329510181e-03
31	4.32600996453738e-03
32	4.38796685717728e-03
33	4.45167374327419e-03
34	4.51114356416052e-03
35	4.57370066501713e-03
36	4.64339145589195e-03
37	4.70490004549250e-03
38	4.75967239410289e-03
39	4.81385979476023e-03
40	4.87603065147720e-03
41	4.92066555963749e-03
42	4.98456914627403e-03
43	5.03825584140099e-03
44	5.08892675247096e-03
45	5.13827816325676e-03
46	5.19436862114835e-03
47	5.25202748046709e-03
48	5.29737258755869e-03
49	5.34635077489710e-03
50	5.40564724149401e-03
51	5.45002424287061e-03
52	5.50447479822392e-03
53	5.54621459167617e-03
54	5.59129354089525e-03
55	5.63458978296113e-03
56	5.69440540310733e-03
57	5.72197939753729e-03
58	5.78661877122155e-03
59	5.83375553905642e-03
60	5.86323865475087e-03
61	5.90248165397481e-03
62	5.96422746529925e-03
63	6.00398629420218e-03
64	6.03047228898720e-03
65	6.07624639068466e-03
66	6.12693483802519e-03
67	6.17467364497918e-03
68	6.19681924599304e-03
69	6.24519620373819e-03
70	6.29069069204526e-03
71	6.33515647788879e-03
72	6.37984222399964e-03
73	6.41475459203614e-03
74	6.44920611916478e-03
75	6.47651194660693e-03
76	6.53651541524087e-03
77	6.58608797385318e-03
78	6.59076691658901e-03
79	6.62968830535632e-03
80	6.68117563046209e-03
81	6.69866079173151e-03
82	6.73724052369256e-03
83	6.81473880933747e-03
84	6.82212900008680e-03
85	6.82985001997646e-03
86	6.87834865937887e-03
87	6.92848347413452e-03
88	6.96046486344310e-03
89	7.00259575051324e-03
90	7.00927590822962e-03
91	7.07652052691243e-03
92	7.10377638501398e-03
93	7.12179165730831e-03
94	7.15242872082413e-03
95	7.19511323988711e-03
96	7.21879452574148e-03
97	7.24547010620726e-03
98	7.30734833981661e-03
99	7.34238594393289e-03
100	7.37422954841871e-03
101	7.40629807652408e-03
102	7.42056127688857e-03
103	7.41641324680218e-03
104	7.51057913326182e-03
105	7.50669372332495e-03
106	7.53315640382580e-03
107	7.58281829324345e-03
108	7.60453411148102e-03
109	7.62604045480597e-03
110	7.66117746915026e-03
111	7.72836480750317e-03
112	7.75343444783234e-03
113	7.76762575082689e-03
114	7.79084228229109e-03
115	7.80306860904567e-03
116	7.82854498664888e-03
117	7.85811161423870e-03
118	7.89194166005390e-03
119	7.91447344769464e-03
120	7.97353731792002e-03
121	7.98082040716422e-03
122	8.01703243816860e-03
123	8.03302350801228e-03
124	8.08560907938727e-03
125	8.09718224269380e-03
126	8.16520336138415e-03
127	8.14201947282563e-03
128	8.14158336591910e-03
129	8.23954659978274e-03
130	8.23811547760177e-03
131	8.28050725851763e-03
132	8.23775091753354e-03
133	8.29422420886697e-03
134	8.30238226320640e-03
135	8.38940147036818e-03
136	8.39866771063776e-03
137	8.38719639903963e-03
138	8.40921474308739e-03
139	8.45964316449756e-03
140	8.47400319485433e-03
141	8.50513130392621e-03
142	8.53987995411992e-03
143	8.60839308641721e-03
144	8.59581716366539e-03
145	8.60288738776571e-03
146	8.64136304854972e-03
147	8.63636459313208e-03
148	8.67301015999369e-03
149	8.66744404928742e-03
150	8.65198094643167e-03
151	8.76194134114461e-03
152	8.77970618134286e-03
153	8.75336231061525e-03
154	8.86658258726261e-03
155	8.79083266619717e-03
156	8.83439873526974e-03
157	8.93713981831207e-03
158	8.93614970530452e-03
159	8.93930938259996e-03
160	8.95909527106228e-03
161	9.00844525128828e-03
162	8.99218541442999e-03
163	9.07364099960408e-03
164	9.12985413918861e-03
165	9.08369711869940e-03
166	9.11718336576936e-03
167	9.22228196837790e-03
168	9.20963397173744e-03
169	9.13385416835763e-03
170	9.22432207917037e-03
171	9.16915366409143e-03
172	9.23625254120821e-03
173	9.17311201181628e-03
174	9.34071746063898e-03
175	9.19376768524972e-03
176	9.29208082500987e-03
177	9.33514742896193e-03
178	9.36092836866394e-03
179	9.35440190675680e-03
180	9.40316298222865e-03
181	9.38024402816569e-03
182	9.38446655100280e-03
183	9.50516374455823e-03
184	9.43524067548050e-03
185	9.47679962472704e-03
186	9.53215037441241e-03
187	9.48471522273251e-03
188	9.56243004002022e-03
189	9.53487426291246e-03
190	9.59415506562135e-03
191	9.75699362961842e-03
192	9.70130967841495e-03
193	9.67838482089195e-03
194	9.63861124096733e-03
195	9.69418464212087e-03
196	9.83504565561448e-03
197	9.84464011055677e-03
198	9.81417430064800e-03
199	9.82142118583773e-03
200	9.91994864900400e-03
201	9.94987227583941e-03
202	9.92718722980519e-03
203	9.92361364846222e-03
204	9.86963728094835e-03
205	9.92046529469953e-03
206	9.95126914151404e-03
207	9.96366017519089e-03
208	9.94564004514855e-03
209	9.91394208209977e-03
210	9.89758018229830e-03
211	9.94314330745223e-03
212	1.00326085579338e-02
213	1.00601220653196e-02
214	1.00531907951427e-02
215	1.00068991726044e-02
216	1.00820507528666e-02
217	1.01072032086396e-02
218	1.00108058900548e-02
219	1.00746257245648e-02
220	1.00920495300225e-02
221	1.01063084642422e-02
222	1.00752404100392e-02
223	1.01960712062627e-02
224	1.03014016596468e-02
225	1.02105813348483e-02
226	1.02456813255844e-02
227	1.02375799573546e-02
228	1.01666012068651e-02
229	1.02949195977524e-02
230	1.03928091907578e-02
231	1.03059478817379e-02
232	1.03360027158136e-02
233	1.03628556692378e-02
234	1.04066327331483e-02
235	1.03769718379961e-02
236	1.04634569611675e-02
237	1.04883556729681e-02
238	1.04739647279414e-02
239	1.04423439806915e-02
240	1.06227297352946e-02
241	1.04831913012778e-02
242	1.04953670024279e-02
243	1.07861618717285e-02
244	1.05738058768996e-02
245	1.06597010552053e-02
246	1.06664720488636e-02
247	1.06333033696397e-02
248	1.07764369392829e-02
249	1.08039312111956e-02
250	1.06719254091909e-02
251	1.07869073234715e-02
252	1.08042380031200e-02
253	1.08591553363840e-02
254	1.08172824994634e-02
255	1.06975459494990e-02
256	1.08793697268512e-02
257	1.07862512628402e-02
258	1.09270539074870e-02
259	1.06622285678386e-02
260	1.08768592080606e-02
261	1.09209914662329e-02
262	1.08959571449394e-02
263	1.08923890989182e-02
264	1.07904452400143e-02
265	1.09115435874682e-02
266	1.08872133151386e-02
267	1.10570339002959e-02
268	1.09617054129844e-02
269	1.10396510219792e-02
270	1.07870762363654e-02
271	1.10227601353750e-02
272	1.08932172160680e-02
273	1.11322047816094e-02
274	1.10251314587906e-02
275	1.08848305604199e-02
276	1.09472383413657e-02
277	1.09669961414766e-02
278	1.10654380829310e-02
279	1.11920467839129e-02
280	1.09835129739385e-02
281	1.12471559386831e-02
282	1.08922833715620e-02
283	1.12792590351374e-02
284	1.09828300634971e-02
285	1.12967743860787e-02
286	1.10560522505464e-02
287	1.12696418330832e-02
288	1.11443720938040e-02
289	1.10709096815585e-02
290	1.12062898829248e-02
291	1.12553743553322e-02
292	1.14135338857768e-02
293	1.11621039258552e-02
294	1.13512702920400e-02
295	1.12727704679178e-02
296	1.13692443112681e-02
297	1.11501356346471e-02
298	1.13919446856306e-02
299	1.14290779878441e-02
300	1.14805826216329e-02
301	1.14052275269119e-02
302	1.14924310173965e-02
303	1.13558091289369e-02
304	1.14324761206271e-02
305	1.14116630709216e-02
306	1.14944968292547e-02
307	1.14518737624775e-02
308	1.17422051830019e-02
309	1.14762960180821e-02
310	1.14635372708894e-02
311	1.14803404021288e-02
312	1.16066883250728e-02
313	1.16409356759170e-02
314	1.16512096591201e-02
315	1.15534700204799e-02
316	1.17726010988077e-02
317	1.18353466298044e-02
318	1.16352900019294e-02
319	1.17239576866062e-02
320	1.15798400193808e-02
321	1.18796550470393e-02
322	1.17610474797505e-02
323	1.18537088818617e-02
324	1.18870535810229e-02
325	1.18688207831191e-02
326	1.18387236586357e-02
327	1.18319666959672e-02
328	1.19763956763429e-02
329	1.18872238762691e-02
330	1.19615609617123e-02
331	1.18668890622328e-02
332	1.19598029959964e-02
333	1.20137051144857e-02
334	1.19729701893098e-02
335	1.20940223940344e-02
336	1.20784108016329e-02
337	1.20193331200671e-02
338	1.21451796389543e-02
339	1.19284143344764e-02
340	1.20162395825227e-02
341	1.20500062833164e-02
342	1.20277540133988e-02
343	1.21508139882586e-02
344	1.20586260316458e-02
345	1.22716581596206e-02
346	1.21476883271708e-02
347	1.19286504208467e-02
348	1.21095904812958e-02
349	1.18213972329399e-02
350	1.20517672432149e-02
351	1.23893843045170e-02
352	1.20402249380575e-02
353	1.20807533330981e-02
354	1.22622439432831e-02
355	1.21052212322897e-02
356	1.21924061501761e-02
357	1.20819480348130e-02
358	1.19016947014884e-02
359	1.21185698346787e-02
360	1.22744743791965e-02
361	1.22036782713209e-02
362	1.23968553559893e-02
363	1.22247758108362e-02
364	1.21755279761353e-02
365	1.23561385971724e-02
366	1.20064642121927e-02
367	1.19655191805767e-02
368	1.23692781480346e-02
369	1.21851406185988e-02
370	1.23059724655921e-02
371	1.25685053729027e-02
372	1.22091937523299e-02
373	1.20429726034095e-02
374	1.23534421705958e-02
375	1.22042534497720e-02
376	1.21559844999219e-02
377	1.23005528198056e-02
378	1.22786841229246e-02
379	1.23266648508279e-02
380	1.24957195652566e-02
381	1.24203078196243e-02
382	1.24805428461352e-02
383	1.25110744972666e-02
384	1.23653629994794e-02
385	1.20837835404356e-02
386	1.23959354635395e-02
387	1.24666168357192e-02
388	1.22152906510074e-02
389	1.23077553386315e-02
390	1.27397728627387e-02
391	1.26161018287499e-02
392	1.24324968907783e-02
393	1.25898917673913e-02
394	1.27289050648545e-02
395	1.24642782742029e-02
396	1.22591449711722e-02
397	1.25528428312849e-02
398	1.24765590881872e-02
399	1.23512030325912e-02
400	1.24676126093576e-02
401	1.26235384680537e-02
402	1.26340115235349e-02
403	1.25593931700413e-02
404	1.27763490191476e-02
405	1.26923559263130e-02
406	1.27062986431905e-02
407	1.28374183488039e-02
408	1.26311282713801e-02
409	1.22139791970507e-02
410	1.23368211561874e-02
411	1.28328192753557e-02
412	1.27781652777884e-02
413	1.25009948027856e-02
414	1.26460138547202e-02
415	1.29105201889963e-02
416	1.27963693301265e-02
417	1.26342225152224e-02
418	1.27623443300248e-02
419	1.30682624273606e-02
420	1.28907725495899e-02
421	1.27034693367592e-02
422	1.25414895522064e-02
423	1.27026348547733e-02
424	1.29478738768387e-02
425	1.28484708594935e-02
426	1.28766159697376e-02
427	1.27638254169290e-02
428	1.26937854641536e-02
429	1.25987543790010e-02
430	1.29172013407312e-02
431	1.30771304713054e-02
432	1.30966182421003e-02
433	1.30424637925162e-02
434	1.31456839797733e-02
435	1.32659930951923e-02
436	1.28777292131207e-02
437	1.27444814518871e-02
438	1.30155778207824e-02
439	1.32613658875917e-02
440	1.31399442692149e-02
441	1.27391670184726e-02
442	1.26703413310164e-02
443	1.29698410903102e-02
444	1.29304205073356e-02
445	1.28753699063564e-02
446	1.30025838345246e-02
447	1.32847989539859e-02
448	1.35559654612514e-02
449	1.32681178220193e-02
450	1.31301783670392e-02
451	1.32840927471133e-02
452	1.33684529254290e-02
453	1.33740001306116e-02
454	1.31797747347637e-02
455	1.32532436447023e-02
456	1.31120168846894e-02
457	1.30438917309851e-02
458	1.28886526195776e-02
459	1.29186311288225e-02
460	1.32262315068667e-02
461	1.34133054350606e-02
462	1.34440502296010e-02
463	1.33969201062582e-02
464	1.34233879994890e-02
465	1.35155080265803e-02
466	1.36966600319636e-02
467	1.35781554724520e-02
468	1.34684625859397e-02
469	1.35436004310350e-02
470	1.36745215615209e-02
471	1.37283711789567e-02
472	1.34681323604315e-02
473	1.31092089393440e-02
474	1.31333436128877e-02
475	1.32979350266371e-02
476	1.34589299241653e-02
477	1.35754772552709e-02
478	1.33334979722351e-02
479	1.35499695541095e-02
480	1.38449563216529e-02
481	1.39560095066126e-02
482	1.37160790869226e-02
483	1.34874143611236e-02
484	1.35070277488584e-02
485	1.38457481576586e-02
486	1.41752194414018e-02
487	1.40309208099640e-02
488	1.36335364441977e-02
489	1.35129624819348e-02
490	1.35640969490846e-02
491	1.38149404351529e-02
492	1.39210833955859e-02
493	1.37616233787270e-02
494	1.36226029869954e-02
495	1.36310793874567e-02
496	1.38228213047942e-02
497	1.39560214805111e-02
498	1.39704695714972e-02
499	1.38015510617415e-02
