1	1.07978976872157e-04
2	1.16846893613131e-04
3	1.21967633162083e-04
4	1.24802487442567e-04
5	1.27869890266346e-04
6	1.30246998934115e-04
7	1.32159271020024e-04
8	1.32788597943139e-04
9	1.36066110183293e-04
10	1.35756767857578e-04
11	1.38282300712839e-04
12	1.40603312167643e-04
13	1.42334127791427e-04
14	1.42819488680258e-04
15	1.45693875700709e-04
16	1.46331967954480e-04
17	1.47671646997739e-04
18	1.49050981454699e-04
19	1.50979439359903e-04
20	1.50528798487448e-04
21	1.53799709005509e-04
22	1.54719983240452e-04
23	1.57402156786660e-04
24	1.57322743983733e-04
25	1.58897058798306e-04
26	1.58843900856948e-04
27	1.61940654760564e-04
28	1.60924237363626e-04
29	1.64951423494859e-04
30	1.64331431134367e-04
31	1.64919036658593e-04
32	1.67288255056279e-04
33	1.66120415199254e-04
34	1.70021484241509e-04
35	1.69832116563642e-04
36	1.72160412884096e-04
37	1.72286077944530e-04
38	1.74428087695046e-04
39	1.75142605685239e-04
40	1.74717447954543e-04
41	1.77265723882646e-04
42	1.77595235321739e-04
43	1.78681980706137e-04
44	1.80281477146206e-04
45	1.80619631824799e-04
46	1.84736043714894e-04
47	1.80383969871110e-04
48	1.85134653938944e-04
49	1.86588357523455e-04
50	1.86684213055949e-04
51	1.86529407264205e-04
52	1.87027014731410e-04
53	1.91353650131418e-04
54	1.90115370235851e-04
55	1.90201562925282e-04
56	1.91117568558973e-04
57	1.93244247637066e-04
58	1.94853116131012e-04
59	1.94850079957126e-04
60	1.96757028746297e-04
61	1.96709066823640e-04
62	2.00496433322264e-04
63	2.00310808928115e-04
64	2.01226516077211e-04
65	1.99679173885877e-04
66	2.00277318579219e-04
67	2.02611375560348e-04
68	2.04907881691696e-04
69	2.05859955311260e-04
70	2.06222678929362e-04
71	2.08297271252213e-04
72	2.10304488772010e-04
73	2.07964345256156e-04
74	2.11103728116673e-04
75	2.09187682438548e-04
76	2.11973013217605e-04
77	2.13581743149662e-04
78	2.14930995169380e-04
79	2.14579856120111e-04
80	2.15513133351343e-04
81	2.16851274685210e-04
82	2.16340336866183e-04
83	2.18624660407482e-04
84	2.20465941673737e-04
85	2.22274917201139e-04
86	2.20629941976907e-04
87	2.22561507311057e-04
88	2.23266068876837e-04
89	2.24206844582367e-04
90	2.24414301726217e-04
91	2.27120905473159e-04
92	2.27616331990226e-04
93	2.24854263569269e-04
94	2.29269617895649e-04
95	2.27259562212555e-04
96	2.29228134803077e-04
97	2.28656710079992e-04
98	2.30481841396456e-04
99	2.30550035880794e-04
100	2.34555003565327e-04
101	2.35543361608093e-04
102	2.34979179911495e-04
103	2.33850963146735e-04
104	2.35219873467884e-04
105	2.35097450874800e-04
106	2.37327083740976e-04
107	2.36728314785825e-04
108	2.39824358357322e-04
109	2.40752820310151e-04
110	2.42286639516854e-04
111	2.44903992863076e-04
112	2.43630691784970e-04
113	2.43879532591291e-04
114	2.43661639273703e-04
115	2.43723651571980e-04
116	2.44693510126922e-04
117	2.43723563181269e-04
118	2.44322467743422e-04
119	2.45969230061694e-04
120	2.47924116991969e-04
121	2.49797354023114e-04
122	2.51136249919711e-04
123	2.53011606642211e-04
124	2.53794388816176e-04
125	2.54575304398458e-04
126	2.54800692609202e-04
127	2.55545223735376e-04
128	2.56025978155281e-04
129	2.56128019294343e-04
130	2.56331259700080e-04
131	2.55632144492190e-04
132	2.55967842756305e-04
133	2.58037711556751e-04
134	2.56469313392671e-04
135	2.57791049677186e-04
136	2.60563704765725e-04
137	2.62624096617697e-04
138	2.62017582810194e-04
139	2.61588788167163e-04
140	2.62891676508431e-04
141	2.66693197291088e-04
142	2.68433003054604e-04
143	2.68979275630366e-04
144	2.70342694104901e-04
145	2.67543887283369e-04
146	2.70210063402583e-04
147	2.68221344341207e-04
148	2.71642179261354e-04
149	2.71866451898581e-04
150	2.70744479902413e-04
151	2.69878941161657e-04
152	2.71554021868289e-04
153	2.72854978859866e-04
154	2.73519336029096e-04
155	2.73908387992521e-04
156	2.74211441518978e-04
157	2.74920187146808e-04
158	2.76383873665225e-04
159	2.77645019865950e-04
160	2.78804640620318e-04
161	2.77066009645535e-04
162	2.78602457441566e-04
163	2.81522774661339e-04
164	2.82201425909686e-04
165	2.82796748775137e-04
166	2.85303829251262e-04
167	2.87476658845224e-04
168	2.87575215925583e-04
169	2.86273179290120e-04
170	2.86347000084561e-04
171	2.87965726838026e-04
172	2.87985004139532e-04
173	2.88900181887914e-04
174	2.87222122851286e-04
175	2.87533747194400e-04
176	2.87099938292403e-04
177	2.85641630131826e-04
178	2.89467725791632e-04
179	2.88688249049048e-04
180	2.88563513145701e-04
181	2.87994883358508e-04
182	2.91152807922024e-04
183	2.90953318046752e-04
184	2.93529107579338e-04
185	2.93781650284092e-04
186	2.92380333221823e-04
187	2.94004686281959e-04
188	2.98185739010624e-04
189	2.94567137235022e-04
190	2.94966610522783e-04
191	2.99372550529470e-04
192	2.98040330860932e-04
193	3.00814738625966e-04
194	3.02765550774856e-04
195	3.01298660877518e-04
196	3.04722185437028e-04
197	3.04776930209224e-04
198	3.03672300492368e-04
199	3.07489966873736e-04
200	3.06863435685148e-04
201	3.09352801514433e-04
202	3.11684901841547e-04
203	3.10967959645430e-04
204	3.07154956014013e-04
205	3.07623246087006e-04
206	3.10104115208031e-04
207	3.10390593158425e-04
208	3.09822383938229e-04
209	3.09473078202703e-04
210	3.09802524286607e-04
211	3.08580843462670e-04
212	3.10583173721494e-04
213	3.12017700029586e-04
214	3.10071562581093e-04
215	3.10556347936170e-04
216	3.11560769636354e-04
217	3.12470320429515e-04
218	3.12035918797874e-04
219	3.13807377106903e-04
220	3.13343858984791e-04
221	3.13781560077655e-04
222	3.15106151921291e-04
223	3.15349489219721e-04
224	3.17543218837125e-04
225	3.14588018521698e-04
226	3.16445495419298e-04
227	3.18023368681420e-04
228	3.18984551157045e-04
229	3.20077866752071e-04
230	3.20080856346184e-04
231	3.21243467012821e-04
232	3.20343972608656e-04
233	3.21316584127699e-04
234	3.21658463723754e-04
235	3.25849937337530e-04
236	3.24807398262847e-04
237	3.29408134520605e-04
238	3.24862699450684e-04
239	3.27529826490128e-04
240	3.28799516094510e-04
241	3.29433223339827e-04
242	3.30651495949935e-04
243	3.33983829025863e-04
244	3.35371443725091e-04
245	3.33955381059143e-04
246	3.30952881625875e-04
247	3.35931987982221e-04
248	3.38819974591324e-04
249	3.40226060291754e-04
250	3.39642593897631e-04
251	3.39451674305115e-04
252	3.40220848054645e-04
253	3.41228092778551e-04
254	3.40419561418191e-04
255	3.41564237457822e-04
256	3.40250552373466e-04
257	3.42286626089849e-04
258	3.41880056837523e-04
259	3.38075834086095e-04
260	3.37607441051468e-04
261	3.40485194787268e-04
262	3.42009069042101e-04
263	3.43112651788297e-04
264	3.40249906354305e-04
265	3.41278764634074e-04
266	3.41423549059359e-04
267	3.40090398121567e-04
268	3.40169092386896e-04
269	3.43936080740582e-04
270	3.40972093426783e-04
271	3.41445640722725e-04
272	3.45458235553916e-04
273	3.41736622131924e-04
274	3.45219488049983e-04
275	3.45674678843345e-04
276	3.41452445269371e-04
277	3.43269848486280e-04
278	3.45551327473220e-04
279	3.44888107262629e-04
280	3.47670927154230e-04
281	3.48360517935938e-04
282	3.47498046329505e-04
283	3.50084251473377e-04
284	3.48149987974082e-04
285	3.50239888927922e-04
286	3.49762381322246e-04
287	3.47527841573296e-04
288	3.46937534063407e-04
289	3.49210203693527e-04
290	3.50470926253298e-04
291	3.51353417772388e-04
292	3.50857337342517e-04
293	3.53975844384420e-04
294	3.52841650000119e-04
295	3.53003057306407e-04
296	3.56196867618401e-04
297	3.53193736319740e-04
298	3.57996549612752e-04
299	3.58239450195320e-04
300	3.57991688077270e-04
301	3.55663991229573e-04
302	3.58614643426785e-04
303	3.57831417047919e-04
304	3.60862513392750e-04
305	3.61795487077983e-04
306	3.61101640429880e-04
307	3.61116613832996e-04
308	3.64062843905946e-04
309	3.67012944717336e-04
310	3.64632119503539e-04
311	3.66777230645323e-04
312	3.68968773957413e-04
313	3.66884361305072e-04
314	3.68285346450031e-04
315	3.69011870317580e-04
316	3.70339346851995e-04
317	3.70904473747023e-04
318	3.68448354824863e-04
319	3.74646713343812e-04
320	3.72650804194024e-04
321	3.74829346677999e-04
322	3.72343929514221e-04
323	3.78024286871397e-04
324	3.77275789535384e-04
325	3.79985950525728e-04
326	3.80054565435618e-04
327	3.82142000978523e-04
328	3.80791705793573e-04
329	3.83228428545540e-04
330	3.83219738969334e-04
331	3.80501392069077e-04
332	3.85715150328496e-04
333	3.84422373387253e-04
334	3.86652663092537e-04
335	3.86089930711424e-04
336	3.87345738474120e-04
337	3.89148861045417e-04
338	3.87293389512828e-04
339	3.87989557016908e-04
340	3.88141048234151e-04
341	3.86991097094579e-04
342	3.88201628623388e-04
343	3.87255543195595e-04
344	3.85374928583472e-04
345	3.87510162521122e-04
346	3.86898170044317e-04
347	3.85013589462719e-04
348	3.88728781470937e-04
349	3.86183638914596e-04
350	3.87033832804168e-04
351	3.86614228025386e-04
352	3.84471784809976e-04
353	3.86609348253515e-04
354	3.87079103546008e-04
355	3.89467076595504e-04
356	3.86021492877682e-04
357	3.85553437260117e-04
358	3.87582311405957e-04
359	3.87848441178506e-04
360	3.87641490257379e-04
361	3.89728634151231e-04
362	3.86442781985124e-04
363	3.88472387495399e-04
364	3.89662161608136e-04
365	3.91014167195470e-04
366	3.89380579853288e-04
367	3.87992002873250e-04
368	3.91153688475650e-04
369	3.91753926537496e-04
370	3.92103217223258e-04
371	3.92697691728098e-04
372	3.91737206242225e-04
373	3.89967396070165e-04
374	3.92216049965563e-04
375	3.92060289506521e-04
376	3.94357221588683e-04
377	3.94075923241794e-04
378	3.91021438791808e-04
379	3.93756933292119e-04
380	3.91658990468624e-04
381	3.93937554398009e-04
382	3.98151461693396e-04
383	3.95693515894041e-04
384	3.94287074287078e-04
385	3.95581007062107e-04
386	3.95500707670441e-04
387	3.94600608729819e-04
388	3.98581167337677e-04
389	3.96313162590853e-04
390	3.95023206653747e-04
391	3.98975463086252e-04
392	4.00343871580587e-04
393	3.97191637763712e-04
394	3.98631145078490e-04
395	3.98856061667793e-04
396	3.98241913070812e-04
397	3.98743405205048e-04
398	3.99961582347553e-04
399	3.98520254433793e-04
400	3.97407439832940e-04
401	4.04141615799428e-04
402	4.03978040093995e-04
403	4.04187017530097e-04
404	4.04673576533623e-04
405	4.03409339797577e-04
406	4.01226467676435e-04
407	4.04048660160811e-04
408	4.04924596878297e-04
409	4.04247011058973e-04
410	4.03628396692877e-04
411	4.05256080104574e-04
412	4.03586028565049e-04
413	4.02646136552959e-04
414	4.06745367025793e-04
415	4.06719630508460e-04
416	4.06186856279523e-04
417	4.08046203451297e-04
418	4.08361759639254e-04
419	4.07643798528315e-04
420	4.10211004436982e-04
421	4.14231423056476e-04
422	4.11474704955037e-04
423	4.11222633129670e-04
424	4.16665344416283e-04
425	4.16610072995632e-04
426	4.15872959874670e-04
427	4.13170326794986e-04
428	4.15553392980552e-04
429	4.15011565186053e-04
430	4.12533137922448e-04
431	4.13381407686999e-04
432	4.17148483389779e-04
433	4.18370213549559e-04
434	4.16623954184048e-04
435	4.18364689019255e-04
436	4.16098074503720e-04
437	4.16361075162629e-04
438	4.18807286175930e-04
439	4.22351008219473e-04
440	4.22462226819026e-04
441	4.20878095383398e-04
442	4.20625513628021e-04
443	4.24220720503152e-04
444	4.24335023990840e-04
445	4.23320413805949e-04
446	4.23520974493809e-04
447	4.28211513349868e-04
448	4.27426622837806e-04
449	4.25855679448754e-04
450	4.26394555677902e-04
451	4.30654093762241e-04
452	4.29949687073768e-04
453	4.30403578503027e-04
454	4.29184633816202e-04
455	4.33556691939765e-04
456	4.32321880932174e-04
457	4.35096384616686e-04
458	4.33526731628310e-04
459	4.35522671756172e-04
460	4.34979214528686e-04
461	4.35276072902573e-04
462	4.35392903081412e-04
463	4.37136329145703e-04
464	4.37171464136297e-04
465	4.37915440730989e-04
466	4.38332845939829e-04
467	4.39158255702627e-04
468	4.40532766252422e-04
469	4.40466027614770e-04
470	4.42075643378997e-04
471	4.42590938957877e-04
472	4.46048346991492e-04
473	4.46027757217792e-04
474	4.46072170087781e-04
475	4.43645570128401e-04
476	4.43521239133460e-04
477	4.46631339673228e-04
478	4.45756747285221e-04
479	4.46780348811355e-04
480	4.46328976188834e-04
481	4.51794169699873e-04
482	4.52644912048615e-04
483	4.51718136434822e-04
484	4.52725802251950e-04
485	4.52629415563674e-04
486	4.55248268983213e-04
487	4.55716239585113e-04
488	4.57690879532022e-04
489	4.57121010920686e-04
490	4.57662690135436e-04
491	4.59981070094037e-04
492	4.57830899001640e-04
493	4.56909511835631e-04
494	4.58864324216848e-04
495	4.58591580581627e-04
496	4.62797797215089e-04
497	4.63923473459430e-04
498	4.64389261472731e-04
499	4.62883242850284e-04
