1	2.02832412264059e-05
2	2.50900740525781e-05
3	2.80154671873121e-05
4	3.00451401826342e-05
5	3.14968953658456e-05
6	3.25508463467732e-05
7	3.33193604723262e-05
8	3.38934495059224e-05
9	3.43753614970906e-05
10	3.49227494596077e-05
11	3.52650948752874e-05
12	3.55008066606940e-05
13	3.54074427888200e-05
14	3.57219749241131e-05
15	3.59277535518611e-05
16	3.60106163349201e-05
17	3.60075826288441e-05
18	3.61763315391927e-05
19	3.63509548795392e-05
20	3.66339590282200e-05
21	3.67773530059383e-05
22	3.67933986669636e-05
23	3.66977188118702e-05
24	3.68580494360605e-05
25	3.70760144027184e-05
26	3.70560569709335e-05
27	3.66749092478158e-05
28	3.66988645796884e-05
29	3.69528220398533e-05
30	3.70430993800160e-05
31	3.69817072146222e-05
32	3.69688438625048e-05
33	3.73728763305021e-05
34	3.69782613716659e-05
35	3.75618035178246e-05
36	3.74102324591597e-05
37	3.77540403417301e-05
38	3.72748306363835e-05
39	3.70785451048575e-05
40	3.73105426320279e-05
41	3.74596579079149e-05
42	3.70330801757045e-05
43	3.75266320493377e-05
44	3.81791152137123e-05
45	3.76241940857080e-05
46	3.73035817150359e-05
47	3.73078828732715e-05
48	3.75180299591787e-05
49	3.74672233583356e-05
50	3.79997187735694e-05
51	3.74015113829927e-05
52	3.73602898620799e-05
53	3.80164280055311e-05
54	3.76378548553005e-05
55	3.72746824554469e-05
56	3.75866040422156e-05
57	3.69504636647940e-05
58	3.77536507773676e-05
59	3.77966402869996e-05
60	3.75720702416619e-05
61	3.74839581971750e-05
62	3.75501577495729e-05
63	3.78105761044844e-05
64	3.78809914183676e-05
65	3.75809459850565e-05
66	3.78844398382662e-05
67	3.79207063285299e-05
68	3.70621407349336e-05
69	3.76867187450891e-05
70	3.74145379010335e-05
71	3.77373492395015e-05
72	3.84079183639715e-05
73	3.73034937680876e-05
74	3.74550996967477e-05
75	3.79500286747816e-05
76	3.81052479742739e-05
77	3.82181864832004e-05
78	3.77012310525903e-05
79	3.78076982020142e-05
80	3.76734233570168e-05
81	3.81087994557312e-05
82	3.82917774186340e-05
83	3.69643425158798e-05
84	3.70951426974784e-05
85	3.73288315777408e-05
86	3.79046450627696e-05
87	3.84916833477074e-05
88	3.87334798968498e-05
89	3.78302587889313e-05
90	3.77629058705663e-05
91	3.84186163360388e-05
92	3.71104791792926e-05
93	3.72028934027278e-05
94	3.71660759061500e-05
95	3.82867083919270e-05
96	3.80634822753323e-05
97	3.74992738935222e-05
98	3.78339948865988e-05
99	3.79248696308062e-05
100	3.85308454122833e-05
101	3.80584508404570e-05
102	3.80306227923786e-05
103	3.77299473648712e-05
104	3.69991348997508e-05
105	3.83989098903728e-05
106	3.71696227967368e-05
107	3.80039871064475e-05
108	3.80759256956903e-05
109	3.82326265086455e-05
110	3.76599010590048e-05
111	3.72383101252736e-05
112	3.85782248364962e-05
113	3.74744590670828e-05
114	3.77267526798713e-05
115	3.72286091689348e-05
116	3.80084569109986e-05
117	3.75148603707810e-05
118	3.84318385977578e-05
119	3.73152774070234e-05
120	3.85557891177019e-05
121	3.79445636667928e-05
122	3.79313915629948e-05
123	3.71826629638544e-05
124	3.80297170104760e-05
125	3.74092868439894e-05
126	3.72306823171430e-05
127	3.79051677186167e-05
128	3.74394162076087e-05
129	3.76675646401834e-05
130	3.76169661488343e-05
131	3.79732999708417e-05
132	3.85171841155436e-05
133	3.79735143516597e-05
134	3.78338966907677e-05
135	3.76161415566460e-05
136	3.75109523451464e-05
137	3.75379486234665e-05
138	3.83515955977990e-05
139	3.85728691523984e-05
140	3.89817901337674e-05
141	3.80076894734437e-05
142	3.78207408205195e-05
143	3.69911133707951e-05
144	3.81370152534900e-05
145	3.74246741878336e-05
146	3.77164697047405e-05
147	3.73890074248974e-05
148	3.78232454278775e-05
149	3.77880509934284e-05
150	3.83023046528809e-05
151	3.86367960467787e-05
152	3.74121760451650e-05
153	3.79372801424397e-05
154	3.71891509132295e-05
155	3.77397128954073e-05
156	3.76789005687253e-05
157	3.82459893545107e-05
158	3.72860405062452e-05
159	3.81175980691498e-05
160	3.69413490758093e-05
161	3.78412814394560e-05
162	3.85706601897405e-05
163	3.73694526681636e-05
164	3.72263134358077e-05
165	3.79310841472922e-05
166	3.70096503736281e-05
167	3.70625387099642e-05
168	3.72682909584509e-05
169	3.74612399951614e-05
170	3.82738520114612e-05
171	3.81731428730717e-05
172	3.78632411906434e-05
173	3.84970808875604e-05
174	3.86041522607618e-05
175	3.79216683418101e-05
176	3.80617085924014e-05
177	3.82142567076067e-05
178	3.75890089472114e-05
179	3.83794188940563e-05
180	3.78871702768529e-05
181	3.75560037293597e-05
182	3.79810408479536e-05
183	3.73015861041201e-05
184	3.77595570038006e-05
185	3.82027777487374e-05
186	3.78145902844468e-05
187	3.89697136522068e-05
188	3.71364399791772e-05
189	3.60379151740578e-05
190	3.85271231111997e-05
191	3.76369061036844e-05
192	3.76749358071227e-05
193	3.85903270653647e-05
194	3.82437898046255e-05
195	3.73311562739169e-05
196	3.76303141287526e-05
197	3.95332827199027e-05
198	3.84745204835744e-05
199	3.80016642043002e-05
200	3.81501313050463e-05
201	3.74192966164115e-05
202	3.82592624360905e-05
203	3.81509352970118e-05
204	3.82753881637123e-05
205	3.84844974116517e-05
206	3.81272094256933e-05
207	3.86750527552566e-05
208	3.80842111509138e-05
209	3.76906288974089e-05
210	3.83445612941357e-05
211	3.75856968751227e-05
212	3.73972423735857e-05
213	3.75114334495189e-05
214	3.76366662342679e-05
215	3.79361976804476e-05
216	3.78063135976098e-05
217	3.77855006226614e-05
218	3.90891379571647e-05
219	3.86868738969350e-05
220	3.77283695873742e-05
221	3.74445935575313e-05
222	3.81609102767555e-05
223	3.78259626774849e-05
224	3.82931651892438e-05
225	3.78035478048193e-05
226	3.77216082458966e-05
227	3.69459849161468e-05
228	3.81982506711751e-05
229	3.81645313244502e-05
230	3.74418901802191e-05
231	3.78386818678379e-05
232	3.87094555820045e-05
233	3.78843376450314e-05
234	3.77904665887605e-05
235	3.67156195371761e-05
236	3.84812211470303e-05
237	3.77572985153120e-05
238	3.79837256328437e-05
239	3.69964077315354e-05
240	3.88084780840444e-05
241	3.75288011980775e-05
242	3.75781817219351e-05
243	3.72363579699441e-05
244	3.82275265521595e-05
245	3.89320586420259e-05
246	3.69555953497229e-05
247	3.83408460775403e-05
248	3.75749376328551e-05
249	3.71662795529835e-05
250	3.84407744446874e-05
251	3.65171192920642e-05
252	3.72207357141564e-05
253	3.73173905617300e-05
254	3.78949112772438e-05
255	3.79151044680484e-05
256	3.76251367883141e-05
257	3.86970640215412e-05
258	3.67756539521655e-05
259	3.79649131934571e-05
260	3.75574971984251e-05
261	3.63301519818812e-05
262	3.70282656627900e-05
263	3.71063895515803e-05
264	3.78862306225206e-05
265	3.79958199803202e-05
266	3.73607270950359e-05
267	3.82516988927466e-05
268	3.77890453391871e-05
269	3.81494201319978e-05
270	3.80695559304609e-05
271	3.78403231394432e-05
272	3.70602237472486e-05
273	3.78099756189075e-05
274	3.74821384075290e-05
275	3.79586597823182e-05
276	3.68484766162380e-05
277	3.79424711308698e-05
278	3.83178883796010e-05
279	3.86708454579670e-05
280	3.87665831313294e-05
281	4.00221750304534e-05
282	3.86592817381671e-05
283	3.77880226621878e-05
284	3.81968787171266e-05
285	3.95444295033691e-05
286	3.72675678986290e-05
287	3.87672524741310e-05
288	3.83337149490616e-05
289	3.71022635402265e-05
290	3.70989271351256e-05
291	3.67829639598491e-05
292	3.79103121330365e-05
293	3.79188234582080e-05
294	3.73827643691928e-05
295	3.70409517040036e-05
296	3.68421801551934e-05
297	3.75739068554310e-05
298	3.79194797762101e-05
299	3.79625225880904e-05
300	3.79953832005399e-05
301	3.82039648932341e-05
302	3.81778432955770e-05
303	3.92924831434633e-05
304	3.76695049546481e-05
305	3.74893614105213e-05
306	3.85969678981423e-05
307	3.67283678204626e-05
308	3.57417323436857e-05
309	3.82557720966089e-05
310	3.78362579255062e-05
311	3.73375551126378e-05
312	3.86557826795551e-05
313	3.84076442977293e-05
314	3.93167825159645e-05
315	3.90980458612613e-05
316	3.72263345130260e-05
317	3.85124715158739e-05
318	3.71141308232958e-05
319	3.80449215886341e-05
320	3.70824792227197e-05
321	3.86776577369017e-05
322	3.80919764063858e-05
323	3.75873764450719e-05
324	3.82315382136607e-05
325	3.80468474650168e-05
326	3.76038119091906e-05
327	3.84219121423160e-05
328	3.80650268160016e-05
329	3.79079097902574e-05
330	3.92540213109571e-05
331	3.85072942852566e-05
332	3.63331962362741e-05
333	3.76173824162790e-05
334	3.77327282092994e-05
335	3.86957080856039e-05
336	3.84248222451384e-05
337	3.76390723293215e-05
338	3.77138973731467e-05
339	3.76477304720685e-05
340	3.86006029078815e-05
341	3.74376310624313e-05
342	3.75863475021950e-05
343	3.80815561620669e-05
344	3.81564426751721e-05
345	3.74723282228988e-05
346	3.77308332382637e-05
347	3.92285232284882e-05
348	3.80097631449573e-05
349	3.70686255829071e-05
350	3.86785332971544e-05
351	3.66988377155310e-05
352	3.91529164054894e-05
353	3.82955113475871e-05
354	3.82612999641851e-05
355	3.79464611035217e-05
356	3.77921673532253e-05
357	3.77897419098463e-05
358	3.82315967725600e-05
359	3.93604002813502e-05
360	4.02514459490140e-05
361	3.88577278350115e-05
362	3.78604603107921e-05
363	3.83532020784705e-05
364	3.82728428588194e-05
365	3.86246291132523e-05
366	3.86960454323312e-05
367	3.82673793671860e-05
368	3.93024572668946e-05
369	3.62442677334763e-05
370	3.83081029647768e-05
371	3.87164074118002e-05
372	3.80053615129594e-05
373	3.61510437946582e-05
374	3.82766845708891e-05
375	3.75275053035200e-05
376	3.60736975994207e-05
377	3.90521557083094e-05
378	3.64788179251901e-05
379	3.79348627452038e-05
380	3.72652853714643e-05
381	3.79875375665204e-05
382	3.82469024184575e-05
383	3.84760925769672e-05
384	3.62547441152188e-05
385	3.97063137153122e-05
386	3.82887635003837e-05
387	3.64467939350685e-05
388	4.00157882917483e-05
389	3.68360705539774e-05
390	3.83305021819679e-05
391	3.71069619643102e-05
392	3.73961074579570e-05
393	3.87285903327834e-05
394	3.89744553623512e-05
395	3.78277581140552e-05
396	3.81530089766237e-05
397	3.72917535554354e-05
398	3.83209669747715e-05
399	3.79786532229662e-05
400	3.82057532530023e-05
401	3.89842519853725e-05
402	3.67777235059650e-05
403	3.82880325014640e-05
404	3.84866835230141e-05
405	3.83441846213195e-05
406	3.87927761567927e-05
407	3.93723358394464e-05
408	3.84528399646319e-05
409	3.83714565628497e-05
410	3.69657966235567e-05
411	3.88197929329403e-05
412	3.88350000102238e-05
413	3.69797470278348e-05
414	3.82758606773869e-05
415	3.70934286133043e-05
416	3.88718113472470e-05
417	3.88541129416083e-05
418	3.90678306496174e-05
419	3.79267579366499e-05
420	3.96297206759656e-05
421	3.95012402685260e-05
422	3.76819538593008e-05
423	3.84971643543229e-05
424	3.72399137269684e-05
425	3.93822506610265e-05
426	3.80943779480906e-05
427	3.85729932009687e-05
428	3.79811086704272e-05
429	3.73048634906281e-05
430	3.76587730665772e-05
431	3.75619196890395e-05
432	3.79359714335573e-05
433	3.90934164500195e-05
434	3.73609618653619e-05
435	3.95099020985631e-05
436	3.71244940818892e-05
437	3.79692313441886e-05
438	3.87563405493154e-05
439	3.66025778089882e-05
440	4.02636837379586e-05
441	3.66447681519981e-05
442	3.83837899015883e-05
443	3.75887219454439e-05
444	3.87907349107514e-05
445	3.93978474370631e-05
446	3.75188067571572e-05
447	4.01819019226460e-05
448	3.87329196359139e-05
449	3.81007964568843e-05
450	3.94283759014240e-05
451	3.88396629627455e-05
452	3.63727993420189e-05
453	3.93622327017776e-05
454	3.68794878114719e-05
455	4.01206137995628e-05
456	3.81599356426218e-05
457	3.83663982605070e-05
458	3.82963818153347e-05
459	3.70802352261311e-05
460	3.83435331729625e-05
461	3.85273876964327e-05
462	3.70047436062255e-05
463	3.84013021743945e-05
464	3.72013570229263e-05
465	3.76265820784852e-05
466	3.73515592721764e-05
467	3.83805872280469e-05
468	3.57850206445887e-05
469	3.85076911466228e-05
470	3.62191226682461e-05
471	3.75975803708217e-05
472	3.83668764078352e-05
473	3.81658737346057e-05
474	3.85079232830328e-05
475	3.63167335949725e-05
476	3.72199877353475e-05
477	3.98096807035793e-05
478	3.82908884631615e-05
479	3.76715957961485e-05
480	3.84703019391438e-05
481	3.78461640638949e-05
482	3.83336352733590e-05
483	3.85101774479154e-05
484	3.83247974710230e-05
485	3.75318150862707e-05
486	3.80997246514839e-05
487	3.85534076039899e-05
488	3.74827011426902e-05
489	3.85865539099922e-05
490	4.10501175869773e-05
491	3.90383483656083e-05
492	3.85778833133993e-05
493	3.86390590027261e-05
494	3.82502073922039e-05
495	3.86103633103946e-05
496	3.81777592314046e-05
497	3.87841169916213e-05
498	3.87369002724198e-05
499	3.81964283342897e-05
