1	6.20340819743772e-07
2	8.72464951924471e-07
3	1.06422601116406e-06
4	1.22367330072425e-06
5	1.36293326035280e-06
6	1.48813775943975e-06
7	1.60136945902780e-06
8	1.70558212260934e-06
9	1.80426521685290e-06
10	1.89484496937192e-06
11	1.97967018891358e-06
12	2.06012925814681e-06
13	2.14013515329118e-06
14	2.21153153395909e-06
15	2.28261916198953e-06
16	2.35155677556954e-06
17	2.41382853073464e-06
18	2.47532432661152e-06
19	2.53785978788112e-06
20	2.60041293728182e-06
21	2.65134966418607e-06
22	2.71520491884441e-06
23	2.76143097097174e-06
24	2.80989468472954e-06
25	2.85749687196981e-06
26	2.90901976404565e-06
27	2.95858510508733e-06
28	3.00100196805614e-06
29	3.04243543369360e-06
30	3.08869582222407e-06
31	3.12537108727114e-06
32	3.17631644264215e-06
33	3.22368558564416e-06
34	3.25280633883701e-06
35	3.28943836756249e-06
36	3.33382359260665e-06
37	3.36326388573184e-06
38	3.39784133643420e-06
39	3.44124569155057e-06
40	3.48720270629359e-06
41	3.49991437067189e-06
42	3.52567657183262e-06
43	3.57973606693792e-06
44	3.62853724440768e-06
45	3.63895184635702e-06
46	3.67899869061753e-06
47	3.70793542460671e-06
48	3.72532811339840e-06
49	3.75820330130488e-06
50	3.78316359926689e-06
51	3.80852279053442e-06
52	3.82413713833347e-06
53	3.86665615771799e-06
54	3.87117336902469e-06
55	3.92233489701758e-06
56	3.97595210281526e-06
57	3.94772189012943e-06
58	4.00047008088306e-06
59	4.03351896967270e-06
60	4.02529693092233e-06
61	4.05209460674795e-06
62	4.11672818961457e-06
63	4.11634491002235e-06
64	4.12583969905570e-06
65	4.17477077796561e-06
66	4.17777510378791e-06
67	4.21315198659274e-06
68	4.21312421644613e-06
69	4.18407420564047e-06
70	4.22880496272561e-06
71	4.24024643452410e-06
72	4.30397562430090e-06
73	4.31551736132673e-06
74	4.31988073864332e-06
75	4.33712792492730e-06
76	4.37701516114255e-06
77	4.37693145343180e-06
78	4.41273342875020e-06
79	4.40978649616995e-06
80	4.46951551829521e-06
81	4.46433176826956e-06
82	4.49462371382335e-06
83	4.42393907553817e-06
84	4.43763007150696e-06
85	4.54815640918108e-06
86	4.56269620813289e-06
87	4.55942040119339e-06
88	4.48969104817462e-06
89	4.57181252087331e-06
90	4.63234085988717e-06
91	4.65915968750098e-06
92	4.63985064200397e-06
93	4.67213755407447e-06
94	4.68904020518047e-06
95	4.60529009835108e-06
96	4.67911175058583e-06
97	4.70169548381812e-06
98	4.76866924412575e-06
99	4.69234178592370e-06
100	4.67728378998484e-06
101	4.83187414024391e-06
102	4.83483447820764e-06
103	4.83563181029750e-06
104	4.76972564969567e-06
105	4.80712285872925e-06
106	4.86371125707969e-06
107	4.87688701196409e-06
108	4.88701460378949e-06
109	4.87163787830330e-06
110	4.91102792266720e-06
111	4.87631051447412e-06
112	4.90393979732753e-06
113	4.95830737770926e-06
114	4.89830892777339e-06
115	4.89776974517392e-06
116	4.98715375269530e-06
117	4.97440832885342e-06
118	5.02796508239165e-06
119	4.92161229924756e-06
120	4.97652350478414e-06
121	5.02434369767744e-06
122	4.97488183913752e-06
123	5.00844832897664e-06
124	5.02892191466392e-06
125	5.08522922001793e-06
126	5.13045063409490e-06
127	5.15263097129994e-06
128	5.11309127421352e-06
129	4.99068046064707e-06
130	5.04825059235064e-06
131	5.07760764718822e-06
132	5.10909857952046e-06
133	5.15533402189373e-06
134	5.18574850015152e-06
135	5.09242205768371e-06
136	5.15039949565632e-06
137	5.23356851983096e-06
138	5.20046838673584e-06
139	5.19415934489129e-06
140	5.33274393254613e-06
141	5.21301721235316e-06
142	5.22738527852309e-06
143	5.36061277096828e-06
144	5.31576261886074e-06
145	5.31043466181245e-06
146	5.40059731130787e-06
147	5.27911605728383e-06
148	5.26289999176688e-06
149	5.38589452500645e-06
150	5.33555303576647e-06
151	5.32981320888173e-06
152	5.24854580370460e-06
153	5.21183274552886e-06
154	5.40107990061156e-06
155	5.20094163867680e-06
156	5.23783384526227e-06
157	5.29612774200034e-06
158	5.46589770476818e-06
159	5.34237570961577e-06
160	5.32245959507270e-06
161	5.35097787799035e-06
162	5.26200523747547e-06
163	5.30490057072692e-06
164	5.29100911999250e-06
165	5.44403146005382e-06
166	5.34250395677326e-06
167	5.37434112744126e-06
168	5.45687449349744e-06
169	5.45377759498827e-06
170	5.66935908713238e-06
171	5.45107748172681e-06
172	5.49989519794631e-06
173	5.48393284372994e-06
174	5.56689398649699e-06
175	5.46675562556083e-06
176	5.53592279954652e-06
177	5.38668764250469e-06
178	5.46036892602373e-06
179	5.43556356621627e-06
180	5.44535579921994e-06
181	5.62750891687425e-06
182	5.67766946468820e-06
183	5.30675887954811e-06
184	5.55114960333344e-06
185	5.33615121781404e-06
186	5.65238292182688e-06
187	5.46741134691992e-06
188	5.65130019443445e-06
189	5.75052167645515e-06
190	5.47785653288587e-06
191	5.68336929363249e-06
192	5.44385210386070e-06
193	5.53895620472394e-06
194	5.66498555215828e-06
195	5.57162046215173e-06
196	5.68562755128163e-06
197	5.69418437499996e-06
198	5.56715689663446e-06
199	5.60866301060151e-06
200	5.44063487699606e-06
201	5.60227096378960e-06
202	5.72899445962151e-06
203	5.86261830058735e-06
204	5.61680879845384e-06
205	5.63369485373655e-06
206	5.57130863493815e-06
207	5.56893660573106e-06
208	5.52582789942335e-06
209	5.72989535192856e-06
210	5.88724205473841e-06
211	5.73150506009474e-06
212	5.69381018367691e-06
213	5.86244179487620e-06
214	5.73888554628429e-06
215	5.57429445171959e-06
216	5.69844276191627e-06
217	5.73401246520700e-06
218	5.74180837360900e-06
219	5.65581000834551e-06
220	5.69677731024732e-06
221	5.63875142427665e-06
222	5.74712619994459e-06
223	5.78222910312955e-06
224	5.73291637797103e-06
225	5.93013221900065e-06
226	5.97024735230284e-06
227	5.77844255581288e-06
228	5.84386636095362e-06
229	5.74176572677190e-06
230	5.73645022323071e-06
231	6.00024023914047e-06
232	5.70624535534210e-06
233	5.66696455814267e-06
234	5.79886147454046e-06
235	5.80614659932788e-06
236	5.88775483617093e-06
237	5.97532473804001e-06
238	5.70327788830575e-06
239	5.92825146523816e-06
240	5.83546538603153e-06
241	5.73073503523198e-06
242	5.87195244780066e-06
243	6.03673711036463e-06
244	5.62819950101612e-06
245	5.62872485342790e-06
246	5.75458128734199e-06
247	6.04926606968998e-06
248	5.95177951279610e-06
249	5.89156716559047e-06
250	5.92927809218819e-06
251	6.07689113167698e-06
252	6.02136616412000e-06
253	6.12050894795397e-06
254	6.04648309540963e-06
255	5.96836721433414e-06
256	5.68778153651599e-06
257	5.65044997959258e-06
258	5.71091824993634e-06
259	5.83145613350446e-06
260	5.83631904559387e-06
261	5.85867195062151e-06
262	5.91140173904757e-06
263	5.79643800695153e-06
264	6.01489007374090e-06
265	6.17162895015369e-06
266	6.04274165036963e-06
267	5.80270885005093e-06
268	5.68795374645135e-06
269	5.77122750539538e-06
270	5.95319039722327e-06
271	5.87168305789992e-06
272	5.88406533402259e-06
273	5.78239883845956e-06
274	5.67748688524351e-06
275	5.76765839269225e-06
276	5.88308465056622e-06
277	5.98060971920054e-06
278	5.88434471181170e-06
279	5.92899508502538e-06
280	6.02094203620286e-06
281	6.08002515242549e-06
282	6.13705707765409e-06
283	5.98435143981305e-06
284	5.89760847457668e-06
285	6.14877648844737e-06
286	6.42677783505905e-06
287	6.12593464197603e-06
288	5.75613986165977e-06
289	5.49756737298871e-06
290	5.66787048546638e-06
291	5.73820318722711e-06
292	5.76241660019026e-06
293	5.73754668975669e-06
294	5.68595805219991e-06
295	5.82080289623988e-06
296	5.91967879006796e-06
297	6.13116243155748e-06
298	6.13697539377669e-06
299	6.24636468229855e-06
300	6.20481741004608e-06
301	6.09341836988338e-06
302	6.10321635739513e-06
303	6.05930033295888e-06
304	6.31615786429279e-06
305	6.11240372410711e-06
306	5.88592015350332e-06
307	5.73735009946936e-06
308	5.77048391049610e-06
309	6.05760128390308e-06
310	6.08781966227218e-06
311	6.06685331058063e-06
312	5.99294597962730e-06
313	5.88510344790665e-06
314	5.98075211610175e-06
315	6.09249683414692e-06
316	6.20751782674106e-06
317	6.21756270148873e-06
318	6.34445954284160e-06
319	6.48560378921410e-06
320	6.57992588412379e-06
321	6.51212358014849e-06
322	6.36484606928563e-06
323	6.25069039299631e-06
324	6.23432652461088e-06
325	6.30895693427205e-06
326	6.23681317219283e-06
327	6.18475922105567e-06
328	6.14299876226792e-06
329	6.17448204345419e-06
330	6.13290182936079e-06
331	6.20407907751972e-06
332	6.13758503016549e-06
333	5.99246516967792e-06
334	5.71113194052378e-06
335	5.54794457575394e-06
336	5.68481866699482e-06
337	5.93279204088610e-06
338	6.08796364004570e-06
339	6.31232665273611e-06
340	6.34998009030134e-06
341	6.22489426171921e-06
342	5.98617634074679e-06
343	5.92012942615596e-06
344	5.87259938799387e-06
345	5.87434806840605e-06
346	6.09555363706750e-06
347	6.33493110308985e-06
348	6.55109185431627e-06
349	6.58693909060237e-06
350	6.54967513082993e-06
351	6.52181044239754e-06
352	6.41808212660848e-06
353	6.27981219676330e-06
354	6.11399342994933e-06
355	6.27993206777033e-06
356	6.34458875154746e-06
357	6.24206840638221e-06
358	6.44152490227609e-06
359	6.39793242275719e-06
360	6.37549629669588e-06
361	6.26126389283656e-06
362	6.30053140386911e-06
363	6.46190320171887e-06
364	6.58186381149618e-06
365	6.44219011587758e-06
366	6.32510271693466e-06
367	6.53603711642426e-06
368	6.50867192449774e-06
369	6.36423955675590e-06
370	6.17450383587428e-06
371	6.09572596371067e-06
372	6.29699233731345e-06
373	6.51796035026668e-06
374	6.62469375739649e-06
375	6.74786277156928e-06
376	6.84187402192986e-06
377	6.79297079759300e-06
378	6.65366534405688e-06
379	6.43509099528033e-06
380	6.12947052180051e-06
381	6.06952182656456e-06
382	6.17880447958916e-06
383	6.31540297160335e-06
384	6.42349933413715e-06
385	6.58163910052321e-06
386	6.56274704913185e-06
387	6.51858044818328e-06
388	6.44232354753755e-06
389	6.24138675283848e-06
390	6.24354616137943e-06
391	6.33820086546352e-06
392	6.38564274421360e-06
393	6.49487667898017e-06
394	6.29247189740597e-06
395	6.13726343712178e-06
396	6.16019265611970e-06
397	6.22473921855032e-06
398	6.26209810214137e-06
399	6.14494439572311e-06
400	6.03917463575599e-06
401	6.22788894469043e-06
402	6.28262838472482e-06
403	6.23184347275072e-06
404	6.14407228748447e-06
405	6.06224534408825e-06
406	5.98493323058363e-06
407	5.96125536478592e-06
408	6.05470396487611e-06
409	6.23619218053175e-06
410	6.24685091182118e-06
411	6.27554840574210e-06
412	6.27834405835323e-06
413	6.28080290872540e-06
414	6.29896341793094e-06
415	6.25526275274752e-06
416	6.31125471956724e-06
417	6.61997911798023e-06
418	6.85624302027384e-06
419	7.05399555942678e-06
420	7.09497261576121e-06
421	6.97050621583054e-06
422	6.59184353356691e-06
423	6.39656550234723e-06
424	6.30545655792726e-06
425	6.11447872341910e-06
426	6.16662467170392e-06
427	6.20274767478487e-06
428	6.31279446538278e-06
429	6.43489694747671e-06
430	6.40612430435162e-06
431	6.44942968536878e-06
432	6.34703684151645e-06
433	6.28578824608116e-06
434	6.22431550498706e-06
435	6.32904347247943e-06
436	6.26652949811026e-06
437	6.15180089260933e-06
438	6.24140135474068e-06
439	6.30502361646104e-06
440	6.24198045733027e-06
441	6.28173042965789e-06
442	6.21897029725447e-06
443	6.13718360654247e-06
444	6.14814413007599e-06
445	6.38497547452106e-06
446	6.40138318692459e-06
447	6.49733109622065e-06
448	6.75711968165433e-06
449	6.93086850697294e-06
450	7.04544256646831e-06
451	7.02501291550129e-06
452	6.97555799691288e-06
453	6.73742908040629e-06
454	6.45423462818549e-06
455	6.47415094576591e-06
456	6.43365700486798e-06
457	6.30495707600543e-06
458	6.27864236974710e-06
459	6.37581495552742e-06
460	6.36520362353863e-06
461	6.48624677550840e-06
462	6.52980392590862e-06
463	6.29550103919016e-06
464	6.23001136074072e-06
465	6.02890236836347e-06
466	6.05998573995232e-06
467	6.13683234460735e-06
468	6.25211728769691e-06
469	6.32269055038335e-06
470	6.50645030135028e-06
471	6.66811929996255e-06
472	6.87230906736436e-06
473	7.13579725570803e-06
474	7.00145598576204e-06
475	6.68504640158915e-06
476	6.53166489599512e-06
477	6.44733625505636e-06
478	6.12925248222410e-06
479	5.92928475220662e-06
480	5.77298588626495e-06
481	5.65770359888160e-06
482	5.60613118295985e-06
483	5.75332970399843e-06
484	6.00899914095912e-06
485	6.38403334644540e-06
486	6.69619134409519e-06
487	6.74034812026672e-06
488	6.82984503748698e-06
489	6.89320661156006e-06
490	6.80131206628271e-06
491	6.78240703454027e-06
492	6.77773204902952e-06
493	6.77579018820594e-06
494	6.80481664755484e-06
495	6.70326397850000e-06
496	6.64022947012392e-06
497	6.59984986965773e-06
498	6.52683585564422e-06
499	6.52738700654374e-06
