1	3.89269257470166e-09
2	4.29961127996118e-09
3	4.44703639236367e-09
4	4.57986448188351e-09
5	4.66160609551156e-09
6	4.64402329541954e-09
7	4.65238026511251e-09
8	4.70499835914460e-09
9	4.76869643318714e-09
10	4.77087790630588e-09
11	4.75289258030034e-09
12	4.77869160769479e-09
13	4.81313585760624e-09
14	4.74642637656147e-09
15	4.85173844944876e-09
16	4.79497547587581e-09
17	4.76192694444494e-09
18	4.86923564412887e-09
19	4.81900714996359e-09
20	4.83536073399917e-09
21	4.80599286422675e-09
22	4.82278740763045e-09
23	4.86766862044929e-09
24	4.86706961810666e-09
25	4.85649776092063e-09
26	4.99026458005169e-09
27	4.70942784036412e-09
28	4.92936952764055e-09
29	4.88957789580689e-09
30	4.78218305271312e-09
31	4.77454932701837e-09
32	4.81919888701640e-09
33	4.68560801776864e-09
34	4.87248534959649e-09
35	4.93572367433171e-09
36	4.86128007866481e-09
37	4.79544198207584e-09
38	4.78710342995906e-09
39	4.72592017741807e-09
40	4.77521514787483e-09
41	4.76856154504166e-09
42	4.92546629236153e-09
43	4.75019979201084e-09
44	4.66351347643012e-09
45	4.80570928489832e-09
46	4.79393035957283e-09
47	4.99056814558283e-09
48	4.82536590840688e-09
49	4.80830986115331e-09
50	4.74157339720865e-09
51	4.88508425125187e-09
52	4.97223253371153e-09
53	4.85457430207447e-09
54	4.77430892600791e-09
55	4.94231082469760e-09
56	4.79235900896630e-09
57	4.79969979461314e-09
58	4.91106257541335e-09
59	4.93611409929532e-09
60	4.83585414495276e-09
61	4.80557079916715e-09
62	4.88220967624081e-09
63	4.66720339636053e-09
64	4.85044467811405e-09
65	4.88340303115124e-09
66	4.82822114039325e-09
67	4.91609307258494e-09
68	4.84029610786233e-09
69	4.89049061511553e-09
70	4.93755148748448e-09
71	4.74870895359004e-09
72	4.84275274109938e-09
73	4.83513887699350e-09
74	4.80279750021232e-09
75	4.97224882630691e-09
76	4.88493707765221e-09
77	4.83839386573689e-09
78	4.74257786923792e-09
79	4.80410039093710e-09
80	4.72306751629628e-09
81	4.83593095163757e-09
82	4.89857605397883e-09
83	5.05671987558833e-09
84	4.88793255966208e-09
85	4.92121194985223e-09
86	4.85291184800355e-09
87	4.94045927201869e-09
88	4.75885934030407e-09
89	4.76238129967775e-09
90	4.80396063243862e-09
91	4.92804397588799e-09
92	4.87944649303554e-09
93	4.85765397175110e-09
94	5.01272227564483e-09
95	4.80848737300613e-09
96	4.63938283218092e-09
97	4.75681359133082e-09
98	4.99774251670807e-09
99	4.73310904136087e-09
100	4.90219274256390e-09
101	4.83290561335673e-09
102	4.90986492582826e-09
103	4.70387705109969e-09
104	4.76547241987737e-09
105	4.96249134968157e-09
106	4.87007288731997e-09
107	4.94698214900996e-09
108	4.97802321212990e-09
109	5.15537789452562e-09
110	4.95152951557145e-09
111	4.92077461907701e-09
112	4.80437212065163e-09
113	4.82806417146577e-09
114	4.84854627420865e-09
115	5.06728710851095e-09
116	4.82853848463608e-09
117	4.96785107343523e-09
118	4.80086820039683e-09
119	5.03338908239932e-09
120	4.57058958842054e-09
121	5.10492577472941e-09
122	4.95756847472177e-09
123	4.79832695520323e-09
124	4.91558906634306e-09
125	4.94035336582242e-09
126	4.87667892151610e-09
127	5.06691763925725e-09
128	5.02751789738631e-09
129	4.83738137998148e-09
130	4.99333033777671e-09
131	4.79540154468279e-09
132	5.02982679926780e-09
133	4.82732421209912e-09
134	4.86524585161920e-09
135	5.02471498134885e-09
136	4.57260255564573e-09
137	5.09639458366932e-09
138	4.93987760343804e-09
139	4.92180661031526e-09
140	4.81273607217725e-09
141	4.95037895248769e-09
142	5.16849275527840e-09
143	4.78329099857226e-09
144	4.84435259679116e-09
145	4.95950494155981e-09
146	4.96526333942385e-09
147	5.08218923123198e-09
148	4.94030860863204e-09
149	5.25390878284768e-09
150	4.68766167051481e-09
151	5.15495331155806e-09
152	4.56781793312201e-09
153	4.74416401818847e-09
154	4.91451029525985e-09
155	4.71926260778627e-09
156	5.20762959504254e-09
157	4.79699974135637e-09
158	4.89684410757598e-09
159	4.90212850199538e-09
160	4.64520238441351e-09
161	5.20380431389355e-09
162	4.97721070751888e-09
163	4.83912024988941e-09
164	5.25882400203037e-09
165	4.80677110027081e-09
166	5.25421901327884e-09
167	4.48495805956770e-09
168	4.92939169121980e-09
169	4.96318137342066e-09
170	4.66149858292080e-09
171	4.91178439677800e-09
172	4.98680152193137e-09
173	4.93614620184303e-09
174	5.16898163251755e-09
175	5.28566542143156e-09
176	4.54141030684889e-09
177	4.73382938426704e-09
178	5.00946046079833e-09
179	5.00224668605651e-09
180	4.84298536738045e-09
181	4.87093348288465e-09
182	4.87016261287587e-09
183	4.89805099009224e-09
184	4.95169049522071e-09
185	5.11518923453844e-09
186	4.61109004511870e-09
187	4.94795609123696e-09
188	4.98501816008266e-09
189	4.96813465157339e-09
190	4.70689006553145e-09
191	5.12884810800872e-09
192	4.72931985026495e-09
193	4.94326564224595e-09
194	4.65809287776239e-09
195	5.14878601056471e-09
196	5.18599590431857e-09
197	4.74949503581015e-09
198	4.78044707058647e-09
199	5.18722474681470e-09
200	4.34445691945134e-09
201	5.08747963286649e-09
202	4.92215826114221e-09
203	5.46627882677829e-09
204	4.59424526599863e-09
205	5.05585952427585e-09
206	4.74682745546801e-09
207	5.07045986649827e-09
208	4.58971739586658e-09
209	5.00570189399275e-09
210	5.21261170417044e-09
211	4.91608978504341e-09
212	5.31224998154833e-09
213	4.83703841209229e-09
214	4.90327091821676e-09
215	4.89059702847306e-09
216	4.98374740081146e-09
217	4.97708186509264e-09
218	5.07284352423306e-09
219	4.96878616602688e-09
220	5.05039278329138e-09
221	4.70375181601580e-09
222	5.33823878630240e-09
223	4.83142355011047e-09
224	4.82235865697336e-09
225	4.96575183257869e-09
226	5.05484922484386e-09
227	5.17743382126360e-09
228	4.70457933024298e-09
229	4.83607642559380e-09
230	5.44864278931645e-09
231	4.90926069700913e-09
232	4.82351142267925e-09
233	4.93342052626372e-09
234	4.85910920587149e-09
235	5.19387898151004e-09
236	4.93202581987076e-09
237	4.72639405726055e-09
238	5.10917398680076e-09
239	4.88113385132384e-09
240	4.70020618790941e-09
241	5.13971450222743e-09
242	5.08196808835522e-09
243	4.82730456872193e-09
244	5.15938891617829e-09
245	5.08864326103309e-09
246	5.09047715264859e-09
247	5.36657158456149e-09
248	5.30456855712522e-09
249	4.71401957902885e-09
250	4.97102394430909e-09
251	5.11733163957906e-09
252	5.08769571618187e-09
253	5.30472723171239e-09
254	5.06501558505912e-09
255	4.72860722780500e-09
256	4.71549513919633e-09
257	4.91842233638080e-09
258	5.01091726130526e-09
259	5.08501393335287e-09
260	5.22158623202154e-09
261	5.16786730079429e-09
262	4.63557903050585e-09
263	4.69077742038391e-09
264	4.85340480673167e-09
265	5.03619194024527e-09
266	5.19692113442255e-09
267	5.27426377621154e-09
268	5.10906714787107e-09
269	4.94281360663595e-09
270	4.82723063086908e-09
271	5.11866047048622e-09
272	5.04102114573337e-09
273	5.28279432737368e-09
274	4.93008283501660e-09
275	5.09307047401039e-09
276	5.08416908838356e-09
277	4.93028824287279e-09
278	4.80542101456562e-09
279	5.16527243361399e-09
280	5.13360948601514e-09
281	5.00412473944943e-09
282	4.73528353903598e-09
283	5.14898158656369e-09
284	5.24535823092338e-09
285	4.67083616258892e-09
286	4.72556267689001e-09
287	4.80495980318509e-09
288	5.10031756822765e-09
289	5.47066666307878e-09
290	5.40526831280171e-09
291	5.53591680665458e-09
292	5.49614557692155e-09
293	5.70185199491396e-09
294	5.18376256005336e-09
295	4.67817103109205e-09
296	4.85116493532528e-09
297	5.07696988004023e-09
298	5.57725483276682e-09
299	5.31982015758824e-09
300	4.87533171578025e-09
301	4.95562211765172e-09
302	4.86092866228037e-09
303	4.63056398279692e-09
304	4.99963058928660e-09
305	4.75504058968433e-09
306	5.14824212552923e-09
307	5.18403772154811e-09
308	5.09953005110752e-09
309	4.63361080511465e-09
310	4.63992586504116e-09
311	4.72952554137238e-09
312	4.81482676909315e-09
313	4.78831621243030e-09
314	4.89997358143106e-09
315	5.03375850223774e-09
316	5.38464906396994e-09
317	5.24514506243690e-09
318	5.32999613963296e-09
319	4.85127733385685e-09
320	4.56435033200568e-09
321	4.49597178049315e-09
322	4.78612515677920e-09
323	5.09675407569751e-09
324	5.39808411311124e-09
325	5.33489179089206e-09
326	5.46245022697085e-09
327	5.50840191826937e-09
328	5.06674704618257e-09
329	5.14570866350680e-09
330	4.66784620866735e-09
331	4.92156473991571e-09
332	4.93849545211105e-09
333	5.30080009849471e-09
334	4.77423436136511e-09
335	5.04015696065195e-09
336	4.86663283369780e-09
337	5.07746810998148e-09
338	5.27176759516738e-09
339	5.13734992788991e-09
340	4.63502306382420e-09
341	4.64433688944365e-09
342	4.82028475837672e-09
343	5.36068531345845e-09
344	5.14738022432457e-09
345	5.55093757409672e-09
346	5.08288583601772e-09
347	4.70293980608364e-09
348	5.04990111274462e-09
349	5.16404354562484e-09
350	5.12677750901990e-09
351	4.92739927907557e-09
352	4.78282400392571e-09
353	5.28256712732670e-09
354	5.02285470838626e-09
355	5.40998924830750e-09
356	5.31128834811978e-09
357	5.15524481678113e-09
358	5.15426921615208e-09
359	4.64120862682097e-09
360	4.77889987369606e-09
361	5.22064598106469e-09
362	5.39842785295228e-09
363	5.52435872634336e-09
364	5.33237648254109e-09
365	5.67792197639144e-09
366	5.65753227585261e-09
367	5.48731343149767e-09
368	5.23974548205633e-09
369	5.28324919347968e-09
370	5.31827054872537e-09
371	4.97361452692217e-09
372	4.93251387999229e-09
373	4.92933166165478e-09
374	5.15715172138617e-09
375	5.16715563286566e-09
376	5.21733716910544e-09
377	5.67208143709128e-09
378	5.72954606509410e-09
379	5.74163935966285e-09
380	4.97345015236651e-09
381	5.10342830743081e-09
382	4.90260846919672e-09
383	4.70989508094831e-09
384	4.83344228849523e-09
385	5.00719156544915e-09
386	4.73471347604034e-09
387	4.95572889795282e-09
388	5.08154051189649e-09
389	5.49066676197126e-09
390	5.23724111230384e-09
391	5.64963358527403e-09
392	5.63273751835112e-09
393	5.57361113895842e-09
394	4.99962437555192e-09
395	4.77625392554351e-09
396	4.80046862974809e-09
397	4.70992072391361e-09
398	4.46279764580278e-09
399	4.28312420957404e-09
400	4.30760536681961e-09
401	5.02331183852162e-09
402	5.20223312572773e-09
403	5.30577784713890e-09
404	5.65122702011714e-09
405	5.77295628159656e-09
406	5.80800454773270e-09
407	5.06658759692252e-09
408	4.95328828015679e-09
409	4.84905634595468e-09
410	4.90052233989987e-09
411	4.94395972920552e-09
412	4.40992585644173e-09
413	4.95846503583123e-09
414	4.70821079208958e-09
415	4.88721413178218e-09
416	4.90228547384076e-09
417	5.26167168794771e-09
418	5.42508653551626e-09
419	6.02772736105665e-09
420	5.71800304095552e-09
421	5.42196928120671e-09
422	5.43394561554322e-09
423	5.16706803907133e-09
424	4.84687712748573e-09
425	4.57611820036204e-09
426	4.42805160421795e-09
427	4.36629243363004e-09
428	4.67768491992170e-09
429	4.80486428564672e-09
430	4.92737716193026e-09
431	4.95098939154459e-09
432	5.06286814329697e-09
433	5.22437400877662e-09
434	5.25055563123956e-09
435	5.52812813450925e-09
436	5.62074067594899e-09
437	5.38330062002110e-09
438	5.57555991858615e-09
439	5.34980229891567e-09
440	5.14463805401674e-09
441	5.06380994983961e-09
442	4.80867614256695e-09
443	4.58260994368953e-09
444	4.51817609134847e-09
445	4.53740628093335e-09
446	4.64672426308428e-09
447	4.88633579633660e-09
448	5.11936029722489e-09
449	5.27349458302603e-09
450	5.34822210264930e-09
451	5.42695469841721e-09
452	5.52865093430445e-09
453	5.40507134191938e-09
454	5.20770116376622e-09
455	5.27965855199903e-09
456	5.07353730527124e-09
457	5.00043285433173e-09
458	4.88917163018400e-09
459	5.15447285040727e-09
460	5.39647803537914e-09
461	5.02752949947932e-09
462	5.08010764771035e-09
463	5.08273336718926e-09
464	4.87408820619145e-09
465	4.89957236793778e-09
466	5.06615510329822e-09
467	4.86746588796422e-09
468	4.76844777468057e-09
469	5.14855478930711e-09
470	5.16647196026357e-09
471	5.64782346479491e-09
472	5.38322296571708e-09
473	5.47781725251842e-09
474	5.41592721284382e-09
475	4.84840620155833e-09
476	4.98928731465280e-09
477	5.14290397557975e-09
478	5.16228110942521e-09
479	4.89951759678669e-09
480	4.98316153471004e-09
481	5.27427973307916e-09
482	5.21188334175351e-09
483	5.42480156144894e-09
484	5.31326231409732e-09
485	5.39580183332862e-09
486	5.39932190675700e-09
487	5.47248143855600e-09
488	5.51631142316451e-09
489	5.64603969072783e-09
490	5.45281534797300e-09
491	5.53578127426009e-09
492	5.64306484295906e-09
493	5.65328403039606e-09
494	5.37544597363854e-09
495	5.24747255943114e-09
496	5.20478830355751e-09
497	5.07775797024580e-09
498	5.10647887480723e-09
499	4.90198132759267e-09
