1	2.04066377209578e-04
2	2.70355879120625e-04
3	3.15016078640458e-04
4	3.49629295228611e-04
5	3.76192705206231e-04
6	3.96709800255919e-04
7	4.15369675200706e-04
8	4.29663790069968e-04
9	4.39660798049575e-04
10	4.53207441799717e-04
11	4.59935457451866e-04
12	4.70240667219809e-04
13	4.74805371717428e-04
14	4.84165510729006e-04
15	4.92084103492565e-04
16	4.95763955635793e-04
17	4.93280942331655e-04
18	5.04564596765991e-04
19	5.04991151392520e-04
20	5.12848308736758e-04
21	5.11761796858289e-04
22	5.21610998396325e-04
23	5.20429891148990e-04
24	5.25842105753044e-04
25	5.24123351824752e-04
26	5.22444511923542e-04
27	5.36493565522433e-04
28	5.38637123596443e-04
29	5.42179301778810e-04
30	5.34583886660472e-04
31	5.47460925442554e-04
32	5.46144555996777e-04
33	5.55226222268798e-04
34	5.39234928282930e-04
35	5.45856485655921e-04
36	5.68651338175593e-04
37	5.53152323292313e-04
38	5.49741968975582e-04
39	5.54206241775221e-04
40	5.64720345123425e-04
41	5.58187069791652e-04
42	5.65018527601497e-04
43	5.67702850757633e-04
44	5.67317982939790e-04
45	5.71200234248935e-04
46	5.75544600857241e-04
47	5.58056514709485e-04
48	5.74029801935761e-04
49	5.69670974764984e-04
50	5.69482319442820e-04
51	5.68629720469019e-04
52	5.77284382122014e-04
53	5.74725445764469e-04
54	5.70510602775467e-04
55	5.90350311879334e-04
56	5.75519708480321e-04
57	5.94382362323017e-04
58	5.82841612560191e-04
59	5.86398502340717e-04
60	5.91283219969032e-04
61	5.84552342391432e-04
62	5.77105216875189e-04
63	5.91737666516635e-04
64	5.93602288328143e-04
65	5.82511306633985e-04
66	5.97487261118986e-04
67	5.88233875953209e-04
68	5.90443443396344e-04
69	5.92369847327539e-04
70	5.94429605186539e-04
71	5.84922059319020e-04
72	6.14882663993480e-04
73	6.02630686849920e-04
74	6.01987742140814e-04
75	6.03997696967616e-04
76	5.98409768699440e-04
77	5.95787833223502e-04
78	6.01710391313037e-04
79	6.14694437571176e-04
80	6.12508363543616e-04
81	6.03804887493083e-04
82	6.05596978452485e-04
83	6.12863952483689e-04
84	6.12987173078320e-04
85	6.16899454188402e-04
86	6.19213755438172e-04
87	6.12358753335098e-04
88	6.34793919970447e-04
89	6.08782286886543e-04
90	6.26227859254364e-04
91	6.29090892572333e-04
92	6.29927508015496e-04
93	6.21455799618794e-04
94	6.24628147011626e-04
95	6.34297360047273e-04
96	6.37049033269801e-04
97	6.25177307143247e-04
98	6.19742007310933e-04
99	6.49307912618592e-04
100	6.41281851115298e-04
101	6.23585588598442e-04
102	6.33386368909261e-04
103	6.24202542950888e-04
104	6.34654432977025e-04
105	6.37403513742040e-04
106	6.42498032155446e-04
107	6.41742811288905e-04
108	6.35716981850073e-04
109	6.37222899560009e-04
110	6.61441226716977e-04
111	6.48024663534578e-04
112	6.33526088134537e-04
113	6.44277067168069e-04
114	6.45949675309453e-04
115	6.27242311176134e-04
116	6.54011233780707e-04
117	6.44842014332098e-04
118	6.39427691185161e-04
119	6.58958476949554e-04
120	6.68831652175173e-04
121	6.45191499237713e-04
122	6.46940076105049e-04
123	6.58925548526357e-04
124	6.63015144364966e-04
125	6.64374315388938e-04
126	6.62395611706055e-04
127	6.68909386338771e-04
128	6.72241686963332e-04
129	6.55690203732460e-04
130	6.65156700304319e-04
131	6.66008197528912e-04
132	6.78680906348231e-04
133	6.74139782763874e-04
134	6.46483282937544e-04
135	6.65393436787011e-04
136	6.59715407197359e-04
137	6.79025043146113e-04
138	6.85110779312676e-04
139	6.94718524651177e-04
140	6.71582280931265e-04
141	6.81162378623326e-04
142	6.79827363669631e-04
143	6.70395664185514e-04
144	6.76926930314989e-04
145	6.82702384679032e-04
146	6.90178249401104e-04
147	6.82341206548037e-04
148	7.02517481366166e-04
149	6.79010576226059e-04
150	6.86024269239323e-04
151	6.73616144262725e-04
152	6.84802595813681e-04
153	6.84973876704614e-04
154	6.72651360830579e-04
155	6.77988050481163e-04
156	6.86232266575971e-04
157	6.93753355421965e-04
158	6.99150002744929e-04
159	6.85843775467869e-04
160	6.96573577060339e-04
161	6.87771045184290e-04
162	7.00228545597855e-04
163	7.03205959341799e-04
164	7.03298977016041e-04
165	7.13619673702753e-04
166	6.95561359365414e-04
167	6.93356136515709e-04
168	6.93624166287741e-04
169	7.07199072008922e-04
170	7.01769071853987e-04
171	6.93495490406389e-04
172	7.07717854528004e-04
173	6.97227111554395e-04
174	7.01837828655191e-04
175	7.07235100041491e-04
176	7.14375850328852e-04
177	7.04177572648456e-04
178	7.08632136291741e-04
179	7.13234288130878e-04
180	6.97318456085668e-04
181	7.01042051235830e-04
182	7.01181793739672e-04
183	7.15296354683194e-04
184	7.16484276577727e-04
185	7.10483532860235e-04
186	7.15511557604214e-04
187	7.14910993529306e-04
188	7.16281079869986e-04
189	7.21661611551755e-04
190	7.11576497984566e-04
191	7.25382520423618e-04
192	7.29934171854485e-04
193	7.27146379561073e-04
194	7.21665914704565e-04
195	7.25392345184875e-04
196	7.27970991374533e-04
197	7.37854383583144e-04
198	7.39278478268020e-04
199	7.30131864884692e-04
200	7.36923095006568e-04
201	7.26972494072428e-04
202	7.25333663469903e-04
203	7.43018701153770e-04
204	7.33247520277742e-04
205	7.41690963802112e-04
206	7.20415290665404e-04
207	7.22230612722885e-04
208	7.34011362856417e-04
209	7.46229198151806e-04
210	7.28647984645929e-04
211	7.60671886617021e-04
212	7.38870861286479e-04
213	7.41407016102097e-04
214	7.33637860044527e-04
215	7.37696067541130e-04
216	7.38834806916786e-04
217	7.33440797073825e-04
218	7.40955688612773e-04
219	7.50366531405791e-04
220	7.47703351466473e-04
221	7.32741644479080e-04
222	7.62792706655750e-04
223	7.27590690126441e-04
224	7.37929948524649e-04
225	7.48302663272526e-04
226	7.50771555617974e-04
227	7.57796953917639e-04
228	7.45351604461162e-04
229	7.57306608670272e-04
230	7.35282790801453e-04
231	7.56020566969454e-04
232	7.58002692330978e-04
233	7.67090631889936e-04
234	7.45587682889192e-04
235	7.54696674135820e-04
236	7.52318483594288e-04
237	7.79877297353458e-04
238	7.53366751238472e-04
239	7.58612945348369e-04
240	7.65650054148320e-04
241	7.58021925438328e-04
242	7.60515092798623e-04
243	7.80046120055140e-04
244	7.56556905945625e-04
245	7.85526307947015e-04
246	7.91235661824272e-04
247	7.68920442717365e-04
248	7.65425922672109e-04
249	7.77459044111429e-04
250	7.69361302308433e-04
251	7.67587267749152e-04
252	7.63773492498979e-04
253	7.78913356333296e-04
254	8.10935762908787e-04
255	7.97208787136505e-04
256	7.74607333161999e-04
257	7.79467025473671e-04
258	7.86858519858515e-04
259	7.87910491998787e-04
260	7.90202724211928e-04
261	7.59042007652601e-04
262	7.81057331462697e-04
263	7.63132851922155e-04
264	8.11433249803442e-04
265	7.90206847725007e-04
266	7.93480975305982e-04
267	7.84945510787823e-04
268	7.73379740383646e-04
269	7.77285689676851e-04
270	7.94171936728552e-04
271	7.98194207400779e-04
272	7.83952320941582e-04
273	7.99668743281417e-04
274	7.97355737801492e-04
275	7.93057017792987e-04
276	8.00134555695370e-04
277	7.78914865121970e-04
278	8.06758833419055e-04
279	8.00832982165887e-04
280	7.92237405502679e-04
281	7.95333210820414e-04
282	7.84683873054139e-04
283	7.86016920421390e-04
284	7.76583323359956e-04
285	7.95382479199283e-04
286	8.12562917750753e-04
287	8.06119062169660e-04
288	7.99093578858730e-04
289	7.83278385507248e-04
290	7.86947682291953e-04
291	7.96296575933760e-04
292	8.05587798136005e-04
293	8.20596686813566e-04
294	7.90410123674359e-04
295	8.13181942300072e-04
296	8.16282862763627e-04
297	8.22212769037450e-04
298	8.12250308410874e-04
299	8.17425800289227e-04
300	8.22201180123142e-04
301	8.13118098891638e-04
302	8.11519169970279e-04
303	7.94681424704106e-04
304	8.16792518214896e-04
305	8.06031475077329e-04
306	8.34619281070238e-04
307	8.14225670682471e-04
308	8.17369873983712e-04
309	8.26673512662407e-04
310	8.13276281027609e-04
311	8.15235164951125e-04
312	8.24692955471355e-04
313	8.24955667131699e-04
314	8.32387314708556e-04
315	8.17402384521413e-04
316	8.15823187207262e-04
317	8.40114860800584e-04
318	8.25670447626012e-04
319	8.26218550694892e-04
320	8.49039618770080e-04
321	8.35995907273923e-04
322	8.28280919167811e-04
323	8.49887624342347e-04
324	8.35014510257478e-04
325	8.42684179422339e-04
326	8.58745489879520e-04
327	8.43525066913345e-04
328	8.61631944421666e-04
329	8.44257148467179e-04
330	8.36973024187968e-04
331	8.55232282438453e-04
332	8.49791732973158e-04
333	8.43822606569059e-04
334	8.54447848678867e-04
335	8.47717506788737e-04
336	8.52810742069884e-04
337	8.45760648186824e-04
338	8.51978459448117e-04
339	8.46475748936130e-04
340	8.61352639355681e-04
341	8.70738190420579e-04
342	8.39836857047151e-04
343	8.65995596452085e-04
344	8.70388146468769e-04
345	8.44419703487704e-04
346	8.49558353744823e-04
347	8.65640594982715e-04
348	8.64230142364017e-04
349	8.53595653554072e-04
350	8.48898496476291e-04
351	8.69565864316498e-04
352	8.48123226849230e-04
353	8.55425666053298e-04
354	8.88175375467160e-04
355	8.74925502902962e-04
356	8.53725377059841e-04
357	8.60891528964292e-04
358	8.67557196323646e-04
359	8.38483449705151e-04
360	8.55401623793189e-04
361	8.64462213298427e-04
362	8.59841354640798e-04
363	8.54135232254070e-04
364	8.68015513457778e-04
365	8.70199356614298e-04
366	8.65878954728057e-04
367	8.68987533521175e-04
368	8.72472816715169e-04
369	8.73096082398565e-04
370	8.58585868846375e-04
371	8.66453462887962e-04
372	8.83994311759183e-04
373	8.79672866197274e-04
374	8.74096804330287e-04
375	8.68160423775423e-04
376	8.78299200017752e-04
377	8.73682506856377e-04
378	8.81607481029581e-04
379	8.77844215568916e-04
380	8.81728823856227e-04
381	8.91463768181376e-04
382	8.79724664721762e-04
383	8.61616135459658e-04
384	8.81943781479739e-04
385	8.88282852555108e-04
386	8.71808865958625e-04
387	8.57295439575935e-04
388	8.81299207798948e-04
389	8.85193322709876e-04
390	8.74773207375272e-04
391	8.71507514350767e-04
392	8.84330313126480e-04
393	8.85761951960921e-04
394	8.94168747278958e-04
395	8.82038582768918e-04
396	8.88427822276999e-04
397	8.95583240316799e-04
398	8.72495728351974e-04
399	8.69837793994592e-04
400	8.77146360563982e-04
401	9.00998002726579e-04
402	8.68532462831612e-04
403	8.78954398221070e-04
404	8.85713324397059e-04
405	8.89625465903971e-04
406	8.99557218427655e-04
407	9.01618139544856e-04
408	8.96170451000095e-04
409	8.82931940262674e-04
410	8.95243945527613e-04
411	8.92156313941925e-04
412	8.91363671240282e-04
413	8.89387028133080e-04
414	8.85102227782216e-04
415	9.04879914746055e-04
416	8.96551125839779e-04
417	9.11572624270465e-04
418	9.07524608670359e-04
419	9.04155469731140e-04
420	9.12565511824574e-04
421	9.22525104000284e-04
422	9.21029232381008e-04
423	8.86892654831422e-04
424	8.99530795582159e-04
425	9.22019038020454e-04
426	9.16201150824748e-04
427	9.05506976218380e-04
428	9.01081480321689e-04
429	9.25177996054830e-04
430	9.25531227416860e-04
431	9.15405076840598e-04
432	9.15391621333020e-04
433	9.08707732916981e-04
434	9.25436793646885e-04
435	9.27324739664199e-04
436	9.13364381881005e-04
437	9.01732706533280e-04
438	9.05652357071349e-04
439	9.06028532700525e-04
440	9.29465553942988e-04
441	9.14574256720396e-04
442	8.98281328767305e-04
443	9.10177890560185e-04
444	9.30980917975579e-04
445	9.33054434429818e-04
446	9.34661354056504e-04
447	9.22667933548833e-04
448	9.13296702759244e-04
449	9.24913603882828e-04
450	9.25326733466065e-04
451	9.34165802408741e-04
452	9.27646716504188e-04
453	9.08251794098015e-04
454	9.21122767545051e-04
455	9.38087574522025e-04
456	9.40566674782745e-04
457	9.40323188483315e-04
458	9.34371366506227e-04
459	9.29458700222905e-04
460	9.21527434132152e-04
461	9.22481215678729e-04
462	9.43254348444873e-04
463	9.48060509911417e-04
464	9.50476790723086e-04
465	9.36479754438926e-04
466	9.34176693155551e-04
467	9.18524872798556e-04
468	9.38473330969075e-04
469	9.51305334203662e-04
470	9.63400198362209e-04
471	9.40982274787374e-04
472	9.42778280382214e-04
473	9.56147251141411e-04
474	9.70932622162648e-04
475	9.73612055555977e-04
476	9.75729318942996e-04
477	9.74394938911953e-04
478	9.64140077021124e-04
479	9.49104358862729e-04
480	9.63649347662484e-04
481	9.70796981143974e-04
482	9.79997702543231e-04
483	9.66050618609220e-04
484	9.58827449351568e-04
485	9.50055264775215e-04
486	9.43646675760371e-04
487	9.54542635285162e-04
488	9.58798339638958e-04
489	9.69203158895973e-04
490	9.74045776626597e-04
491	9.70697624857910e-04
492	9.65787095648883e-04
493	9.61057713891369e-04
494	9.69807871281998e-04
495	9.88762513184226e-04
496	9.77248886144496e-04
497	9.74328910238953e-04
498	9.75427275147882e-04
499	9.64797671818387e-04
