1	6.96176364307685e-08
2	9.72589522509272e-08
3	1.18073274368724e-07
4	1.35253879463611e-07
5	1.50120866689022e-07
6	1.63362008085313e-07
7	1.75275602366296e-07
8	1.86367195532416e-07
9	1.96563490317281e-07
10	2.05621577189600e-07
11	2.14373046836971e-07
12	2.23185739909648e-07
13	2.30783071924008e-07
14	2.38280463657869e-07
15	2.45352544062468e-07
16	2.52611509342916e-07
17	2.57816999583630e-07
18	2.65223112211657e-07
19	2.71477812323442e-07
20	2.76261056925499e-07
21	2.81521832134453e-07
22	2.86306169016044e-07
23	2.92244176397932e-07
24	2.96666200170193e-07
25	3.01586052534309e-07
26	3.06175916966735e-07
27	3.10448639357844e-07
28	3.15335419348914e-07
29	3.18956322223952e-07
30	3.23807682877372e-07
31	3.28600402567345e-07
32	3.33446875472411e-07
33	3.34222434608415e-07
34	3.39964771083665e-07
35	3.41796821793681e-07
36	3.48788669445363e-07
37	3.48486893063523e-07
38	3.55611524602029e-07
39	3.57820954608594e-07
40	3.61843822725530e-07
41	3.61878818127993e-07
42	3.66581999540348e-07
43	3.66020879576919e-07
44	3.71174242946437e-07
45	3.74574511693502e-07
46	3.79622533987132e-07
47	3.81335182160915e-07
48	3.84069531828535e-07
49	3.85292605858178e-07
50	3.88267949716696e-07
51	3.91416733795189e-07
52	3.97835978294812e-07
53	4.00555418093960e-07
54	4.00844523673186e-07
55	4.02191828093668e-07
56	4.00907533324103e-07
57	4.04498470738206e-07
58	4.07910199045678e-07
59	4.12553642638431e-07
60	4.14264072328649e-07
61	4.20834976656544e-07
62	4.17865765355254e-07
63	4.20188700691421e-07
64	4.19917318359494e-07
65	4.20927356849600e-07
66	4.17805727136519e-07
67	4.30613057799074e-07
68	4.32432735112212e-07
69	4.30981134500061e-07
70	4.38662950751882e-07
71	4.36041625043029e-07
72	4.30736412472695e-07
73	4.39311416122962e-07
74	4.45752348349936e-07
75	4.42596654072612e-07
76	4.46824205788015e-07
77	4.48158757696272e-07
78	4.41409383138840e-07
79	4.46939054626277e-07
80	4.51591483859171e-07
81	4.45622952149318e-07
82	4.50473946043215e-07
83	4.61473571237628e-07
84	4.54811144361283e-07
85	4.54144474887570e-07
86	4.57672423001081e-07
87	4.66118891064641e-07
88	4.61157401924203e-07
89	4.77806200123845e-07
90	4.61919047725765e-07
91	4.64693271716260e-07
92	4.70402338250646e-07
93	4.72486599018326e-07
94	4.74784049214184e-07
95	4.79695071153058e-07
96	4.75242563226820e-07
97	4.86946747470086e-07
98	4.79108257971941e-07
99	4.74166060482332e-07
100	4.77948466796611e-07
101	4.76972965069105e-07
102	4.75514942667138e-07
103	4.85900707155669e-07
104	4.82967614471070e-07
105	4.79763480582169e-07
106	4.86841175299627e-07
107	4.91958366730223e-07
108	4.83912111955777e-07
109	5.01238916095808e-07
110	4.83891448936059e-07
111	5.01244139324537e-07
112	4.89863856652841e-07
113	5.01066997146506e-07
114	4.93921355344463e-07
115	4.93224906438408e-07
116	5.02110221982119e-07
117	4.93270272956180e-07
118	5.17059012832366e-07
119	4.99367731997517e-07
120	5.04232080523908e-07
121	5.19326006147525e-07
122	5.30277625985505e-07
123	5.09049575336117e-07
124	4.91925594800296e-07
125	5.10814393004228e-07
126	5.15262484323146e-07
127	5.06282901076940e-07
128	5.03385231478356e-07
129	5.06258106747992e-07
130	5.03115789842409e-07
131	5.01327840205624e-07
132	5.03241664487401e-07
133	4.97039146533975e-07
134	5.14368562486401e-07
135	5.06589921379341e-07
136	5.11565206011413e-07
137	5.15161402025660e-07
138	5.06225745080989e-07
139	5.18523069837916e-07
140	4.96863320884951e-07
141	5.09618193365499e-07
142	5.27302369473759e-07
143	5.08097845318945e-07
144	5.41094963283423e-07
145	5.38428712988431e-07
146	5.32346392766611e-07
147	5.24872786449389e-07
148	5.21479342837135e-07
149	5.12334645509909e-07
150	5.30778620614071e-07
151	5.34018831924983e-07
152	5.44792025828972e-07
153	5.21703474671720e-07
154	5.08547767969065e-07
155	5.30519427551375e-07
156	5.40905071865880e-07
157	5.22554353634934e-07
158	5.11269296757181e-07
159	5.44844364309287e-07
160	5.35268444564831e-07
161	5.57871432072813e-07
162	5.19781147072693e-07
163	5.59438120267722e-07
164	5.53086184964231e-07
165	5.22089686255709e-07
166	5.69670399423214e-07
167	5.22521079640365e-07
168	5.40302391962381e-07
169	5.57652473127253e-07
170	5.27136440841538e-07
171	5.31965837951256e-07
172	5.56034315989757e-07
173	5.41622860582239e-07
174	5.54242053234036e-07
175	5.19270175885874e-07
176	5.28191225339108e-07
177	5.75495388292914e-07
178	5.29713280544118e-07
179	5.72836743883276e-07
180	5.18930778134854e-07
181	5.27542763826497e-07
182	5.60911736065511e-07
183	5.29560735611867e-07
184	5.61778875636701e-07
185	5.39329440502194e-07
186	5.64402553607767e-07
187	5.31556196249402e-07
188	5.78056802261572e-07
189	5.60546217571544e-07
190	5.37621275638856e-07
191	5.45839842097425e-07
192	5.54602578392619e-07
193	5.45502818544156e-07
194	5.79787113481049e-07
195	5.66418077876523e-07
196	5.46748349666233e-07
197	5.36527017808663e-07
198	5.72075417135721e-07
199	5.60399239098927e-07
200	5.78656373552073e-07
201	5.58971219441776e-07
202	5.89899572118961e-07
203	5.27370513720074e-07
204	5.44010855543637e-07
205	5.86170282480417e-07
206	5.90010300852356e-07
207	5.62535393756453e-07
208	5.42641629877605e-07
209	5.85651580962489e-07
210	5.52292812233250e-07
211	5.58431780719379e-07
212	5.54669544181231e-07
213	5.90202050283655e-07
214	5.86613918357307e-07
215	5.21739882199543e-07
216	5.50153908213892e-07
217	5.58140723205886e-07
218	5.74838682205861e-07
219	5.78206706834598e-07
220	5.32564484084747e-07
221	5.85060429225748e-07
222	5.99146227910962e-07
223	5.50126844866941e-07
224	5.48418605543873e-07
225	5.40627594775661e-07
226	5.72546088037426e-07
227	5.92361552067375e-07
228	5.46221142425723e-07
229	5.37876099468147e-07
230	5.81209021561300e-07
231	5.64658348726152e-07
232	5.68161730480886e-07
233	5.62698242909421e-07
234	5.20606695073447e-07
235	5.78085577748130e-07
236	6.19941351687331e-07
237	5.70351227416140e-07
238	5.53701531244016e-07
239	5.77109284550779e-07
240	5.60060096409844e-07
241	5.93722118490451e-07
242	6.10594766676254e-07
243	5.46890778837906e-07
244	5.79411518006546e-07
245	6.01671202085424e-07
246	5.96050709002649e-07
247	5.99335737437280e-07
248	5.77549690975023e-07
249	5.63485431680002e-07
250	5.48410295089086e-07
251	5.83433715063002e-07
252	6.27785212456308e-07
253	5.75257312268382e-07
254	5.60974124080064e-07
255	5.95520786236950e-07
256	5.70427824029258e-07
257	5.68058241829103e-07
258	6.04948301160230e-07
259	5.94855059742692e-07
260	5.59012360943165e-07
261	5.43689909754975e-07
262	5.78189260700557e-07
263	6.09843567842380e-07
264	6.07746930002852e-07
265	5.93763040812714e-07
266	5.80780122536950e-07
267	5.96933810910787e-07
268	5.67958050081544e-07
269	5.91145204386671e-07
270	6.28388253973309e-07
271	6.36625547891823e-07
272	5.86530621876725e-07
273	5.73355180567636e-07
274	5.95946151766005e-07
275	5.88330146632523e-07
276	5.92359122627726e-07
277	6.12866157496414e-07
278	6.22873489855198e-07
279	5.95999859243302e-07
280	5.44910052891957e-07
281	5.60036910866879e-07
282	5.85659417987724e-07
283	6.24766791331005e-07
284	6.08773167236011e-07
285	5.83106914914143e-07
286	5.68496044839177e-07
287	5.88421445143586e-07
288	5.90336907932308e-07
289	5.64178323262504e-07
290	5.85053044910025e-07
291	6.02187056251389e-07
292	6.09017662641052e-07
293	5.63025078426081e-07
294	5.56658593024021e-07
295	5.57109487767050e-07
296	5.58036773417225e-07
297	5.83185724528313e-07
298	5.70279479905541e-07
299	6.02934679458628e-07
300	6.21648748848732e-07
301	6.12351228304247e-07
302	6.04070993295074e-07
303	5.60054817061095e-07
304	5.74149185405087e-07
305	5.91687824078701e-07
306	5.99232432866634e-07
307	6.21687824381769e-07
308	6.04998064901001e-07
309	6.03464876388384e-07
310	5.94685848863661e-07
311	5.84905414815790e-07
312	5.79246624543160e-07
313	5.62794694326589e-07
314	5.82028443720713e-07
315	6.00424420001897e-07
316	6.16026543669226e-07
317	6.29826821903827e-07
318	6.16516897698755e-07
319	5.88181699567642e-07
320	5.63248361113929e-07
321	5.43939323778538e-07
322	5.78433880240888e-07
323	5.97008427319963e-07
324	5.71714034021119e-07
325	5.89020029464544e-07
326	6.03878041714074e-07
327	6.18197249800534e-07
328	6.31982712147394e-07
329	6.22029366439758e-07
330	5.63578504708552e-07
331	5.64057363338351e-07
332	5.80809407909390e-07
333	5.85181767453910e-07
334	6.06479583504918e-07
335	6.12700583884201e-07
336	6.11365525743361e-07
337	6.17294800434425e-07
338	6.04480300156120e-07
339	5.92173069582985e-07
340	5.74624120178932e-07
341	5.89068443962501e-07
342	5.76058148971263e-07
343	5.72361777406649e-07
344	5.89363971913270e-07
345	6.19390600133168e-07
346	6.40013543061045e-07
347	6.67246349591753e-07
348	6.52330990600266e-07
349	6.20450941055103e-07
350	5.89871242810016e-07
351	5.98911876977115e-07
352	6.08763253305532e-07
353	6.15537852487751e-07
354	6.33106011763986e-07
355	6.06332894407905e-07
356	6.05231983677230e-07
357	6.18268388931452e-07
358	6.61718354820250e-07
359	6.48014486962215e-07
360	6.24550144514368e-07
361	6.04506668212041e-07
362	5.76514199820283e-07
363	5.71112588839462e-07
364	5.84915728131476e-07
365	6.19191784479625e-07
366	6.38656806367742e-07
367	6.30021069536214e-07
368	6.31185692098846e-07
369	6.24830840197337e-07
370	6.26891506321800e-07
371	6.40661754118394e-07
372	6.36334330908315e-07
373	6.29138516611005e-07
374	6.20578321283754e-07
375	6.26109532770148e-07
376	6.16475428217763e-07
377	5.76184244336895e-07
378	5.95107093724264e-07
379	6.03779327455117e-07
380	6.00749787847240e-07
381	6.06043991021226e-07
382	6.26842252500136e-07
383	6.37785949492661e-07
384	6.17898826007307e-07
385	5.80274857191964e-07
386	5.91396028407421e-07
387	6.02481083683679e-07
388	6.08487691870285e-07
389	6.15392985393217e-07
390	6.14915018122766e-07
391	6.14038430340567e-07
392	6.03276300598879e-07
393	5.84087324940870e-07
394	5.99927885837293e-07
395	6.51165829353041e-07
396	6.77007290358597e-07
397	6.81355769878307e-07
398	6.58535955668784e-07
399	6.32792503034882e-07
400	6.19790507649402e-07
401	5.90361084836491e-07
402	5.60872030268767e-07
403	5.68354916759531e-07
404	5.85763908296006e-07
405	5.97446291037324e-07
406	6.12221263091987e-07
407	6.26347753125391e-07
408	6.29533952944670e-07
409	6.73085839806316e-07
410	6.76979202398812e-07
411	6.78875091937242e-07
412	6.77237225112493e-07
413	6.58658092550605e-07
414	6.54988989163719e-07
415	6.35521198822818e-07
416	6.21186758700941e-07
417	6.15682490800585e-07
418	6.17062191607413e-07
419	6.01584563466170e-07
420	5.97654791839057e-07
421	6.03418501559260e-07
422	6.25869466176642e-07
423	6.45077502164300e-07
424	6.49817495656077e-07
425	6.69677731633459e-07
426	6.81247372717794e-07
427	6.82203309152240e-07
428	6.47683356631868e-07
429	6.11561403106669e-07
430	5.97745346860847e-07
431	5.89455255175272e-07
432	5.83836734965596e-07
433	5.90646650337011e-07
434	5.87277196266266e-07
435	5.98151446588392e-07
436	6.02285708168481e-07
437	5.97720978628016e-07
438	5.95211105621773e-07
439	5.98395963368392e-07
440	6.04447348309672e-07
441	6.37862151425163e-07
442	6.61831129726454e-07
443	6.77080969297833e-07
444	6.74969857403812e-07
445	6.85126381514710e-07
446	6.61784473214950e-07
447	6.39121573663313e-07
448	6.16652098750388e-07
449	5.86539446561301e-07
450	5.70406920355423e-07
451	5.76169724823337e-07
452	5.64880226258110e-07
453	5.79148860491649e-07
454	5.91091173183901e-07
455	6.16998672081196e-07
456	6.14507395291307e-07
457	6.08456000419457e-07
458	6.07260501009107e-07
459	6.21298549078173e-07
460	6.38496061458056e-07
461	6.45970570696851e-07
462	6.49300243076584e-07
463	6.54072620633509e-07
464	6.48075207501901e-07
465	6.28301045962718e-07
466	6.26924917647533e-07
467	5.90994676505226e-07
468	5.69792169685484e-07
469	5.68959217681938e-07
470	5.73326871312054e-07
471	5.80782155681396e-07
472	5.91028475885828e-07
473	5.80113196159043e-07
474	5.84430972644250e-07
475	5.98445060441725e-07
476	6.01410441020870e-07
477	6.41952029519175e-07
478	6.57954385171093e-07
479	6.71378467771283e-07
480	6.81517681573017e-07
481	6.65427293216569e-07
482	6.67726906137462e-07
483	6.80541635287266e-07
484	6.65265181537515e-07
485	6.38305427327864e-07
486	6.22460954673746e-07
487	6.20933590217918e-07
488	6.27964593656819e-07
489	6.07179934400595e-07
490	5.82952127030704e-07
491	5.77795027839271e-07
492	5.79889090204400e-07
493	5.82612388898630e-07
494	5.87857858533232e-07
495	5.95841919186070e-07
496	6.00661584658924e-07
497	6.14569119810640e-07
498	6.26908417247865e-07
499	6.27350748268757e-07
