1	1.73167396212247e-07
2	2.19972438130471e-07
3	2.47927392365148e-07
4	2.68708701920312e-07
5	2.83356662606228e-07
6	2.93176339321389e-07
7	3.02397143242839e-07
8	3.06609249879433e-07
9	3.10068118459127e-07
10	3.14570059830799e-07
11	3.19525605207130e-07
12	3.19545439848976e-07
13	3.27879950189876e-07
14	3.29524042198295e-07
15	3.28359190812074e-07
16	3.37256941445498e-07
17	3.32435079893744e-07
18	3.34630632508230e-07
19	3.40029170457752e-07
20	3.26357410303183e-07
21	3.40247611878847e-07
22	3.33798048100434e-07
23	3.36724093497462e-07
24	3.27681245926962e-07
25	3.44086368653089e-07
26	3.45666832377006e-07
27	3.33958516454595e-07
28	3.33518438424341e-07
29	3.36922188005327e-07
30	3.42951588670384e-07
31	3.37766665459426e-07
32	3.46132054187282e-07
33	3.44229254825625e-07
34	3.40517563478333e-07
35	3.40448171218139e-07
36	3.37298928780467e-07
37	3.45866324140148e-07
38	3.51143883703590e-07
39	3.46929877454472e-07
40	3.33453355031396e-07
41	3.41255748792458e-07
42	3.48903791460457e-07
43	3.47372039953545e-07
44	3.53569226760684e-07
45	3.50679890741477e-07
46	3.44420583172663e-07
47	3.47588812083319e-07
48	3.37279795742232e-07
49	3.36347569498149e-07
50	3.46190412464315e-07
51	3.44187769516454e-07
52	3.51755105821365e-07
53	3.43062362810324e-07
54	3.36764142254384e-07
55	3.44328829197252e-07
56	3.42535408304117e-07
57	3.49092394375420e-07
58	3.42672267259722e-07
59	3.43879528559836e-07
60	3.41308702382136e-07
61	3.48860455802139e-07
62	3.48692750500581e-07
63	3.50996985163830e-07
64	3.55478679055038e-07
65	3.29883721807672e-07
66	3.28924242270066e-07
67	3.31304844666603e-07
68	3.37267090280884e-07
69	3.45809220288028e-07
70	3.36373987679479e-07
71	3.45700193927731e-07
72	3.35142570422298e-07
73	3.33101305945671e-07
74	3.35811600870544e-07
75	3.35449566251153e-07
76	3.44041917878442e-07
77	3.50110380697528e-07
78	3.47021804681057e-07
79	3.37826681863289e-07
80	3.44875961346515e-07
81	3.40364881040492e-07
82	3.40863069099392e-07
83	3.58293210628931e-07
84	3.64127769652373e-07
85	3.39875276674468e-07
86	3.39160637262400e-07
87	3.52829661141628e-07
88	3.48776229137880e-07
89	3.40019664033798e-07
90	3.41226544923889e-07
91	3.49190553658858e-07
92	3.43416692311172e-07
93	3.42061084620937e-07
94	3.43238744218537e-07
95	3.19535114916937e-07
96	3.51145189133676e-07
97	3.62465660318609e-07
98	3.19013094966707e-07
99	3.30331569030184e-07
100	3.31964804003572e-07
101	3.64997668762984e-07
102	3.58930173945464e-07
103	3.16900316770447e-07
104	3.50394826796045e-07
105	3.25240643114635e-07
106	3.48870011376575e-07
107	3.46191184652815e-07
108	3.31272172135304e-07
109	3.40109185673590e-07
110	3.17348880155467e-07
111	3.33511953997069e-07
112	3.49403552972973e-07
113	3.71018402421015e-07
114	3.36792923993557e-07
115	3.33752830459198e-07
116	3.50945835996752e-07
117	3.36017034186474e-07
118	3.43133162841408e-07
119	3.35553787476330e-07
120	3.48770098012115e-07
121	3.63244101307222e-07
122	3.40493211263910e-07
123	3.38442993409921e-07
124	3.44286843687725e-07
125	3.31053055136158e-07
126	3.41535639212577e-07
127	3.43055784395119e-07
128	3.50383971856541e-07
129	3.37513038067574e-07
130	3.33957947517075e-07
131	3.42279727017068e-07
132	3.35959402240497e-07
133	3.34343002591740e-07
134	3.34537402247914e-07
135	3.47324154068825e-07
136	3.44451111399978e-07
137	3.35356710746712e-07
138	3.38690971123551e-07
139	3.42599872831209e-07
140	3.41503387432652e-07
141	3.44651344676848e-07
142	3.31441403547370e-07
143	3.28678745859783e-07
144	3.29786760064644e-07
145	3.45792625794021e-07
146	3.34778257990405e-07
147	3.59353279064228e-07
148	3.52243968987235e-07
149	3.35073134595092e-07
150	3.27674235360990e-07
151	3.30810709595963e-07
152	3.37323692413572e-07
153	3.30670194818648e-07
154	3.41836182586186e-07
155	3.44293326166468e-07
156	3.42586411204451e-07
157	3.28839402374277e-07
158	3.29762089648229e-07
159	3.44046533539240e-07
160	3.53337032788994e-07
161	3.65080565876931e-07
162	3.18994649042387e-07
163	3.51054808103868e-07
164	3.46236662270040e-07
165	3.33735704153145e-07
166	3.38495206034255e-07
167	3.27909828489887e-07
168	3.49168764523862e-07
169	3.46619356568476e-07
170	3.36066158986970e-07
171	3.45993434466809e-07
172	3.41225648281132e-07
173	3.41283877546018e-07
174	3.45993602911951e-07
175	3.51527831826841e-07
176	3.47605996388533e-07
177	3.26197807423824e-07
178	3.27148900323652e-07
179	3.38857211504190e-07
180	3.33343511194110e-07
181	3.44755608463595e-07
182	3.65529259188864e-07
183	3.40745447957888e-07
184	3.55950768448392e-07
185	3.51733596934499e-07
186	3.46272374450384e-07
187	3.33133018052927e-07
188	3.42083007310517e-07
189	3.14796513869808e-07
190	3.15924732460294e-07
191	3.65150060738987e-07
192	3.46206650719979e-07
193	3.51649680966526e-07
194	3.61460666519465e-07
195	3.22812600631818e-07
196	3.23410128829551e-07
197	3.23515964728439e-07
198	3.42227000240901e-07
199	3.40749194886115e-07
200	3.36413127942059e-07
201	3.46996134708128e-07
202	3.45537553909919e-07
203	3.61418831062721e-07
204	3.51879884721211e-07
205	3.44102041229959e-07
206	3.51024963615701e-07
207	3.54254363953287e-07
208	3.82054735677294e-07
209	3.50584469437381e-07
210	3.48474708705094e-07
211	3.54354962078152e-07
212	3.39717583240469e-07
213	3.58390537660917e-07
214	3.45733608210077e-07
215	3.37959048634523e-07
216	3.39984408694243e-07
217	3.41052864646182e-07
218	3.37542351906805e-07
219	3.30869051000017e-07
220	3.08711602305883e-07
221	3.08069009633546e-07
222	3.32140552859780e-07
223	3.46128237145351e-07
224	3.62223646530917e-07
225	3.56552366071390e-07
226	3.75821051431761e-07
227	3.51098338484203e-07
228	3.29217431545622e-07
229	3.53823136263791e-07
230	3.78544349819485e-07
231	3.47620916805591e-07
232	3.31537723853255e-07
233	3.64407482063459e-07
234	3.72693697711486e-07
235	3.67840990681437e-07
236	3.64358831607946e-07
237	3.45147145400942e-07
238	3.49651883701548e-07
239	3.50043293132977e-07
240	3.42422817680879e-07
241	3.66344794184645e-07
242	3.41363025117596e-07
243	3.39635814375413e-07
244	3.44481839137337e-07
245	3.46256143183870e-07
246	3.37958990721126e-07
247	3.20446523921932e-07
248	3.52439450766084e-07
249	3.42686949186751e-07
250	3.37843701472329e-07
251	3.24814686381042e-07
252	3.07510487202738e-07
253	3.27105218273100e-07
254	3.43106745529568e-07
255	3.25551314078912e-07
256	3.53407980887030e-07
257	3.38064690286608e-07
258	3.60130725674959e-07
259	3.56996406767111e-07
260	3.60592262721140e-07
261	3.35821093345904e-07
262	3.47147191071725e-07
263	3.40928953306915e-07
264	3.61581719724712e-07
265	3.30011055238829e-07
266	3.57567774435104e-07
267	3.44953807821557e-07
268	3.51610650599490e-07
269	3.43308010606091e-07
270	3.55382310820620e-07
271	3.81917738700772e-07
272	3.60845915025703e-07
273	3.61418833450982e-07
274	3.49900089391225e-07
275	3.56004929213513e-07
276	3.58793653465766e-07
277	3.71103098894871e-07
278	3.37305775542248e-07
279	3.27013211714365e-07
280	3.48424671332241e-07
281	3.19378069056955e-07
282	3.41888856975404e-07
283	3.45342108513117e-07
284	3.31829849134406e-07
285	3.34293604041459e-07
286	3.41927901823133e-07
287	3.43514109475599e-07
288	3.29020646021426e-07
289	3.43193813583396e-07
290	3.60262252372003e-07
291	3.67831223845020e-07
292	3.40997787915847e-07
293	3.71042401122579e-07
294	3.34021745071967e-07
295	3.60043337520888e-07
296	3.53019990828153e-07
297	3.43788928860243e-07
298	3.56823338783673e-07
299	3.55054861237342e-07
300	3.48927781546808e-07
301	3.76315288955416e-07
302	3.50001649325328e-07
303	3.66316317599439e-07
304	3.69173998694380e-07
305	3.71036245064374e-07
306	3.73330048716634e-07
307	3.77461501257355e-07
308	3.60250923006218e-07
309	3.45090173008365e-07
310	3.70512210251393e-07
311	3.65971013361445e-07
312	3.81922938912141e-07
313	3.62115993192459e-07
314	3.48409829249799e-07
315	3.38701669053233e-07
316	3.57690238797499e-07
317	3.65084418048272e-07
318	3.70162599911113e-07
319	3.67679426309959e-07
320	3.54474741590126e-07
321	3.75041581924322e-07
322	4.10130149460987e-07
323	3.73945730052721e-07
324	3.72043907968939e-07
325	3.75222668511861e-07
326	3.52280754021030e-07
327	3.39609595909314e-07
328	3.45119056455251e-07
329	3.55257000495439e-07
330	3.48806667130262e-07
331	3.57574433816897e-07
332	3.39184204051656e-07
333	3.37747710142376e-07
334	3.32534840639358e-07
335	3.37693133271207e-07
336	3.68203745214972e-07
337	3.65071863470440e-07
338	3.89226856695211e-07
339	4.12684834891685e-07
340	3.48937315907742e-07
341	3.45728421011749e-07
342	3.14064457028592e-07
343	3.15110394689710e-07
344	3.51706124878874e-07
345	3.72780409068730e-07
346	3.74226221168816e-07
347	3.87666538473444e-07
348	3.71634672493646e-07
349	3.37815409634152e-07
350	3.34936675712328e-07
351	3.36542348677889e-07
352	3.65114899991881e-07
353	3.48975394020609e-07
354	3.52146282966154e-07
355	3.52561136690529e-07
356	3.43773318725074e-07
357	3.28173666205939e-07
358	3.54034910313770e-07
359	3.60870329388476e-07
360	3.56008055338739e-07
361	3.76799951415832e-07
362	3.75267000509353e-07
363	3.59857486129856e-07
364	3.78614498188198e-07
365	3.71111203017297e-07
366	3.59486341446535e-07
367	3.56485478601311e-07
368	3.53626499613440e-07
369	3.50733574370434e-07
370	3.60183286520252e-07
371	3.59822558415946e-07
372	3.80090786003514e-07
373	3.49793253265811e-07
374	3.40717508776638e-07
375	3.78680623642472e-07
376	3.60289234943699e-07
377	3.75544597723321e-07
378	3.63093533573776e-07
379	3.50687667752888e-07
380	3.39139193069873e-07
381	3.52878720923116e-07
382	3.60893359196089e-07
383	3.47745155408731e-07
384	3.67042782500171e-07
385	3.62572999944009e-07
386	3.57262577920368e-07
387	3.69301634270816e-07
388	3.70209755943829e-07
389	3.44830613115558e-07
390	3.58054295938203e-07
391	3.38367864455706e-07
392	3.56372587929901e-07
393	3.77324104899274e-07
394	3.38714774694247e-07
395	3.48908281295867e-07
396	3.61671621419001e-07
397	3.60090862499741e-07
398	3.54635188422149e-07
399	3.73730345807977e-07
400	3.53055688604016e-07
401	3.79498878737223e-07
402	3.79338696271819e-07
403	3.68285395328302e-07
404	3.53686669297191e-07
405	3.72282224654932e-07
406	3.55011220541213e-07
407	3.60191348520857e-07
408	3.35031166738765e-07
409	3.38291187646941e-07
410	3.36981415023843e-07
411	3.53396319541114e-07
412	3.63235395201375e-07
413	3.66137510873938e-07
414	3.80689694312253e-07
415	3.67903442692405e-07
416	3.98342625120848e-07
417	3.73114329195474e-07
418	3.64264894679234e-07
419	3.59940168731447e-07
420	3.56668172645912e-07
421	3.67011397933626e-07
422	3.57359029944996e-07
423	3.36498827306982e-07
424	3.54562080864632e-07
425	3.26333586769911e-07
426	3.37164250939068e-07
427	3.25223042593288e-07
428	3.38372495888396e-07
429	3.47559457987983e-07
430	3.41871126319760e-07
431	3.23429417358476e-07
432	3.23441347841976e-07
433	3.39490334881008e-07
434	3.50532595430426e-07
435	3.68559452262412e-07
436	3.69984880707189e-07
437	3.59279920937726e-07
438	3.58810098343445e-07
439	3.51716743311939e-07
440	3.43022179960653e-07
441	3.21799096690719e-07
442	3.28323093749565e-07
443	3.36105908878802e-07
444	3.46191495769581e-07
445	3.53133984862020e-07
446	3.55298458340588e-07
447	3.47006249656182e-07
448	3.79999581474548e-07
449	3.81632026015339e-07
450	3.72799692445151e-07
451	3.87704091918118e-07
452	3.79751878470829e-07
453	3.53718942146184e-07
454	3.54853914900324e-07
455	3.79336544116705e-07
456	3.59016986112099e-07
457	3.42794116363627e-07
458	3.26283464774006e-07
459	3.35318071593218e-07
460	3.37152518871878e-07
461	3.25812860703118e-07
462	3.29225805906394e-07
463	3.27222480126664e-07
464	3.24467583551436e-07
465	3.26213677775929e-07
466	3.41108230712468e-07
467	3.66256052770505e-07
468	3.74701600745258e-07
469	3.78305752181349e-07
470	3.54933698560830e-07
471	3.56185977064602e-07
472	3.44121202761499e-07
473	3.38044025156204e-07
474	3.43227026724263e-07
475	3.58855274846044e-07
476	3.43305773291563e-07
477	3.60413245834039e-07
478	3.52804232592260e-07
479	3.73876734246215e-07
480	3.77950532728668e-07
481	4.08176591400700e-07
482	3.96547596313540e-07
483	3.91513371584510e-07
484	3.73068674594977e-07
485	3.64172210210678e-07
486	3.59662205882735e-07
487	3.59319535958457e-07
488	3.82774253111435e-07
489	3.68931403046759e-07
490	3.57236610636082e-07
491	3.77152541323127e-07
492	3.81371838472091e-07
493	3.76946710755990e-07
494	3.72673617072548e-07
495	3.57731376429354e-07
496	3.59415767066360e-07
497	3.47912469764803e-07
498	3.35016245408358e-07
499	3.39685412025793e-07
