1	5.73791696070286e-07
2	8.06021763266255e-07
3	9.81682931065899e-07
4	1.12804000053480e-06
5	1.25525387373140e-06
6	1.36901210087050e-06
7	1.47172402152279e-06
8	1.56611079022801e-06
9	1.65354647576243e-06
10	1.73557481347220e-06
11	1.81273091485934e-06
12	1.88665883777791e-06
13	1.95548405769427e-06
14	2.02137382114785e-06
15	2.08202996611998e-06
16	2.14089101769072e-06
17	2.20054769606741e-06
18	2.25822578902412e-06
19	2.30803724754713e-06
20	2.35854297674371e-06
21	2.40663183587982e-06
22	2.45917409877202e-06
23	2.48885717625608e-06
24	2.54410570844531e-06
25	2.59324568851470e-06
26	2.62161144842624e-06
27	2.67285365894699e-06
28	2.71311567202529e-06
29	2.74223189817266e-06
30	2.77727232818228e-06
31	2.81877452957322e-06
32	2.83221548457097e-06
33	2.89532176316154e-06
34	2.91236252481137e-06
35	2.94774304290519e-06
36	2.97933243222130e-06
37	3.02547870683109e-06
38	3.05312743164614e-06
39	3.06570130297266e-06
40	3.09288117533434e-06
41	3.14021624720681e-06
42	3.14243946530201e-06
43	3.18998646187404e-06
44	3.24198981197520e-06
45	3.25220137636413e-06
46	3.24497228459606e-06
47	3.29636160924542e-06
48	3.30262078712388e-06
49	3.31886545150976e-06
50	3.35254165174759e-06
51	3.39133575573741e-06
52	3.41810909782821e-06
53	3.42284114572941e-06
54	3.42724520816459e-06
55	3.48753011054823e-06
56	3.50298180066866e-06
57	3.47687490745423e-06
58	3.53063205619160e-06
59	3.51454050830559e-06
60	3.55584862765717e-06
61	3.59991809586440e-06
62	3.62031784182811e-06
63	3.61941917179451e-06
64	3.61292693472812e-06
65	3.67185000061260e-06
66	3.67744163245378e-06
67	3.71421387640816e-06
68	3.71715140936491e-06
69	3.72152458074340e-06
70	3.74437701597900e-06
71	3.77927388704786e-06
72	3.80375122183044e-06
73	3.83065946415029e-06
74	3.78332438659748e-06
75	3.77520836100172e-06
76	3.86325947785611e-06
77	3.94029122510715e-06
78	3.89308929381930e-06
79	3.91047746929510e-06
80	3.89584219875846e-06
81	3.92329328843488e-06
82	3.97902747160307e-06
83	3.86920753778008e-06
84	3.93222782781221e-06
85	4.04200762008936e-06
86	3.95510102775455e-06
87	3.96968864682516e-06
88	4.02113694663153e-06
89	4.08470713192601e-06
90	4.02150040016315e-06
91	4.03050028711940e-06
92	4.03574225978150e-06
93	3.98089867927118e-06
94	3.98627748695036e-06
95	4.12196749805668e-06
96	4.05145797550528e-06
97	4.11144202811801e-06
98	4.15486164859180e-06
99	4.09495502073047e-06
100	4.14541388473396e-06
101	4.10917712961366e-06
102	4.22575163788141e-06
103	4.18340553444041e-06
104	4.18333359497856e-06
105	4.14637161655417e-06
106	4.18378537265872e-06
107	4.24457597409341e-06
108	4.24649937323510e-06
109	4.15423591540209e-06
110	4.25489453681061e-06
111	4.32763880492395e-06
112	4.27349932785873e-06
113	4.18091136823362e-06
114	4.25078524472850e-06
115	4.38764173956363e-06
116	4.34412763883622e-06
117	4.37195157457568e-06
118	4.22524382420614e-06
119	4.26789796671533e-06
120	4.31325890988363e-06
121	4.28280970612674e-06
122	4.33660818562882e-06
123	4.25817841481125e-06
124	4.33642878714160e-06
125	4.27987729307923e-06
126	4.33866731990349e-06
127	4.36686388066567e-06
128	4.39035178295640e-06
129	4.56617547596065e-06
130	4.44924225697200e-06
131	4.48382841363902e-06
132	4.35669409385201e-06
133	4.37500152266703e-06
134	4.42257018347080e-06
135	4.37997788984289e-06
136	4.43934796266395e-06
137	4.35063982418838e-06
138	4.47212471539415e-06
139	4.39918378398210e-06
140	4.43668852341152e-06
141	4.52613526062280e-06
142	4.50188989132606e-06
143	4.56704728001513e-06
144	4.51237920418609e-06
145	4.55929274886129e-06
146	4.50852922669274e-06
147	4.50907489158560e-06
148	4.54334560697741e-06
149	4.53763117018338e-06
150	4.46062045338906e-06
151	4.50968459316475e-06
152	4.62323233810106e-06
153	4.59391262598224e-06
154	4.51281172294277e-06
155	4.53575118581479e-06
156	4.58802801305440e-06
157	4.57582912532425e-06
158	4.71237342778628e-06
159	4.71665987117953e-06
160	4.44717095711540e-06
161	4.59235182379195e-06
162	4.56016954847594e-06
163	4.52958131983658e-06
164	4.70711470988492e-06
165	4.60123110204147e-06
166	4.46915260442899e-06
167	4.68707177730386e-06
168	4.62435036330408e-06
169	4.79497457094612e-06
170	4.70823389087861e-06
171	4.79158993926715e-06
172	4.54509506409759e-06
173	4.77487740425312e-06
174	4.54459203453362e-06
175	4.74234459545236e-06
176	4.62644701349477e-06
177	4.78181998769822e-06
178	4.47234762573508e-06
179	4.84793451752738e-06
180	4.60162746911860e-06
181	4.64544908947859e-06
182	4.76226079709349e-06
183	4.94130629181037e-06
184	4.75163572942166e-06
185	4.79255682706827e-06
186	4.78450707283893e-06
187	4.87395039642551e-06
188	4.63649187096249e-06
189	4.75281652607618e-06
190	4.76899755335650e-06
191	4.78891007117764e-06
192	4.63671661502152e-06
193	4.82864856531966e-06
194	4.76191706007085e-06
195	5.16012800781644e-06
196	4.76725033872206e-06
197	4.81348849333937e-06
198	4.76051645353686e-06
199	4.93563771919058e-06
200	4.67720682248664e-06
201	4.73834159964136e-06
202	4.78300212514829e-06
203	4.92525907290680e-06
204	4.80779212166936e-06
205	4.82840799564867e-06
206	4.75431071372825e-06
207	4.85782280289431e-06
208	4.79906115398115e-06
209	4.71363987952117e-06
210	4.64339468851211e-06
211	4.94395975807390e-06
212	4.80284110150852e-06
213	4.74774034079940e-06
214	5.02099459782174e-06
215	4.76282126038858e-06
216	4.87151170108548e-06
217	4.87569578939074e-06
218	4.83965355628826e-06
219	4.95885583989172e-06
220	4.84438826695645e-06
221	4.80861624151793e-06
222	4.94258624129972e-06
223	4.87314982549628e-06
224	4.80219721622329e-06
225	4.99698559964451e-06
226	4.81675644349914e-06
227	4.72017617202092e-06
228	5.04680854948076e-06
229	4.83560139227783e-06
230	4.66452709573138e-06
231	4.97023508775501e-06
232	5.08568581615073e-06
233	5.12089560813958e-06
234	4.99014751857165e-06
235	4.72012436641392e-06
236	4.83475327953757e-06
237	5.05642549939428e-06
238	4.96208199762876e-06
239	5.04259376270944e-06
240	5.08636541686820e-06
241	5.03936039004679e-06
242	5.13252337661525e-06
243	5.05371562162945e-06
244	5.11103646262216e-06
245	5.20722576072402e-06
246	5.10787023993646e-06
247	4.96919106952229e-06
248	5.09264876425269e-06
249	5.19476386338005e-06
250	4.90353997533683e-06
251	4.93292942642489e-06
252	4.93448267346978e-06
253	4.95160451781162e-06
254	5.03548666556046e-06
255	4.99674374390648e-06
256	4.77753779811858e-06
257	4.87067345427840e-06
258	5.24655473197911e-06
259	5.08335657768916e-06
260	5.08499324901908e-06
261	5.00065467851830e-06
262	5.06952485731455e-06
263	4.76188002289220e-06
264	4.79232566627103e-06
265	4.99898058320150e-06
266	5.09698632179551e-06
267	5.11494606531923e-06
268	4.87679673810630e-06
269	4.89408081735195e-06
270	4.91930423336180e-06
271	5.14587343768138e-06
272	5.19127357090324e-06
273	5.24085508477725e-06
274	5.14163478084950e-06
275	5.22047845825957e-06
276	5.20204364891616e-06
277	5.14080457338373e-06
278	5.14125563256920e-06
279	5.30779199061703e-06
280	5.42884260935102e-06
281	5.38859772657081e-06
282	5.21661179913075e-06
283	5.12317591035316e-06
284	5.08699249058516e-06
285	5.21043664366942e-06
286	5.37351788005764e-06
287	5.40581604497613e-06
288	5.19370945617881e-06
289	5.12734908871820e-06
290	5.19227771550683e-06
291	5.30040719618988e-06
292	5.21125039988956e-06
293	5.16958281907151e-06
294	5.11987060458650e-06
295	5.19354355681502e-06
296	5.17481996091120e-06
297	5.16074909062602e-06
298	5.10819537203811e-06
299	4.98178237517740e-06
300	5.06653589805488e-06
301	5.15558516620312e-06
302	5.11728071282401e-06
303	5.05272104022298e-06
304	5.05914645862681e-06
305	5.04784886406004e-06
306	5.06284388290058e-06
307	4.90917995829886e-06
308	5.08754025776346e-06
309	5.14946209353623e-06
310	5.20159810239363e-06
311	5.27557215474211e-06
312	5.15489023175460e-06
313	5.20392851113895e-06
314	5.17010621914552e-06
315	5.19236963996232e-06
316	5.27732133700688e-06
317	5.17686219080034e-06
318	5.15353323324892e-06
319	5.12508948405387e-06
320	5.05253893006439e-06
321	5.09390251116614e-06
322	4.92622668290813e-06
323	4.85719579687164e-06
324	4.83572603579594e-06
325	4.80389969923423e-06
326	4.78799008119535e-06
327	4.97681857434484e-06
328	5.23538163814630e-06
329	5.35067120900443e-06
330	5.49195764556053e-06
331	5.40853548643547e-06
332	4.98923303559991e-06
333	4.75208721224968e-06
334	4.78330338994523e-06
335	5.08134587177049e-06
336	5.31175922218308e-06
337	5.49650994776535e-06
338	5.60453277369160e-06
339	5.50648417125507e-06
340	5.52673961456239e-06
341	5.56067003512311e-06
342	5.57781873534056e-06
343	5.59264954302281e-06
344	5.40157440186023e-06
345	5.29966798340673e-06
346	5.21303023608610e-06
347	5.30584151321608e-06
348	5.22377454884044e-06
349	5.25630635531309e-06
350	5.33029890819312e-06
351	5.16572400560077e-06
352	4.97986348091304e-06
353	5.12858875191261e-06
354	5.14329060096237e-06
355	4.86388868322941e-06
356	4.77657822336035e-06
357	4.87997572939727e-06
358	4.98631827458017e-06
359	4.83726371399999e-06
360	4.88725435179754e-06
361	5.18428899345101e-06
362	5.27429063533371e-06
363	5.23485766393919e-06
364	5.31723068232544e-06
365	5.37165073796840e-06
366	5.42655512935452e-06
367	5.45019260749291e-06
368	5.28945071432080e-06
369	5.20096681527798e-06
370	5.25190277307373e-06
371	5.23341889411960e-06
372	5.11319761088209e-06
373	5.13680448695271e-06
374	5.26680582215130e-06
375	5.37106808247743e-06
376	5.28697043954853e-06
377	5.26829971041772e-06
378	5.14007797450364e-06
379	5.20292974532707e-06
380	5.33268099542557e-06
381	5.41064196769734e-06
382	5.45217229619100e-06
383	5.32593793856636e-06
384	5.32645447464879e-06
385	5.55914116845675e-06
386	5.29722875808638e-06
387	5.12841353798831e-06
388	5.03539371807529e-06
389	5.27218550004536e-06
390	5.51940837623659e-06
391	5.22231923777234e-06
392	5.02218404300192e-06
393	5.22008660396199e-06
394	5.19339075448922e-06
395	5.14490788911960e-06
396	5.06028093690087e-06
397	5.09362350399048e-06
398	5.39613880877422e-06
399	5.34845058393561e-06
400	5.24078470733155e-06
401	5.27678551365562e-06
402	5.24588966452393e-06
403	5.33659585664956e-06
404	5.25840291383096e-06
405	5.19473771081771e-06
406	5.27336221524625e-06
407	5.28945311588772e-06
408	5.42690858037684e-06
409	5.57145920220705e-06
410	5.57628480504425e-06
411	5.45665147994027e-06
412	5.49291662637349e-06
413	5.37366402908082e-06
414	5.24012720049361e-06
415	5.21295420165765e-06
416	5.04865967860160e-06
417	5.04980243245621e-06
418	5.10456707439714e-06
419	5.13408272410022e-06
420	5.05859526436175e-06
421	5.11216253756304e-06
422	5.07059363087015e-06
423	4.99549709585623e-06
424	4.87354763734587e-06
425	4.76117367852446e-06
426	4.90814121525775e-06
427	5.09941932634615e-06
428	5.33868876026713e-06
429	5.48758623173969e-06
430	5.46517317312374e-06
431	5.46812780115322e-06
432	5.46821489383125e-06
433	5.52710231260737e-06
434	5.38599170871399e-06
435	5.32055675874187e-06
436	5.33634916365109e-06
437	5.46115827136389e-06
438	5.55405147998072e-06
439	5.53765142205696e-06
440	5.51221852447347e-06
441	5.32795354724388e-06
442	5.28061600798402e-06
443	5.28368803270066e-06
444	5.30800067832295e-06
445	5.32533070273772e-06
446	5.33411125864012e-06
447	5.48844108803096e-06
448	5.59452752485475e-06
449	5.78694545577819e-06
450	5.89878619897446e-06
451	6.01544165901104e-06
452	5.75281358049107e-06
453	5.58247432210708e-06
454	5.36867332338467e-06
455	5.35310335079130e-06
456	5.18205302765761e-06
457	5.02463556449225e-06
458	5.13974941539645e-06
459	5.16502219695004e-06
460	5.31440839835617e-06
461	5.37169698856142e-06
462	5.63112952703720e-06
463	5.61457048157060e-06
464	5.40825678730927e-06
465	5.30540967153436e-06
466	5.36572179962951e-06
467	5.25357927871418e-06
468	5.07161967254766e-06
469	4.99523150602802e-06
470	5.01469402887250e-06
471	5.10203420466671e-06
472	5.16604863794978e-06
473	5.29926735188180e-06
474	5.52091430669407e-06
475	5.40636831406585e-06
476	5.27901678520356e-06
477	5.28342130328914e-06
478	5.19137789655139e-06
479	5.02481215245042e-06
480	4.97172603800826e-06
481	4.96480582250587e-06
482	5.07689547413895e-06
483	5.15536480886213e-06
484	5.20318306546788e-06
485	5.20126487702531e-06
486	5.29649130794195e-06
487	5.22771481119929e-06
488	5.14769863596680e-06
489	5.24025100583195e-06
490	5.31332873986329e-06
491	5.32542828903917e-06
492	5.34681636440526e-06
493	5.31065898780225e-06
494	5.34951121119038e-06
495	5.49197870675356e-06
496	5.62648958571948e-06
497	5.68171479134198e-06
498	5.67642071303796e-06
499	5.64010290587954e-06
