1	5.01187894954216e-08
2	6.14596478172824e-08
3	6.78769256902600e-08
4	7.25155145131385e-08
5	7.65559866281593e-08
6	7.78794544115879e-08
7	8.02236861858825e-08
8	8.07269374085225e-08
9	8.23036848140368e-08
10	8.41985147021940e-08
11	8.43566728825537e-08
12	8.65291755495768e-08
13	8.67467912780107e-08
14	8.77290910750928e-08
15	8.83588724110109e-08
16	8.84434887052152e-08
17	8.93824236160214e-08
18	8.99554587018518e-08
19	8.89331807011591e-08
20	8.68295018058971e-08
21	9.01076600933644e-08
22	8.78980605963300e-08
23	9.23653367011636e-08
24	8.72034984347392e-08
25	8.94860098420604e-08
26	8.97059909214964e-08
27	8.88187390995680e-08
28	9.05939523494593e-08
29	9.11317271979993e-08
30	9.04575617362462e-08
31	9.52325317140151e-08
32	9.14050137597573e-08
33	8.95612867923918e-08
34	9.11652886027191e-08
35	8.99677337118330e-08
36	9.26789179662784e-08
37	9.20826957071718e-08
38	9.09375033058528e-08
39	8.81963674714224e-08
40	9.13526201252125e-08
41	9.24297112454028e-08
42	8.98630561085755e-08
43	9.11936822434946e-08
44	9.01090796185147e-08
45	9.20841455751649e-08
46	9.23002490795370e-08
47	8.98485144896731e-08
48	9.22485629671948e-08
49	8.89860938118045e-08
50	9.31241687490182e-08
51	9.20987927691625e-08
52	9.29901678045194e-08
53	9.14805788731122e-08
54	9.05203641851106e-08
55	9.04861994069174e-08
56	9.36342258107068e-08
57	9.05651825482149e-08
58	9.21643715323845e-08
59	9.18025430422393e-08
60	9.52361343313153e-08
61	9.69306352105275e-08
62	9.88022316370428e-08
63	9.29223271859655e-08
64	9.60880585299617e-08
65	8.76834206162225e-08
66	9.17787633553960e-08
67	9.28764188306592e-08
68	8.97695271245358e-08
69	9.28592256357669e-08
70	9.45661967959264e-08
71	9.05667104688002e-08
72	9.48414174411374e-08
73	9.25273533848362e-08
74	9.64204197313405e-08
75	9.82113654274210e-08
76	9.28211884760296e-08
77	9.27634421961856e-08
78	9.19216013862599e-08
79	9.60512260421394e-08
80	9.20385045780453e-08
81	9.26402465785998e-08
82	9.02123680606675e-08
83	9.35116578122024e-08
84	9.04495803630043e-08
85	9.46680250647655e-08
86	9.16739065338955e-08
87	9.72443626156720e-08
88	8.99716848666577e-08
89	9.23225252321579e-08
90	9.99662602273454e-08
91	9.17087010853030e-08
92	8.87951061085478e-08
93	9.10939846658746e-08
94	9.32239298222655e-08
95	9.40991900171187e-08
96	9.42313306462345e-08
97	9.44569794811761e-08
98	9.11218665657080e-08
99	9.18029264672497e-08
100	9.04346923410536e-08
101	9.03603102871241e-08
102	9.30889109884633e-08
103	9.60227925808811e-08
104	9.17336926186457e-08
105	9.04637495546478e-08
106	9.43992413269831e-08
107	9.17311652907800e-08
108	9.65046190809435e-08
109	9.85175134647538e-08
110	8.83546915044984e-08
111	9.73328361660997e-08
112	8.74557735497624e-08
113	9.66053360822052e-08
114	9.13971339783391e-08
115	9.34694717506579e-08
116	9.64740041801249e-08
117	8.77542239457116e-08
118	9.85079490393001e-08
119	9.38692310633189e-08
120	9.42469197448524e-08
121	9.08562849166773e-08
122	9.91729056749849e-08
123	8.74940611262143e-08
124	9.81323841341981e-08
125	9.63353038870273e-08
126	9.32227057307886e-08
127	9.13817248903045e-08
128	9.78519458791533e-08
129	9.01896392966986e-08
130	9.32383694007163e-08
131	9.45824373968100e-08
132	8.99644798239144e-08
133	9.66905485008318e-08
134	9.15225019634581e-08
135	9.77405395547430e-08
136	9.45899301971171e-08
137	9.08730204982437e-08
138	9.68904142496906e-08
139	9.19824972574242e-08
140	9.84334622559255e-08
141	9.17159754146361e-08
142	9.33842832116528e-08
143	9.45562359485698e-08
144	9.52880548170838e-08
145	8.86814672242670e-08
146	9.48780697914815e-08
147	9.19738074898110e-08
148	9.62080892708742e-08
149	9.06786775034735e-08
150	9.39759016802887e-08
151	9.25992191627670e-08
152	9.36623817271693e-08
153	9.04383114570312e-08
154	9.11425333805657e-08
155	9.80871058322555e-08
156	9.42441439739397e-08
157	9.31047901880325e-08
158	8.76562349670174e-08
159	9.39579036078505e-08
160	9.16345853410385e-08
161	8.81251528574872e-08
162	9.41968938878847e-08
163	8.95260319774547e-08
164	8.72283305577237e-08
165	8.89548501385568e-08
166	9.47633123850594e-08
167	9.13999288688237e-08
168	9.46096029225743e-08
169	9.71223950328906e-08
170	9.07011192482751e-08
171	8.83864919818512e-08
172	9.68802669175436e-08
173	9.35887019160817e-08
174	8.83502858791147e-08
175	8.67245913788552e-08
176	9.22463331899621e-08
177	9.26671531299341e-08
178	9.11523842872463e-08
179	9.11198466013496e-08
180	9.13273626018797e-08
181	9.80617580739203e-08
182	9.19288751388864e-08
183	8.96410389636665e-08
184	8.80269652117719e-08
185	9.69508021565231e-08
186	9.46777006682744e-08
187	9.28970046685371e-08
188	8.97092723794091e-08
189	8.90942624999330e-08
190	8.61845240685772e-08
191	9.02371545018587e-08
192	9.87710180989155e-08
193	9.17881704069720e-08
194	9.15506766591727e-08
195	8.04175380304308e-08
196	9.52458858104560e-08
197	9.30218029108819e-08
198	8.87365988774126e-08
199	9.10228953310016e-08
200	8.68827314399706e-08
201	9.75030888239366e-08
202	9.21547614393423e-08
203	9.54610556037111e-08
204	9.03849404810212e-08
205	9.47500492554710e-08
206	9.60266672188461e-08
207	9.79158987351796e-08
208	9.28541946806280e-08
209	8.71219425738270e-08
210	9.35664719601394e-08
211	8.75850627276749e-08
212	9.57514001291045e-08
213	9.06883143998325e-08
214	9.43636593357454e-08
215	9.63794431660205e-08
216	9.19982063633197e-08
217	9.18910499915986e-08
218	8.60046201101136e-08
219	8.64506976465801e-08
220	8.68571428678562e-08
221	1.00885501115210e-07
222	9.70945572031869e-08
223	8.99656250966545e-08
224	8.39195585592303e-08
225	9.68189105251815e-08
226	9.21760691101717e-08
227	9.05864321631038e-08
228	8.91509614924266e-08
229	9.37596411059784e-08
230	9.35620236027292e-08
231	9.08795771737762e-08
232	9.54675838167118e-08
233	8.89741624525948e-08
234	8.85115390105576e-08
235	9.47025386670560e-08
236	8.98772022429335e-08
237	8.77867538901647e-08
238	9.60779721806064e-08
239	9.14170731736353e-08
240	9.16288772542990e-08
241	9.38530310769325e-08
242	8.72045656822756e-08
243	9.14563160238357e-08
244	9.73985553593802e-08
245	8.78453146191785e-08
246	8.46807408029029e-08
247	8.66964617519228e-08
248	8.87168839632671e-08
249	9.13089436778943e-08
250	9.32676674403446e-08
251	9.30106801176707e-08
252	9.21843379929870e-08
253	9.13038482397397e-08
254	9.15130092155506e-08
255	8.55344496462878e-08
256	8.70555648474552e-08
257	8.68589320716337e-08
258	9.02662458404195e-08
259	9.66596442679153e-08
260	9.08090489061744e-08
261	8.95189393928980e-08
262	8.86495941969995e-08
263	9.15099288621708e-08
264	8.87806086137629e-08
265	9.69582515200315e-08
266	9.93129831487618e-08
267	9.47507039471628e-08
268	9.14870023751153e-08
269	8.97498553355279e-08
270	9.29190832029030e-08
271	8.97942604401898e-08
272	8.86360662227949e-08
273	8.99189391481976e-08
274	9.08227739625531e-08
275	8.99700480213842e-08
276	9.78929424515977e-08
277	9.11548645152851e-08
278	9.15749698997791e-08
279	8.55237840038108e-08
280	9.34207162130177e-08
281	8.97050924482779e-08
282	8.76290274342639e-08
283	9.46118474225831e-08
284	9.34696099451523e-08
285	8.91207586201737e-08
286	8.60109191011840e-08
287	8.62674746079088e-08
288	9.84187109033358e-08
289	9.11541920263338e-08
290	8.76394922677181e-08
291	8.55894754352792e-08
292	9.14468527217618e-08
293	9.59133454536499e-08
294	8.84547472453306e-08
295	8.06555752284697e-08
296	8.36047623845659e-08
297	9.11240055302371e-08
298	8.65479764799532e-08
299	8.38949296791613e-08
300	8.44842977198577e-08
301	8.85786000806115e-08
302	9.53226603940856e-08
303	9.00212859502636e-08
304	8.73494579520539e-08
305	8.84956105978958e-08
306	8.99822080634767e-08
307	9.73783452114196e-08
308	9.20888857264951e-08
309	8.88858458299882e-08
310	9.16416558030700e-08
311	9.58887463363097e-08
312	9.58375407939288e-08
313	8.81093253448986e-08
314	9.23943356995086e-08
315	8.72263523312521e-08
316	8.69626708892495e-08
317	9.73399693909217e-08
318	9.24147186372635e-08
319	9.01529847135752e-08
320	8.48007506406909e-08
321	9.33567863357552e-08
322	9.15275617611670e-08
323	8.73226033613866e-08
324	9.09481534269765e-08
325	8.74773981659352e-08
326	8.79949283314813e-08
327	8.71749359388215e-08
328	8.83217529034163e-08
329	8.68140664808751e-08
330	8.34358451412204e-08
331	8.84077051304805e-08
332	9.46040162788592e-08
333	8.85956883981616e-08
334	8.99439755788700e-08
335	9.13087050921709e-08
336	8.56144480435742e-08
337	8.91705898139990e-08
338	9.26975704720418e-08
339	9.20771256168375e-08
340	8.50896344969517e-08
341	8.66022984840836e-08
342	8.79839170991368e-08
343	8.61282564576763e-08
344	8.72187477592981e-08
345	8.94444750273786e-08
346	8.75095381051895e-08
347	8.77509585320809e-08
348	8.65891440212174e-08
349	8.89887651748480e-08
350	8.73178228432980e-08
351	8.03151978845918e-08
352	7.91301025423644e-08
353	8.28507662009476e-08
354	9.02031275047226e-08
355	9.35215081617017e-08
356	9.02544134827396e-08
357	9.43738445036947e-08
358	9.07889844193248e-08
359	8.87561111293317e-08
360	9.06837639335548e-08
361	9.27564053191920e-08
362	9.95350861593879e-08
363	9.37708303739811e-08
364	8.75719670224964e-08
365	9.00755499601977e-08
366	8.98603990155882e-08
367	9.04317715322955e-08
368	8.86236984501438e-08
369	9.69209588761179e-08
370	9.72562436433895e-08
371	8.95419638566378e-08
372	9.35662099386852e-08
373	9.00143777830749e-08
374	9.03978903924601e-08
375	9.32980736001879e-08
376	9.86937305015044e-08
377	9.69077508284147e-08
378	9.16754417516837e-08
379	9.08263419534658e-08
380	8.89384565365971e-08
381	8.88744230694384e-08
382	8.76517725934813e-08
383	9.68915939088522e-08
384	9.93497209799994e-08
385	9.45802601254356e-08
386	9.48390030945740e-08
387	9.43968478104024e-08
388	8.78968668286750e-08
389	9.06041102830455e-08
390	8.70190127222213e-08
391	8.81567844937701e-08
392	8.86987277542974e-08
393	8.47531853541855e-08
394	8.92577025369594e-08
395	8.85560241946650e-08
396	8.50764901449061e-08
397	8.58631713413046e-08
398	9.23774918151236e-08
399	9.45996889389080e-08
400	8.82583688268083e-08
401	8.67834525221975e-08
402	8.98507586305306e-08
403	9.04461449639641e-08
404	8.77387021422959e-08
405	8.53296908241570e-08
406	8.95626166705437e-08
407	8.83144674072871e-08
408	9.51838395141328e-08
409	8.68669330193870e-08
410	9.45777893921472e-08
411	9.45478067812516e-08
412	9.16311112629895e-08
413	8.78882437856686e-08
414	8.82453358136780e-08
415	9.11883016410927e-08
416	8.75205603533853e-08
417	8.07793757369033e-08
418	8.63298690938300e-08
419	8.90340423191302e-08
420	9.30701293079507e-08
421	9.17486578977355e-08
422	9.13266579221072e-08
423	9.38762592745640e-08
424	9.27364638145043e-08
425	9.39721608186198e-08
426	8.98018573950885e-08
427	8.95821985483616e-08
428	9.32685898855599e-08
429	9.47160880499336e-08
430	9.57665287625344e-08
431	9.29327763698290e-08
432	8.96440054754667e-08
433	9.13240982924361e-08
434	9.12088479881377e-08
435	8.00127564074542e-08
436	8.55692216921889e-08
437	8.86309969021707e-08
438	9.03115504908660e-08
439	9.39501754592075e-08
440	9.21385596485565e-08
441	9.84825717405047e-08
442	1.02897623655407e-07
443	1.02361562774068e-07
444	9.80301617552790e-08
445	8.93661068604977e-08
446	9.31634411460919e-08
447	8.83378590819263e-08
448	8.69955172020535e-08
449	9.20765240777806e-08
450	9.20263778374353e-08
451	9.07743172961666e-08
452	9.34423053043125e-08
453	9.02233985034173e-08
454	8.90302534945397e-08
455	8.12378329316867e-08
456	8.81907941559484e-08
457	9.10745615207621e-08
458	9.33012894388502e-08
459	8.73941441029627e-08
460	9.21512689773986e-08
461	9.06858347866067e-08
462	9.14692879084839e-08
463	9.76562366077242e-08
464	9.41793884826425e-08
465	9.49093876695011e-08
466	8.56688221638591e-08
467	9.15797061761190e-08
468	8.75587768880459e-08
469	8.63506199053837e-08
470	8.35087091236659e-08
471	8.57973556391979e-08
472	8.49287699181090e-08
473	7.98515122306390e-08
474	8.40684639166022e-08
475	9.09693697920263e-08
476	9.56118911515441e-08
477	8.12717330118939e-08
478	8.46167917173873e-08
479	9.00169029548084e-08
480	8.99996562448232e-08
481	1.00406797636398e-07
482	9.75900865379498e-08
483	1.02354987173877e-07
484	9.82316010174820e-08
485	9.87768264188427e-08
486	9.57619441678819e-08
487	9.64031955733513e-08
488	9.32302253756752e-08
489	9.02098363293687e-08
490	8.46141269015369e-08
491	8.96586297032030e-08
492	8.78282485119787e-08
493	8.91087347605884e-08
494	9.02877913058204e-08
495	9.23249313185797e-08
496	9.16557799200847e-08
497	9.76693543685008e-08
498	9.87000778618784e-08
499	9.64973738822333e-08
