1	1.00375980163334e-03
2	1.39848599854449e-03
3	1.69286817688252e-03
4	1.93517944008108e-03
5	2.13882232709381e-03
6	2.32270251091404e-03
7	2.49300177038208e-03
8	2.62952352224933e-03
9	2.77065905730156e-03
10	2.89846339058518e-03
11	3.01625456594889e-03
12	3.09909939837453e-03
13	3.21784086655902e-03
14	3.31756257493086e-03
15	3.39885745148069e-03
16	3.49529868053820e-03
17	3.57270251788335e-03
18	3.63603450142667e-03
19	3.72997121528263e-03
20	3.79261872321586e-03
21	3.86634918027709e-03
22	3.94962519490321e-03
23	3.94923593292208e-03
24	3.93068274242258e-03
25	4.02490811618725e-03
26	4.05920550982134e-03
27	4.11755650905751e-03
28	4.16576477379441e-03
29	4.23305087578830e-03
30	4.33845337901015e-03
31	4.36233466770861e-03
32	4.41102826441930e-03
33	4.40966825710041e-03
34	4.52073703003927e-03
35	4.59146721343117e-03
36	4.55039906380009e-03
37	4.63337756909935e-03
38	4.70911273428279e-03
39	4.47724987728477e-03
40	4.69109929197703e-03
41	4.74184787467469e-03
42	4.68921552881862e-03
43	4.66171555147334e-03
44	4.80791730536130e-03
45	4.99307755339937e-03
46	4.77028023694942e-03
47	4.95242886773612e-03
48	4.78948469628314e-03
49	4.62743491400011e-03
50	4.94425429871002e-03
51	4.71605001894005e-03
52	4.95160487665233e-03
53	5.02777638875453e-03
54	4.85190998408410e-03
55	4.94035977426922e-03
56	4.81056936418365e-03
57	5.25884466904416e-03
58	4.79536778077966e-03
59	5.09652900968218e-03
60	5.36378789599578e-03
61	4.92997477897974e-03
62	4.91235566323158e-03
63	5.20606024719450e-03
64	5.13320234094023e-03
65	5.24368938666354e-03
66	5.18937874758153e-03
67	5.10485108594519e-03
68	4.52412668254130e-03
69	5.01988650587808e-03
70	5.24731116395547e-03
71	5.38354864418115e-03
72	5.20151740695167e-03
73	4.96439646743486e-03
74	5.28579047187885e-03
75	5.01195818926283e-03
76	5.40927910912576e-03
77	5.30227789230651e-03
78	4.70865393223918e-03
79	5.48919676130379e-03
80	5.24213962845362e-03
81	4.95590699499904e-03
82	5.41765153162228e-03
83	5.23891683366517e-03
84	5.50887879311161e-03
85	4.94679163846372e-03
86	5.60495818984959e-03
87	4.91381021068205e-03
88	5.74340433321048e-03
89	4.95279658039292e-03
90	5.48114241427677e-03
91	4.90839996895054e-03
92	5.43519854305709e-03
93	5.17386281507754e-03
94	5.26379903668831e-03
95	5.39053944769215e-03
96	5.39048840824231e-03
97	5.48706328704235e-03
98	4.88805918533653e-03
99	5.22836969417002e-03
