1	1.67587925756041e-04
2	2.33677791964317e-04
3	2.83042980432470e-04
4	3.23627886173431e-04
5	3.58399951313659e-04
6	3.89049526281351e-04
7	4.16241969910195e-04
8	4.41185788360758e-04
9	4.64288030934823e-04
10	4.84907743983846e-04
11	5.04019957078497e-04
12	5.22720121644180e-04
13	5.39516001209110e-04
14	5.55372583692265e-04
15	5.70485032722564e-04
16	5.83534306073022e-04
17	5.98587174179159e-04
18	6.11138047877935e-04
19	6.22482207007451e-04
20	6.33145229062284e-04
21	6.44568719629718e-04
22	6.53792154334062e-04
23	6.64816237759603e-04
24	6.74927615031649e-04
25	6.84000900971920e-04
26	6.91094743247233e-04
27	7.01270234493704e-04
28	7.09513607029389e-04
29	7.15297284664214e-04
30	7.19953934925972e-04
31	7.26345920047852e-04
32	7.38913894322400e-04
33	7.43947087659286e-04
34	7.50773081872992e-04
35	7.56064765392466e-04
36	7.63934337003151e-04
37	7.69364727966623e-04
38	7.70109206913412e-04
39	7.77793233653300e-04
40	7.77976947671027e-04
41	7.88387389546798e-04
42	7.89759263106424e-04
43	7.95817629744569e-04
44	8.01891678539899e-04
45	8.04741120237528e-04
46	8.09726128547852e-04
47	8.14588826376964e-04
48	8.18931947832831e-04
49	8.22461675339557e-04
50	8.22979201330093e-04
51	8.23559748393897e-04
52	8.31417722997502e-04
53	8.41842164794585e-04
54	8.39626043163607e-04
55	8.38352259698745e-04
56	8.49145737408250e-04
57	8.54005019614488e-04
58	8.42964243873751e-04
59	8.56151120764868e-04
60	8.54336074200748e-04
61	8.54253093895653e-04
62	8.57122897377734e-04
63	8.77258018851811e-04
64	8.68007294049519e-04
65	8.68421726817873e-04
66	8.81772982104664e-04
67	8.70530064472625e-04
68	8.66856003607877e-04
69	8.77468426306101e-04
70	8.75281945422021e-04
71	8.86739665540979e-04
72	8.78968558350386e-04
73	8.89394702158974e-04
74	8.85111584480707e-04
75	8.93884117382053e-04
76	8.95941076060559e-04
77	8.90614884081462e-04
78	8.97024992571114e-04
79	8.95430437368242e-04
80	8.99762839650031e-04
81	8.95302076688688e-04
82	9.06754719697295e-04
83	8.97600947554677e-04
84	9.00057595291066e-04
85	8.99161925554007e-04
86	8.98490567052234e-04
87	9.16844622196701e-04
88	9.06850107309359e-04
89	9.08693564999645e-04
90	9.23206367126645e-04
91	9.18585125411094e-04
92	9.10570775195198e-04
93	9.07023168190153e-04
94	9.17412535179549e-04
95	9.10948714311476e-04
96	9.19505889133624e-04
97	9.25253353081494e-04
98	9.29024816344451e-04
99	9.19719952380747e-04
100	9.29497637406275e-04
101	9.12082798547785e-04
102	9.18113253174961e-04
103	9.24747239984700e-04
104	9.08747306019467e-04
105	9.40239314273076e-04
106	9.21465826892240e-04
107	9.38112141172702e-04
108	9.29693868877987e-04
109	9.38405759320874e-04
110	9.37598256304109e-04
111	9.40954678681547e-04
112	9.37711322606229e-04
113	9.41354815044462e-04
114	9.48244707554818e-04
115	9.33036258192244e-04
116	9.32647802689551e-04
117	9.43725237618658e-04
118	9.34583909269857e-04
119	9.54759154774154e-04
120	9.50226306296658e-04
121	9.31503203641036e-04
122	9.48276143065830e-04
123	9.43614632013817e-04
124	9.53480378166822e-04
125	9.56306945413706e-04
126	9.47674848735116e-04
127	9.44474220169290e-04
128	9.46895517719885e-04
129	9.61675430986345e-04
130	9.49153499694663e-04
131	9.54849610260219e-04
132	9.46122814133971e-04
133	9.49941904757152e-04
134	9.53024731997082e-04
135	9.55650233655268e-04
136	9.45195694391353e-04
137	9.44300245486078e-04
138	9.37693209395358e-04
139	9.45403813254813e-04
140	9.51697646006191e-04
141	9.76611576675764e-04
142	9.56605148007067e-04
143	9.52752424421639e-04
144	9.48410896488793e-04
145	9.66762012685021e-04
146	9.63653103745218e-04
147	9.64359149725674e-04
148	9.82087636227630e-04
149	9.47147420421931e-04
150	9.59219644108467e-04
151	9.41885124582632e-04
152	9.67518367116925e-04
153	9.41706397298735e-04
154	9.60531653698147e-04
155	9.55417324212242e-04
156	9.56710161295171e-04
157	9.57674221039153e-04
158	9.38308359682670e-04
159	9.66718890364261e-04
160	9.65204774054675e-04
161	9.97601430785351e-04
162	9.70695066614889e-04
163	9.64732740290734e-04
164	9.70957412905309e-04
165	9.75491627085690e-04
166	9.33054766754468e-04
167	9.90538745110006e-04
168	9.61473426761881e-04
169	9.47591486621825e-04
170	9.52958362524744e-04
171	9.80377077568240e-04
172	9.78697266437223e-04
173	9.77986164712965e-04
174	9.45617102061993e-04
175	9.83887516248916e-04
176	9.61065930972193e-04
177	9.70108895295780e-04
178	9.82086947868489e-04
179	9.80334887366723e-04
180	9.84618469019167e-04
181	9.50617312175421e-04
182	9.71565563847845e-04
183	9.96347173800991e-04
184	9.84589726420670e-04
185	9.51778977101235e-04
186	9.61175230488799e-04
187	9.55870721702410e-04
188	9.62429794755730e-04
189	9.77601891270323e-04
190	9.71360089649783e-04
191	9.92971536029081e-04
192	9.60847089842300e-04
193	9.78766137793602e-04
194	9.82236397450831e-04
195	9.59375729087211e-04
196	9.74689856348687e-04
197	9.59985060647026e-04
198	9.77000908205217e-04
199	9.82389475626774e-04
200	9.54897352359542e-04
201	9.88523414574248e-04
202	9.74634387243204e-04
203	9.87837229004616e-04
204	9.45625428222612e-04
205	9.77006628977782e-04
206	9.65863407650013e-04
207	9.69420638390522e-04
208	9.75956538460670e-04
209	9.69578156949850e-04
210	9.77276886660807e-04
211	9.63272870338106e-04
212	1.00220491446916e-03
213	1.00370820324917e-03
214	9.94539915003492e-04
215	9.57999544192802e-04
216	9.72482719553281e-04
217	9.78268961887965e-04
218	9.99692261011908e-04
219	9.97112527290404e-04
220	9.69433170223103e-04
221	9.66634154387548e-04
222	9.76990836952022e-04
223	9.88695239560527e-04
224	9.84531092938739e-04
225	9.60093625363359e-04
226	9.82600822139557e-04
227	9.61269068628527e-04
228	1.00861445146616e-03
229	9.61141903555982e-04
230	9.98274469534329e-04
231	1.02043817028957e-03
232	9.88459961677809e-04
233	9.73189513704459e-04
234	9.83934055829199e-04
235	9.52493716316934e-04
236	9.69342651283445e-04
237	1.00880335060061e-03
238	9.61932716143775e-04
239	9.96951440920271e-04
240	9.72399780631933e-04
241	9.80582725729689e-04
242	9.94392035203199e-04
243	9.58320924537929e-04
244	9.94249789349939e-04
245	9.78133921978769e-04
246	9.72420551469397e-04
247	1.00235861415149e-03
248	9.62942785177034e-04
249	9.81693965895065e-04
250	9.98676885794770e-04
251	9.80134436257530e-04
252	1.01050079126610e-03
253	9.83155544390689e-04
254	1.01538184693756e-03
255	9.66918338647455e-04
256	9.86301602656564e-04
257	9.63827749307746e-04
258	9.60546795776357e-04
259	9.74713130955485e-04
260	9.59197624962167e-04
261	9.69417876870223e-04
262	9.67851670367594e-04
263	9.71370969735493e-04
264	9.77638616727785e-04
265	9.80911530962388e-04
266	9.68295202532003e-04
267	9.77717664987407e-04
268	9.93357670371816e-04
269	9.84680600396913e-04
270	9.61715178924218e-04
271	9.87801919760176e-04
272	9.53484890122029e-04
273	9.84780392872119e-04
274	1.00117131425869e-03
275	9.57292029576595e-04
276	9.65694220274286e-04
277	9.79564066636967e-04
278	9.59732387036655e-04
279	9.61745947829460e-04
280	9.70915618549313e-04
281	9.95027816972143e-04
282	9.69762059116222e-04
283	1.01998531947147e-03
284	9.89202037442784e-04
285	9.81608668853198e-04
286	9.53764393957773e-04
287	9.87249225166534e-04
288	9.81936592766441e-04
289	9.71806720458099e-04
290	9.80608161773042e-04
291	9.87865107466201e-04
292	9.88684267978938e-04
293	9.69774548996350e-04
294	9.96364182138701e-04
295	9.49382163451640e-04
296	9.64997126337239e-04
297	9.42148086222596e-04
298	1.00348189648070e-03
299	1.00680568765597e-03
300	9.61724590938012e-04
301	9.29898382000738e-04
302	9.64389935748804e-04
303	9.41043443745485e-04
304	9.63636766135656e-04
305	9.34740836310820e-04
306	9.41395135246388e-04
307	9.52902512498966e-04
308	1.00250154893107e-03
309	9.68205038826227e-04
310	9.68431243139510e-04
311	1.00980315716062e-03
312	9.94834090592483e-04
313	9.66011041039965e-04
314	9.71274975081530e-04
315	9.50572461531206e-04
316	9.62066702427064e-04
317	9.81019025279401e-04
318	9.56069256325649e-04
319	9.60694514939688e-04
320	9.77044009041933e-04
321	9.60980667053926e-04
322	1.01018644263797e-03
323	9.26738514916408e-04
324	9.92620314143242e-04
325	9.74778947851751e-04
326	9.83944214106357e-04
327	9.91265533556819e-04
328	9.82332718763218e-04
329	1.01406576287457e-03
330	9.81865574273694e-04
331	9.57193279485876e-04
332	9.61636158276211e-04
333	9.85526397898675e-04
334	1.00666921200026e-03
335	9.90285991354270e-04
336	9.51281479721517e-04
337	9.82369522342264e-04
338	9.44752404272883e-04
339	9.95796296636687e-04
340	9.63621549435616e-04
341	9.62187639619185e-04
342	9.92186038293528e-04
343	9.50708229022927e-04
344	9.67331027005654e-04
345	9.67861278291395e-04
346	9.86844207618667e-04
347	9.86455086621381e-04
348	9.42489226533876e-04
349	1.00591640132471e-03
350	9.86777950451920e-04
351	9.41415831034273e-04
352	9.94928099141997e-04
353	9.82897631253900e-04
354	1.00859382507126e-03
355	9.68327716210080e-04
356	9.68480931598824e-04
357	9.76890050865353e-04
358	1.02273594277209e-03
359	1.01216698529113e-03
360	9.94058877831491e-04
361	9.66296493595988e-04
362	9.21990428475942e-04
363	1.02165519721469e-03
364	9.85964981989449e-04
365	9.33215801167801e-04
366	9.72424158935372e-04
367	9.84132816936840e-04
368	1.01072721913062e-03
369	9.95244888799377e-04
370	9.58352851012640e-04
371	9.32648276866113e-04
372	9.90809495678235e-04
373	1.01290520618799e-03
374	9.49946606907646e-04
375	9.91340335721468e-04
376	9.72995284151730e-04
377	9.81040608936374e-04
378	9.72814067210057e-04
379	9.57936446759850e-04
380	9.76972059129309e-04
381	1.02484786764926e-03
382	9.78183643624467e-04
383	9.84611434644390e-04
384	9.73451930653634e-04
385	9.82546791104680e-04
386	9.79373602861551e-04
387	9.73503366760616e-04
388	1.00552692323004e-03
389	9.73715108912795e-04
390	9.76925660946364e-04
391	9.80017947481948e-04
392	9.94580820330507e-04
393	9.41707984730603e-04
394	9.87166685712373e-04
395	9.86192934648091e-04
396	9.55906381029652e-04
397	1.01384516228564e-03
398	9.69405039283477e-04
399	9.86820936123072e-04
400	9.56994114670667e-04
401	9.68378170971319e-04
402	9.92364962315471e-04
403	9.55283199599575e-04
404	9.91941689708574e-04
405	9.91011989704779e-04
406	1.00771630955483e-03
407	9.90900306043303e-04
408	9.87755716362250e-04
409	9.32071430094323e-04
410	9.74258108914658e-04
411	9.35377906784701e-04
412	9.89033881301435e-04
413	9.95790173424451e-04
414	9.88647126971608e-04
415	1.02763904038049e-03
416	9.51134722368693e-04
417	9.64580242380764e-04
418	9.61685287205423e-04
419	9.65975832146237e-04
420	9.97487891261287e-04
421	9.56036020669168e-04
422	9.80577172296392e-04
423	9.35233887956104e-04
424	9.44190034057441e-04
425	9.89811612332719e-04
426	9.65165387484501e-04
427	1.00936289996065e-03
428	9.30033377387891e-04
429	9.71778998470035e-04
430	9.11032284492249e-04
431	9.36546566489396e-04
432	1.00250552903758e-03
433	9.42573338920204e-04
434	1.00226237816850e-03
435	9.65798553647687e-04
436	9.71867453238515e-04
437	9.70541961942530e-04
438	9.84701914745750e-04
439	9.44760998002719e-04
440	9.94951162435710e-04
441	9.99833260509360e-04
442	9.69006942091563e-04
443	9.66883217186825e-04
444	9.53307936080039e-04
445	9.96162987391400e-04
446	9.39406726943915e-04
447	1.00068700492377e-03
448	9.93698198099799e-04
449	9.70885975882848e-04
450	9.72328808007381e-04
451	9.62526577971834e-04
452	9.61951339092956e-04
453	9.31469338760275e-04
454	9.98790431348096e-04
455	9.83444508337109e-04
456	9.85104385693203e-04
457	9.71692504030643e-04
458	9.72025220872916e-04
459	9.60712496789647e-04
460	9.94100044829006e-04
461	9.75406216198500e-04
462	9.71517816377079e-04
463	1.00203042483530e-03
464	9.64314292450405e-04
465	9.88746591124821e-04
466	9.78642582495451e-04
467	9.53069740961940e-04
468	9.78618662515026e-04
469	9.90856044858794e-04
470	9.70982845182550e-04
471	9.88539205908436e-04
472	9.92608679890477e-04
473	9.68928215327223e-04
474	1.00000902851190e-03
475	9.96445743115315e-04
476	1.01589192155798e-03
477	9.57850508046838e-04
478	9.96966354294231e-04
479	9.75928591439822e-04
480	9.95760336533211e-04
481	9.64342948511798e-04
482	9.73036300050180e-04
483	1.01006412642870e-03
484	9.56686510681404e-04
485	9.74618290383172e-04
486	9.40966693818337e-04
487	9.23718055159433e-04
488	1.00160663401563e-03
489	9.85102405440531e-04
490	9.75171175166533e-04
491	9.53846647303537e-04
492	9.86132584548235e-04
493	9.41501543815191e-04
494	9.79612404105899e-04
495	9.57782330672906e-04
496	9.95195955782264e-04
497	9.83762335142355e-04
498	9.67159408333148e-04
499	9.55028353716390e-04
