1	3.90573871964752e-07
2	5.43328601313186e-07
3	6.56542612384066e-07
4	7.49057883344773e-07
5	8.28211074515976e-07
6	8.96506799262417e-07
7	9.58397552712425e-07
8	1.01471124056199e-06
9	1.06710844659052e-06
10	1.11151239707107e-06
11	1.15646580200480e-06
12	1.19619521995485e-06
13	1.22930577378909e-06
14	1.26706218229987e-06
15	1.29296726788805e-06
16	1.33033126822568e-06
17	1.35914467329434e-06
18	1.37932621242285e-06
19	1.41199012210599e-06
20	1.43756770640152e-06
21	1.45937858835986e-06
22	1.47292570829800e-06
23	1.50071766072799e-06
24	1.52790465124334e-06
25	1.54431863701852e-06
26	1.55632866081100e-06
27	1.56696584748624e-06
28	1.58168724061334e-06
29	1.61773829342330e-06
30	1.61213215906402e-06
31	1.64481078316281e-06
32	1.65831258595407e-06
33	1.65493207007738e-06
34	1.68133271808749e-06
35	1.66107109029501e-06
36	1.67000122829339e-06
37	1.68653842089352e-06
38	1.72751981191974e-06
39	1.73405634821800e-06
40	1.74258641717474e-06
41	1.73503658339971e-06
42	1.73130858421963e-06
43	1.77463480101741e-06
44	1.76387895472117e-06
45	1.79008656272396e-06
46	1.79337483935306e-06
47	1.80025205724641e-06
48	1.81661152394857e-06
49	1.81119807547494e-06
50	1.82279116437579e-06
51	1.83990342298656e-06
52	1.84289425605320e-06
53	1.83233558476676e-06
54	1.85916804513531e-06
55	1.88301715725001e-06
56	1.87899912925351e-06
57	1.90590112084416e-06
58	1.88963050972371e-06
59	1.90896601576922e-06
60	1.87865757770535e-06
61	1.90751924055048e-06
62	1.88710019464766e-06
63	1.88825495351767e-06
64	1.94972313567182e-06
65	1.91085373425028e-06
66	1.87260710495477e-06
67	1.93386693900559e-06
68	1.93659502263168e-06
69	1.94738842178432e-06
70	1.94717826292986e-06
71	1.95957899713547e-06
72	1.92314535042691e-06
73	1.95702652474625e-06
74	1.96972466035681e-06
75	1.92671606145976e-06
76	2.02059987525247e-06
77	1.99260505605374e-06
78	1.98084148479973e-06
79	1.99174833961243e-06
80	2.01343308494064e-06
81	2.00651063510245e-06
82	2.00031758389714e-06
83	1.95946605891623e-06
84	2.03357267525160e-06
85	2.04362865739994e-06
86	2.08808049437735e-06
87	2.01545377391581e-06
88	1.97885731453612e-06
89	1.98125043468874e-06
90	2.01819510446956e-06
91	2.01211608842643e-06
92	2.09255990630219e-06
93	1.98099229172413e-06
94	2.02078065666967e-06
95	2.04658674134938e-06
96	2.01667759844488e-06
97	2.00671955943935e-06
98	2.06065901664507e-06
99	1.96166383710129e-06
100	2.03678956320689e-06
101	1.97880282866962e-06
102	2.10020890915935e-06
103	2.03491040449409e-06
104	2.05297700404946e-06
105	2.02467384265245e-06
106	2.07496255630645e-06
107	2.06455675134511e-06
108	2.01881297395307e-06
109	2.02685160407933e-06
110	2.15014259162662e-06
111	2.10024175999872e-06
112	2.06736681869558e-06
113	2.05749581767721e-06
114	2.14435922224939e-06
115	2.05345519754075e-06
116	2.01774583663204e-06
117	2.06925611266851e-06
118	2.13258834854515e-06
119	2.09006948345504e-06
120	1.96466506107677e-06
121	2.07691604209870e-06
122	2.04645456923281e-06
123	2.10590308470563e-06
124	2.12297180297765e-06
125	2.05576198493820e-06
126	2.11119726363399e-06
127	2.06210910474798e-06
128	2.09439706683688e-06
129	2.05234775508674e-06
130	2.05721422127501e-06
131	2.00812026338518e-06
132	1.96256414428326e-06
133	2.09625758291390e-06
134	2.05523530841168e-06
135	2.12767219866198e-06
136	2.02750332424669e-06
137	2.13546606086891e-06
138	2.09866115317181e-06
139	2.09481651298761e-06
140	2.06706066677782e-06
141	2.02555862157369e-06
142	2.13352337488927e-06
143	2.09710036446436e-06
144	2.09699579530301e-06
145	2.02728334114573e-06
146	2.06387351519820e-06
147	2.16534024032072e-06
148	2.08120084542032e-06
149	2.13443530873248e-06
150	1.95492232210796e-06
151	2.14632811705577e-06
152	2.17674071415411e-06
153	2.10872686859475e-06
154	2.11664474297621e-06
155	2.12029359393279e-06
156	2.06164689710074e-06
157	2.11407080299457e-06
158	2.16815141133823e-06
159	2.07046736374223e-06
160	2.05985058165481e-06
161	2.08189216984385e-06
162	2.15807436042803e-06
163	2.10065180398985e-06
164	2.16475464540042e-06
165	2.13000116376776e-06
166	2.01483008756391e-06
167	2.11011191213189e-06
168	2.24123232998983e-06
169	2.16296288141533e-06
170	2.05093530342382e-06
171	2.26585240655747e-06
172	2.15556235718199e-06
173	2.26860265400831e-06
174	2.13872197807910e-06
175	2.15192144344554e-06
176	2.23965064835511e-06
177	2.10042187836446e-06
178	2.11789902377520e-06
179	2.07532295536652e-06
180	2.11519453105223e-06
181	2.23452451740303e-06
182	2.16925833338384e-06
183	2.10596027276108e-06
184	2.00831926067229e-06
185	2.02676250579909e-06
186	2.18285705841622e-06
187	2.12691667490370e-06
188	2.13250073650380e-06
189	2.18322502149120e-06
190	2.08934790336814e-06
191	2.23299070816016e-06
192	2.17772048315734e-06
193	2.32087087566625e-06
194	2.02107716281731e-06
195	2.15257258319432e-06
196	2.22005083839989e-06
197	2.29487413734650e-06
198	2.04810403334481e-06
199	2.04883255033723e-06
200	2.09171986412361e-06
201	2.03639317386543e-06
202	1.99206281799040e-06
203	2.18902996126816e-06
204	2.12478962519758e-06
205	2.31220168137357e-06
206	2.13220379079840e-06
207	2.00502245792785e-06
208	2.00327151643554e-06
209	1.99602885155772e-06
210	2.24585798660466e-06
211	2.11798485983711e-06
212	2.17538144553417e-06
213	2.19549294885660e-06
214	2.17931561790861e-06
215	2.05990027802003e-06
216	2.01482958079199e-06
217	2.04820500806286e-06
218	2.10329105751339e-06
219	2.21120610593696e-06
220	2.15973029570974e-06
221	2.02514077343547e-06
222	2.18630660058767e-06
223	2.14532318410019e-06
224	2.14018732345446e-06
225	2.12835414017084e-06
226	1.92521621589879e-06
227	2.11180534342605e-06
228	2.24668592579792e-06
229	2.02939599454053e-06
230	2.15363982534248e-06
231	2.16534388503840e-06
232	1.92985121677185e-06
233	2.13676163979509e-06
234	2.26264739093779e-06
235	2.27147615146701e-06
236	2.20958857321383e-06
237	2.14941177662199e-06
238	2.09684977984290e-06
239	2.17346872271752e-06
240	1.98744943013168e-06
241	2.12354551374778e-06
242	2.09955721803910e-06
243	2.01746087468050e-06
244	2.00723976682324e-06
245	2.13175919215112e-06
246	2.11488278910525e-06
247	2.08181811218703e-06
248	2.17678590940932e-06
249	2.08744236655055e-06
250	1.98853985836716e-06
251	2.04632521022181e-06
252	2.15764447479553e-06
253	2.00939939270314e-06
254	1.94570468646121e-06
255	1.94422393806786e-06
256	2.05178808571313e-06
257	2.16511021227709e-06
258	2.17411375095635e-06
259	2.12233062014445e-06
260	2.14943492899861e-06
261	2.15507302484060e-06
262	2.07876610137937e-06
263	2.16114650255643e-06
264	2.07808487252821e-06
265	2.03912721061969e-06
266	2.05656825013476e-06
267	2.07876777826917e-06
268	2.06963319828735e-06
269	1.91861434187092e-06
270	2.05685770162184e-06
271	2.06970932409481e-06
272	2.18567668485261e-06
273	2.20968203518462e-06
274	2.18037909951558e-06
275	2.13992022884857e-06
276	2.17779698259485e-06
277	2.20030963431635e-06
278	2.23058823439521e-06
279	2.07302126565800e-06
280	1.99931122135794e-06
281	1.88895035349161e-06
282	2.00768087108359e-06
283	2.02329202773443e-06
284	2.09903789121474e-06
285	2.04637034947428e-06
286	2.13413384540191e-06
287	2.14767504761480e-06
288	2.06011509306114e-06
289	2.01187629730405e-06
290	2.06424267464269e-06
291	2.19152877206866e-06
292	2.14486579558047e-06
293	2.04657832936932e-06
294	1.94601056677851e-06
295	1.91939909855377e-06
296	1.91569392114130e-06
297	1.84934092836818e-06
298	1.93570635107915e-06
299	1.94499193418979e-06
300	1.97235001371967e-06
301	2.12946401765926e-06
302	2.19871089194009e-06
303	2.07571843268519e-06
304	2.19710583625469e-06
305	2.16417230227783e-06
306	2.20337721134713e-06
307	2.06800755969109e-06
308	2.10297881922563e-06
309	2.03986052693068e-06
310	2.02565086660313e-06
311	2.08207022153694e-06
312	1.88141410198154e-06
313	2.01912542680066e-06
314	2.13381908858529e-06
315	2.13169450741612e-06
316	2.16448157908727e-06
317	2.09473218900887e-06
318	2.10455489370575e-06
319	2.08447452509765e-06
320	2.05770329710525e-06
321	2.09963737565863e-06
322	1.95424570087493e-06
323	1.97685397003344e-06
324	2.01820709575832e-06
325	1.93773855122048e-06
326	1.96380607065944e-06
327	2.01646512041637e-06
328	2.01938264662905e-06
329	1.99395314410027e-06
330	1.88698720300278e-06
331	1.87846663217666e-06
332	2.01338111545799e-06
333	2.19280346369571e-06
334	2.33623830910787e-06
335	2.29935853720695e-06
336	2.32458108324016e-06
337	2.30277712034058e-06
338	2.13505826723091e-06
339	2.03930342565046e-06
340	1.98041537398151e-06
341	1.95411873782801e-06
342	2.03623908688334e-06
343	2.08174554967724e-06
344	2.10741884037878e-06
345	2.16605258138403e-06
346	2.22107609429846e-06
347	2.11315231895442e-06
348	2.08858759736185e-06
349	2.12433515929859e-06
350	2.19623128191624e-06
351	2.32180979588027e-06
352	2.39003787873922e-06
353	2.28124149348371e-06
354	2.17874285610551e-06
355	2.14439734667916e-06
356	2.09280307707669e-06
357	2.14290202308529e-06
358	2.21803918694623e-06
359	2.26571775892446e-06
360	2.14497535832126e-06
361	2.07945779346575e-06
362	2.02147338713945e-06
363	1.80121421966546e-06
364	1.81749853368371e-06
365	1.92336876208946e-06
366	1.98344532413232e-06
367	2.00838064998799e-06
368	2.09677065436564e-06
369	2.20180957372930e-06
370	2.04460018217017e-06
371	2.13602904849423e-06
372	2.19676369203621e-06
373	2.26069297050182e-06
374	2.19706971122106e-06
375	2.15334480505538e-06
376	2.19092718087643e-06
377	2.12426231894889e-06
378	2.06197239510958e-06
379	1.98243385504385e-06
380	2.08588774485496e-06
381	2.08075667240738e-06
382	2.02588433415652e-06
383	1.94957678618991e-06
384	1.97467915390981e-06
385	2.07603049517624e-06
386	2.08140545485497e-06
387	2.07415702861980e-06
388	2.06328133053305e-06
389	2.06020398976340e-06
390	2.06809638259872e-06
391	2.16776203645953e-06
392	2.16801686125961e-06
393	2.15314928153548e-06
394	2.23291754617218e-06
395	2.29701014031704e-06
396	2.20514838274575e-06
397	2.16304709805956e-06
398	2.13375843029349e-06
399	1.98948890149929e-06
400	1.90900293983762e-06
401	1.96499072512700e-06
402	1.81995999744509e-06
403	1.72093328206845e-06
404	1.88137945281607e-06
405	2.10773381344223e-06
406	2.02629944397392e-06
407	1.92225962807812e-06
408	1.89601527050691e-06
409	1.99255524917195e-06
410	2.12395689395216e-06
411	2.04863873861627e-06
412	1.99848393252911e-06
413	2.03526418669924e-06
414	2.05145713133576e-06
415	2.09281551072794e-06
416	1.92814847423093e-06
417	1.94907793843297e-06
418	2.03236782115710e-06
419	2.07165362891641e-06
420	2.21730580693212e-06
421	2.26166926438220e-06
422	2.27543500483176e-06
423	2.28498117970695e-06
424	2.33232889997196e-06
425	2.17057008437508e-06
426	2.14551816150474e-06
427	1.96646503076055e-06
428	2.00090514545348e-06
429	1.87809214662120e-06
430	1.81764679953066e-06
431	1.87424337879995e-06
432	1.88734825982456e-06
433	2.00878409898172e-06
434	1.94602945051178e-06
435	1.98861281380652e-06
436	2.05645104127483e-06
437	2.12771503214958e-06
438	2.17233841508350e-06
439	2.16080085464136e-06
440	2.15143259039968e-06
441	2.03628728736969e-06
442	1.95336875861497e-06
443	2.08592519920981e-06
444	2.06817821167286e-06
445	2.04974109884560e-06
446	2.13834930898671e-06
447	2.14892592111003e-06
448	2.23472674843470e-06
449	2.23387276778644e-06
450	2.17968090984136e-06
451	2.13416855545569e-06
452	2.14285250102635e-06
453	2.19778228111437e-06
454	2.17247989597490e-06
455	2.24649082711928e-06
456	2.13835340021900e-06
457	2.01796581237302e-06
458	1.95159663394120e-06
459	1.90929457279363e-06
460	1.92663605506422e-06
461	2.08726205546601e-06
462	2.01589772890084e-06
463	1.99303365851384e-06
464	1.88395143614581e-06
465	1.83381451485653e-06
466	1.99861688743084e-06
467	2.05020063492175e-06
468	2.05209656457855e-06
469	2.07501679818409e-06
470	2.08901264319360e-06
471	2.10117551808382e-06
472	2.10008330061147e-06
473	2.12816966762806e-06
474	2.12938346278888e-06
475	2.17086176265461e-06
476	2.15603756992283e-06
477	2.24139265120517e-06
478	2.38299648357277e-06
479	2.39367958937147e-06
480	2.26157430024314e-06
481	2.18794649031275e-06
482	2.14723046483444e-06
483	2.06248529145452e-06
484	2.04740068210169e-06
485	2.00759443018574e-06
486	2.04187220240168e-06
487	2.00863267174640e-06
488	2.02320575750071e-06
489	1.98157202280868e-06
490	1.94893524792281e-06
491	1.94634884665536e-06
492	1.96126383062065e-06
493	1.88247747971801e-06
494	1.85537264204457e-06
495	1.88874979479978e-06
496	1.87103524472306e-06
497	1.90156015540756e-06
498	1.88719686302053e-06
499	1.82717366871276e-06
