1	6.95782884287487e-07
2	9.80103552953339e-07
3	1.19655903016767e-06
4	1.37771557037532e-06
5	1.53631260602097e-06
6	1.67800040585085e-06
7	1.80799396703200e-06
8	1.92726775397468e-06
9	2.03951166744467e-06
10	2.14374873276611e-06
11	2.24492139306275e-06
12	2.33913579433633e-06
13	2.42874248131901e-06
14	2.51340576474182e-06
15	2.59294456932734e-06
16	2.67258426647910e-06
17	2.74840268953541e-06
18	2.82328160748359e-06
19	2.89080704198935e-06
20	2.95655792739548e-06
21	3.03029408402642e-06
22	3.08983710908245e-06
23	3.15349201995235e-06
24	3.21815837843617e-06
25	3.27266732137867e-06
26	3.33432620331813e-06
27	3.38660674179234e-06
28	3.44505400661552e-06
29	3.49441989321223e-06
30	3.54113713052764e-06
31	3.59223421902547e-06
32	3.64469659266803e-06
33	3.68871492009106e-06
34	3.72937474324450e-06
35	3.79081084615197e-06
36	3.83654507675362e-06
37	3.87724996245538e-06
38	3.92102645246109e-06
39	3.95764873912746e-06
40	4.00295284034454e-06
41	4.04847889783862e-06
42	4.08919486615696e-06
43	4.10066289441961e-06
44	4.17458635789014e-06
45	4.21132408367371e-06
46	4.23309370902965e-06
47	4.27345902949861e-06
48	4.31412529786728e-06
49	4.35831848958470e-06
50	4.37601959518855e-06
51	4.40878399099592e-06
52	4.43653647360235e-06
53	4.45802671531433e-06
54	4.49509353108393e-06
55	4.55289022011617e-06
56	4.54738247253311e-06
57	4.60957339879144e-06
58	4.63076338851926e-06
59	4.69651804198145e-06
60	4.67749167945722e-06
61	4.72446311884645e-06
62	4.71926504818714e-06
63	4.76929674312035e-06
64	4.81597461484333e-06
65	4.79267686710064e-06
66	4.83199745808436e-06
67	4.93610612035032e-06
68	4.90359219357390e-06
69	4.91290626787489e-06
70	4.87036292350279e-06
71	4.97595191902216e-06
72	5.00637830795403e-06
73	4.98351193250490e-06
74	5.01363188674691e-06
75	5.05232840081745e-06
76	5.13236770641173e-06
77	5.10834137879568e-06
78	5.13434675667418e-06
79	5.15669596157991e-06
80	5.14285633679472e-06
81	5.17210744918792e-06
82	5.15590451720197e-06
83	5.19727649628529e-06
84	5.30044656436908e-06
85	5.28504138866374e-06
86	5.24678980499454e-06
87	5.35384472925481e-06
88	5.30888281422262e-06
89	5.32804576922471e-06
90	5.27507978388560e-06
91	5.40608288481913e-06
92	5.39995164985672e-06
93	5.43903548415261e-06
94	5.45690073650758e-06
95	5.48055846543696e-06
96	5.52796386375770e-06
97	5.48689093086997e-06
98	5.54129976818480e-06
99	5.41230836455189e-06
100	5.56113811313031e-06
101	5.38961216012463e-06
102	5.62610701775766e-06
103	5.66771897459036e-06
104	5.67771740352445e-06
105	5.69865687946702e-06
106	5.58554255286953e-06
107	5.68411761988115e-06
108	5.54336528646384e-06
109	5.66306437131095e-06
110	5.64860765770862e-06
111	5.72170891122509e-06
112	5.65479999318303e-06
113	5.70041760663985e-06
114	5.73314883802058e-06
115	5.67057693174783e-06
116	5.70854852865849e-06
117	5.84953246859843e-06
118	5.80189233504248e-06
119	5.94647754892256e-06
120	5.79394534313553e-06
121	5.94233645851124e-06
122	5.79823335293298e-06
123	5.91456126668881e-06
124	5.76224336522633e-06
125	5.67186112578457e-06
126	5.88007503944601e-06
127	5.83454389049278e-06
128	5.99125413711660e-06
129	5.96913763081480e-06
130	5.85088157864929e-06
131	5.92256735664828e-06
132	5.90053146209549e-06
133	5.95354246201101e-06
134	5.97984698051533e-06
135	5.87693942028266e-06
136	5.91352130411168e-06
137	6.05394292711505e-06
138	6.11861541803122e-06
139	6.04897847874892e-06
140	5.97958207509024e-06
141	6.08404681576704e-06
142	6.09445888682594e-06
143	6.03236402580517e-06
144	6.03779665712041e-06
145	5.95052616051026e-06
146	6.25580143340909e-06
147	6.13277823778432e-06
148	5.98598674198551e-06
149	5.90760911557235e-06
150	6.18169446889727e-06
151	6.00781483069242e-06
152	6.21641498734988e-06
153	6.04475780349247e-06
154	6.12733884862017e-06
155	6.16476206311372e-06
156	6.10165719021176e-06
157	6.40968224489571e-06
158	6.24184248718155e-06
159	5.89245213352207e-06
160	6.28427247956134e-06
161	6.28161337220119e-06
162	6.12727793391343e-06
163	6.08078894349207e-06
164	6.18248451747746e-06
165	6.22819885563128e-06
166	6.21255679600325e-06
167	6.25673768141506e-06
168	6.18397848815202e-06
169	6.44932475687688e-06
170	6.09887609653432e-06
171	6.19769928804400e-06
172	6.25802020627384e-06
173	6.38479946701986e-06
174	6.30159387592807e-06
175	6.13489673377135e-06
176	5.95879828997416e-06
177	6.44237869264770e-06
178	6.14395004266025e-06
179	6.51380314174490e-06
180	6.49605340067810e-06
181	6.34216013851586e-06
182	6.24972800793665e-06
183	6.24914258869874e-06
184	6.51313815995343e-06
185	6.54506246966447e-06
186	6.30608508515426e-06
187	6.27629333580704e-06
188	6.12718124386745e-06
189	6.22655878522173e-06
190	6.45914555851533e-06
191	6.42204312484535e-06
192	6.39460093513676e-06
193	6.46999905967745e-06
194	6.29903730939474e-06
195	6.34043617992132e-06
196	6.54248703576515e-06
197	6.44023886806485e-06
198	6.35462613983755e-06
199	6.46465653742437e-06
200	6.32454416431293e-06
201	6.67474019015698e-06
202	6.38075019291128e-06
203	6.48309408754420e-06
204	6.60745520552743e-06
205	6.00415555412654e-06
206	6.37903115805010e-06
207	6.58272801055581e-06
208	6.39290507068886e-06
209	6.65194997229777e-06
210	6.54531365879350e-06
211	6.71908432986481e-06
212	6.35632999639715e-06
213	6.25754005239449e-06
214	6.36698189357350e-06
215	6.46008829339627e-06
216	6.78691203357618e-06
217	6.51730133276143e-06
218	6.38371332868161e-06
219	6.69888457736729e-06
220	6.47581236255268e-06
221	6.17893016544252e-06
222	6.59833716061861e-06
223	6.73405835268227e-06
224	6.27121817233701e-06
225	6.27042706523240e-06
226	6.64726756124770e-06
227	6.87857354397523e-06
228	6.83721712161694e-06
229	6.69042841545831e-06
230	6.82537887978968e-06
231	6.56812397514085e-06
232	6.23637100616463e-06
233	6.45466155608496e-06
234	6.38822468586179e-06
235	6.28645097909502e-06
236	6.56237952357332e-06
237	6.68348784319262e-06
238	6.55304426804227e-06
239	6.65361725995935e-06
240	7.00421768028058e-06
241	6.85037584777176e-06
242	6.62629342433582e-06
243	6.52303703732748e-06
244	6.78265285348734e-06
245	6.58167250106366e-06
246	6.56257521708759e-06
247	6.58715778024758e-06
248	6.64119420556962e-06
249	6.52560160174195e-06
250	6.49767425958382e-06
251	6.55037711268338e-06
252	6.61995133364370e-06
253	6.53918708814729e-06
254	6.39966227083492e-06
255	6.44559149730779e-06
256	6.44465569203366e-06
257	6.76814721606166e-06
258	6.78260064075297e-06
259	6.45575675902970e-06
260	6.05847988362866e-06
261	6.37407004179067e-06
262	6.74306914510172e-06
263	6.88925057255464e-06
264	6.75273557453356e-06
265	6.65856494140638e-06
266	6.75718331798486e-06
267	6.74730426385037e-06
268	6.90620017012961e-06
269	7.05587284518059e-06
270	6.94516008157359e-06
271	6.97054532887449e-06
272	6.65586199026229e-06
273	6.58939749036636e-06
274	6.55390738153850e-06
275	6.55192227124441e-06
276	6.69201717194475e-06
277	6.63345968875444e-06
278	6.74226621290515e-06
279	6.79470512615642e-06
280	6.81984105571453e-06
281	7.01399587425391e-06
282	6.76630397688657e-06
283	6.35076655703978e-06
284	6.37864862634457e-06
285	6.77326955794868e-06
286	7.00096299794015e-06
287	6.84847167577949e-06
288	6.56488975191262e-06
289	6.62805823913231e-06
290	6.70089776949580e-06
291	6.89957267671430e-06
292	7.09151324755133e-06
293	7.07946929031330e-06
294	6.99818847365957e-06
295	6.99023197558215e-06
296	6.94681248442915e-06
297	6.86284356609924e-06
298	6.63434712116767e-06
299	6.90629830908847e-06
300	7.13700543735074e-06
301	6.98098359590454e-06
302	6.85952632277508e-06
303	6.55962600897340e-06
304	6.60551404502742e-06
305	6.30301816239504e-06
306	6.20090643314791e-06
307	6.41296441444233e-06
308	6.68723086827998e-06
309	6.76459462068487e-06
310	6.69365688261785e-06
311	6.81803608409746e-06
312	6.95628638015148e-06
313	7.05446710927572e-06
314	6.95376669088232e-06
315	6.67855018622866e-06
316	6.54226714879753e-06
317	6.76273729840668e-06
318	6.85869678139418e-06
319	6.97007935819175e-06
320	6.61266075086703e-06
321	6.16365964901951e-06
322	6.11068706008554e-06
323	6.47059997576208e-06
324	6.56917298866562e-06
325	6.79410109103728e-06
326	6.82412994329412e-06
327	6.76432160723278e-06
328	6.95537555710050e-06
329	7.04752764289195e-06
330	7.15136310418363e-06
331	6.99213034109869e-06
332	6.72211954450320e-06
333	6.68515072818186e-06
334	6.47616970606916e-06
335	6.36069979618420e-06
336	6.52216064219681e-06
337	6.75111255192001e-06
338	6.94357682614497e-06
339	7.18706282332210e-06
340	6.87694368013123e-06
341	6.45936709503572e-06
342	6.48988771996903e-06
343	6.43605365532617e-06
344	6.44083057591107e-06
345	6.82403782832297e-06
346	7.10460693815589e-06
347	7.47009347044958e-06
348	7.54752742728864e-06
349	7.46632384053214e-06
350	6.96790190481251e-06
351	6.59694272763147e-06
352	6.38194069276009e-06
353	6.45072481197549e-06
354	6.58190955631936e-06
355	6.72973097695394e-06
356	6.76318799192878e-06
357	6.98523062669631e-06
358	7.23781904219308e-06
359	7.44234135088541e-06
360	7.58450119423326e-06
361	7.73312449843015e-06
362	7.63977275410894e-06
363	7.46337637241789e-06
364	7.34994668772520e-06
365	7.11785721273866e-06
366	6.98516680771152e-06
367	6.86380721321773e-06
368	6.83564829433729e-06
369	6.96317830616800e-06
370	6.90611289076154e-06
371	6.91008176207317e-06
372	6.99168377536961e-06
373	6.86451576045683e-06
374	6.71889330918228e-06
375	6.40813783147297e-06
376	6.24374240911256e-06
377	6.12069799347124e-06
378	6.35361975177561e-06
379	6.50272036044729e-06
380	6.83027021124267e-06
381	6.99297680432659e-06
382	7.00548240202723e-06
383	7.03347496129315e-06
384	6.95697875231639e-06
385	6.92365410423723e-06
386	6.87514339958447e-06
387	6.97866353263262e-06
388	7.13912064311650e-06
389	7.14320511835204e-06
390	7.03940025123780e-06
391	7.08253042046794e-06
392	7.05083044398634e-06
393	7.11801455936108e-06
394	6.92606776797502e-06
395	6.83023415970031e-06
396	6.84885984527487e-06
397	6.87971090876441e-06
398	6.84810091176081e-06
399	6.93506139608516e-06
400	7.13662266519630e-06
401	7.34995768761300e-06
402	7.35780767267180e-06
403	7.21213054535386e-06
404	7.19691355123177e-06
405	7.08867428051440e-06
406	7.01558795831870e-06
407	7.09186282840288e-06
408	6.97462445075418e-06
409	6.75565760688110e-06
410	6.58354790302976e-06
411	6.55869624883951e-06
412	6.63185808203243e-06
413	6.77955088072327e-06
414	6.82510513843729e-06
415	6.64836972748998e-06
416	6.80294364291220e-06
417	7.03288580992857e-06
418	6.97967690037130e-06
419	6.74852166251585e-06
420	6.73215329485783e-06
421	6.89338475560788e-06
422	7.13960857641258e-06
423	7.01394638792575e-06
424	6.84950342126330e-06
425	6.97669743469866e-06
426	7.08984358325253e-06
427	7.13534238981969e-06
428	7.24533280077449e-06
429	7.22273601236205e-06
430	7.01481509636027e-06
431	6.87109375137924e-06
432	6.57994600259965e-06
433	6.49097798586643e-06
434	6.45951453394591e-06
435	6.41273975106353e-06
436	6.50374707667436e-06
437	6.72049031617160e-06
438	6.89919155726889e-06
439	6.87300008941046e-06
440	6.75740879628737e-06
441	6.70369321119827e-06
442	6.42980793402720e-06
443	6.44421035486936e-06
444	6.60077140234258e-06
445	6.91057426862474e-06
446	7.06595430044722e-06
447	6.90937259357388e-06
448	6.75814913765927e-06
449	6.92784372383951e-06
450	6.90491951452766e-06
451	6.99559013683266e-06
452	7.06921855500819e-06
453	7.20676433580496e-06
454	7.16224523529748e-06
455	7.24456056787947e-06
456	7.35886911119206e-06
457	7.39066199025888e-06
458	7.34139920638825e-06
459	7.41790624713942e-06
460	7.55302838524234e-06
461	7.57014823958586e-06
462	7.44060064371264e-06
463	7.18513395318718e-06
464	7.04094563190768e-06
465	6.93861560382189e-06
466	6.89558459546201e-06
467	6.78925882359698e-06
468	6.59118874605881e-06
469	6.39629349671918e-06
470	6.38852218102789e-06
471	6.45731913095798e-06
472	6.47073648734077e-06
473	6.52406105686771e-06
474	6.55207711962047e-06
475	6.47827227654895e-06
476	6.40091431419460e-06
477	6.34933009017993e-06
478	6.65889073588529e-06
479	7.02033824698720e-06
480	7.15989825697899e-06
481	6.96596966954852e-06
482	6.81160039665180e-06
483	6.66648478562729e-06
484	6.57206117794323e-06
485	6.50198176642614e-06
486	6.53010149366251e-06
487	6.73401503752177e-06
488	6.92076748953667e-06
489	7.08209542255873e-06
490	7.11980344368684e-06
491	7.26388967184915e-06
492	7.33087567947989e-06
493	7.32615377493651e-06
494	7.31399644253559e-06
495	7.36728421356925e-06
496	7.29843101641571e-06
497	7.11507352479630e-06
498	6.82547274305149e-06
499	6.69885301823300e-06
