1	1.79480136904952e-07
2	2.30567581784931e-07
3	2.63014851403037e-07
4	2.85428291509962e-07
5	3.03536682865887e-07
6	3.14689541315131e-07
7	3.22388268823357e-07
8	3.28470844520731e-07
9	3.40754040033484e-07
10	3.43519002960889e-07
11	3.44480646233242e-07
12	3.42546829047036e-07
13	3.46412550556660e-07
14	3.57840608697327e-07
15	3.61187586500005e-07
16	3.63026209659961e-07
17	3.65415913357811e-07
18	3.67402416317996e-07
19	3.66334357735578e-07
20	3.70105779186287e-07
21	3.69789570454642e-07
22	3.67653236987917e-07
23	3.77356199534273e-07
24	3.68384126114708e-07
25	3.72610687791395e-07
26	3.72430993656039e-07
27	3.75371809165740e-07
28	3.74366414764506e-07
29	3.71427789272899e-07
30	3.75811146483703e-07
31	3.61583014715209e-07
32	3.70449682314612e-07
33	3.80589535770250e-07
34	3.82704653179717e-07
35	3.75729495840795e-07
36	3.86243823108014e-07
37	3.77466815310009e-07
38	3.79792178329923e-07
39	3.75109215167869e-07
40	3.76728740686906e-07
41	3.83025073254437e-07
42	3.80463907238035e-07
43	3.86728458710985e-07
44	3.81418684572538e-07
45	3.82723813172400e-07
46	3.93640883380144e-07
47	3.77938239163638e-07
48	3.81842577452589e-07
49	3.90939903385973e-07
50	3.82943592827803e-07
51	3.71509348440509e-07
52	3.83072330378267e-07
53	3.89302558721289e-07
54	3.82039018627754e-07
55	3.91047774968502e-07
56	3.87116516595008e-07
57	3.75929202300558e-07
58	3.83287770005779e-07
59	3.92814889247477e-07
60	3.88923517784802e-07
61	3.83491945331216e-07
62	3.80384789546228e-07
63	3.86314532713295e-07
64	3.91086816478686e-07
65	3.80711632045637e-07
66	3.80789413286758e-07
67	3.88023903495372e-07
68	3.88475316150473e-07
69	3.98511090598960e-07
70	3.78460405286689e-07
71	3.77847158753422e-07
72	3.91700126927441e-07
73	3.75201168274638e-07
74	3.72826104789672e-07
75	3.78006860458927e-07
76	3.63306605671518e-07
77	3.78516133833619e-07
78	3.85678437203705e-07
79	3.81743065547619e-07
80	3.65903599066506e-07
81	3.84318279961118e-07
82	3.99504999911606e-07
83	3.87035092369069e-07
84	3.75700039109537e-07
85	3.65497347776792e-07
86	3.74324433373930e-07
87	3.91458554913387e-07
88	3.86811158132283e-07
89	3.85757249518952e-07
90	3.77620180442655e-07
91	3.84926247596163e-07
92	3.36267777907820e-07
93	3.83897635018984e-07
94	3.75454355394984e-07
95	3.76366296399267e-07
96	3.74876817364416e-07
97	3.81568533562977e-07
98	3.66248354958182e-07
99	3.48846575817211e-07
100	3.69284233919370e-07
101	3.57371657793043e-07
102	3.70105937873650e-07
103	3.57015483189518e-07
104	3.70176958980357e-07
105	3.77940882261233e-07
106	3.63676284504922e-07
107	3.64523110379671e-07
108	3.73164823778518e-07
109	3.71161757777557e-07
110	3.85399244946076e-07
111	3.82932477874604e-07
112	3.75278642820586e-07
113	3.68009235678166e-07
114	3.77099897783456e-07
115	3.69074895305733e-07
116	3.73564393804364e-07
117	3.70511709007061e-07
118	3.86385218862125e-07
119	3.52983727725659e-07
120	3.72705148593730e-07
121	3.69036155689197e-07
122	3.79861198778584e-07
123	3.78591115723973e-07
124	3.76699568855804e-07
125	3.84046715638100e-07
126	3.86956963412604e-07
127	3.92332872906266e-07
128	3.73871211897411e-07
129	3.75942067265434e-07
130	3.80845581159040e-07
131	3.79528159913181e-07
132	3.71645640588581e-07
133	3.77096552837248e-07
134	3.77931636498923e-07
135	3.74300835403552e-07
136	3.70728640499682e-07
137	3.58317916385613e-07
138	3.83868203243434e-07
139	3.42350438120631e-07
140	3.59337993798267e-07
141	3.63888046280411e-07
142	3.59954493559129e-07
143	3.73939120222660e-07
144	3.97300461782639e-07
145	3.69443742857108e-07
146	3.56049906324905e-07
147	3.68488251941730e-07
148	3.66467982231446e-07
149	3.61740244934679e-07
150	3.97228608253919e-07
151	3.87626526889091e-07
152	3.62566224676241e-07
153	3.54123335220443e-07
154	3.71201744481626e-07
155	3.86670311335231e-07
156	3.44974995733722e-07
157	3.57124327341558e-07
158	3.71508380717418e-07
159	3.58418380962515e-07
160	3.50942772401755e-07
161	3.84367867174319e-07
162	3.68403239983965e-07
163	3.36373518308921e-07
164	3.49862067561833e-07
165	3.63373506048210e-07
166	3.71807417432388e-07
167	3.83383287198513e-07
168	3.91285553236229e-07
169	3.60122268870410e-07
170	3.78168507244396e-07
171	3.58937136639351e-07
172	3.85695927576185e-07
173	3.59728486566634e-07
174	3.83889500044623e-07
175	3.69764364680514e-07
176	3.82697038886764e-07
177	4.03113756687113e-07
178	3.57103358442582e-07
179	3.51621829606326e-07
180	3.80090596452526e-07
181	3.43253565435556e-07
182	3.82872197173314e-07
183	3.60198045906300e-07
184	3.49071902270587e-07
185	3.72256243999678e-07
186	3.98343966347849e-07
187	3.91641849949091e-07
188	3.87844338221775e-07
189	3.72600118291053e-07
190	3.77133125298896e-07
191	3.57359809922501e-07
192	3.85204579338798e-07
193	3.58762232261727e-07
194	3.69695537234609e-07
195	3.46666324608701e-07
196	3.61536198111205e-07
197	3.53699577314494e-07
198	3.48140304478618e-07
199	3.50204232326424e-07
200	3.71932407202689e-07
201	3.71746177337754e-07
202	3.54973514700090e-07
203	3.70890306656668e-07
204	3.55567104770483e-07
205	3.70274466635178e-07
206	3.54461392582955e-07
207	3.53424444713256e-07
208	3.60252544923812e-07
209	3.64646681166631e-07
210	3.59455719131307e-07
211	3.69141408132060e-07
212	3.49794723818913e-07
213	3.76985210404880e-07
214	3.66620251420723e-07
215	3.70531452927554e-07
216	3.81708983347560e-07
217	4.03298287534324e-07
218	4.01038930310391e-07
219	3.51671277724168e-07
220	4.01760687529425e-07
221	3.65640478701815e-07
222	3.63608795048203e-07
223	4.07395678462025e-07
224	4.01922379519060e-07
225	3.75412557913145e-07
226	3.72835090371897e-07
227	3.76394724915400e-07
228	3.58390204675661e-07
229	3.67359475168853e-07
230	3.80979679011858e-07
231	3.90660456920661e-07
232	3.71050904253906e-07
233	3.74146049969989e-07
234	3.78826897184831e-07
235	3.80706133387169e-07
236	3.82567831515612e-07
237	3.68157012259224e-07
238	3.48400798139549e-07
239	3.69173021445851e-07
240	3.49093188370882e-07
241	3.51583858029120e-07
242	3.67600479221671e-07
243	3.68865694708970e-07
244	3.66555030988710e-07
245	3.70974634511843e-07
246	3.70348557359931e-07
247	3.67603114279971e-07
248	3.65824143048264e-07
249	3.44669236394148e-07
250	3.70060294936872e-07
251	3.58112275991158e-07
252	3.78333285360450e-07
253	3.90286816425009e-07
254	3.80994064131714e-07
255	3.61996101287774e-07
256	3.44448763022145e-07
257	3.64968084915853e-07
258	3.50950722604415e-07
259	3.35316875654443e-07
260	3.72976386542292e-07
261	3.81763494732010e-07
262	3.69693919732691e-07
263	3.47732265924570e-07
264	3.74347156673495e-07
265	3.78662558386342e-07
266	3.78007189516391e-07
267	3.47193816538607e-07
268	3.81784628039949e-07
269	3.74564452355165e-07
270	3.78576167693373e-07
271	3.89990407716774e-07
272	3.69290179236121e-07
273	3.67009818762534e-07
274	3.59243465682332e-07
275	3.46949332825936e-07
276	3.69561825592762e-07
277	3.45441042400034e-07
278	3.43624894148423e-07
279	3.75870656890915e-07
280	3.82696121553803e-07
281	3.92162759168171e-07
282	3.86495813213909e-07
283	3.48211828556589e-07
284	3.55911574488132e-07
285	3.81382793521907e-07
286	3.74400676247821e-07
287	3.73867965545139e-07
288	3.77406375670615e-07
289	3.81454660982394e-07
290	4.11954369263238e-07
291	4.08645083632141e-07
292	3.88526869431529e-07
293	3.71371332272874e-07
294	3.66479754735764e-07
295	4.00037135004113e-07
296	3.71846790722319e-07
297	3.52131571687996e-07
298	3.65132108282183e-07
299	3.86483642564504e-07
300	3.96334878319772e-07
301	3.76773842238265e-07
302	3.72830819110173e-07
303	3.76451643401233e-07
304	3.98471788180227e-07
305	4.15495752001731e-07
306	3.93772898059627e-07
307	3.66433440019129e-07
308	3.49938371808827e-07
309	3.71847740300608e-07
310	4.05715763130595e-07
311	3.55433093758312e-07
312	3.57365967783179e-07
313	3.51105293661276e-07
314	3.66537328943569e-07
315	4.08037861091613e-07
316	4.00838961235432e-07
317	3.82808814664758e-07
318	3.65845773415871e-07
319	3.74509611171913e-07
320	3.69100119179824e-07
321	3.76206679958653e-07
322	3.67349996198339e-07
323	3.59192251448628e-07
324	3.43322189137351e-07
325	3.62508598635122e-07
326	3.40656281032707e-07
327	3.93289312705568e-07
328	3.91925638981709e-07
329	3.54343122053617e-07
330	3.70317986429888e-07
331	3.61304693299146e-07
332	3.52322215755082e-07
333	3.78207829597694e-07
334	4.01714471833898e-07
335	3.60698593158327e-07
336	3.67702580621339e-07
337	3.38527309097076e-07
338	3.33621637840256e-07
339	3.66872283967575e-07
340	3.70479411467588e-07
341	3.75254963615749e-07
342	3.47786372885518e-07
343	3.74796854147312e-07
344	3.77341004551857e-07
345	4.09950631548304e-07
346	3.87119832552411e-07
347	3.99577549963971e-07
348	3.71162570240517e-07
349	3.53986608656329e-07
350	3.49849668768064e-07
351	3.52760542823571e-07
352	3.80982489464842e-07
353	4.00581250643443e-07
354	3.87190189238746e-07
355	3.50845112675702e-07
356	3.50020841756394e-07
357	3.34608958359854e-07
358	3.46444210134098e-07
359	3.64313831203161e-07
360	3.86867192357341e-07
361	3.90551062730626e-07
362	3.31490341735588e-07
363	3.66930462841356e-07
364	3.95540767505388e-07
365	3.88794076858765e-07
366	3.81781735391310e-07
367	3.69325188719712e-07
368	3.50224339939791e-07
369	3.51128770600039e-07
370	3.52744917772001e-07
371	3.80099018796689e-07
372	3.84077376635235e-07
373	3.56015074438241e-07
374	3.77931695420063e-07
375	3.76929692262017e-07
376	3.66915535991075e-07
377	3.53954876554428e-07
378	3.64358351739511e-07
379	3.40219864508849e-07
380	3.45056537177230e-07
381	3.60748885578137e-07
382	3.64305161790078e-07
383	3.75768598618772e-07
384	3.94991261752562e-07
385	4.11172296657204e-07
386	3.70188170702819e-07
387	3.80848630537994e-07
388	3.70529390348490e-07
389	3.58608400982924e-07
390	3.45698350353798e-07
391	3.55650777774831e-07
392	3.48214746131126e-07
393	3.75953571973148e-07
394	3.66824332925997e-07
395	3.53478631769615e-07
396	3.72749196817867e-07
397	3.64335942735433e-07
398	3.52077169907387e-07
399	3.72142667877766e-07
400	3.74855747257496e-07
401	3.83815466536964e-07
402	4.07812531748033e-07
403	3.95264667918059e-07
404	4.03837334218932e-07
405	4.03282169498136e-07
406	3.71546240100442e-07
407	3.61216308315198e-07
408	3.56806285307599e-07
409	3.74674533237223e-07
410	3.55337213434486e-07
411	3.55029148529176e-07
412	3.73150312759150e-07
413	3.83067914653143e-07
414	3.52792182610800e-07
415	3.43286043090725e-07
416	3.50885125501076e-07
417	3.81677011839050e-07
418	3.91456132695644e-07
419	3.82003595110222e-07
420	3.85816663723270e-07
421	3.62160973965932e-07
422	3.77262398858263e-07
423	3.54725481313564e-07
424	3.36797214880150e-07
425	3.56787549697991e-07
426	3.52147030355883e-07
427	3.86575263906685e-07
428	4.05682994584599e-07
429	4.08393643449834e-07
430	4.15323584434674e-07
431	4.18058554369286e-07
432	4.06083703652394e-07
433	3.84260118958619e-07
434	3.64989840587778e-07
435	3.75431709746763e-07
436	3.65209065845984e-07
437	3.67285408041345e-07
438	3.86522745394772e-07
439	4.13690642241053e-07
440	4.50890313830770e-07
441	4.62069518570956e-07
442	4.29424384858518e-07
443	4.18734221097461e-07
444	4.05504120013847e-07
445	4.12310153571014e-07
446	4.18801563970557e-07
447	4.07594753755956e-07
448	4.11306948929826e-07
449	4.04299680063912e-07
450	4.19440767809067e-07
451	4.34587134355688e-07
452	4.34609547588555e-07
453	4.16296236111423e-07
454	4.53384731259324e-07
455	3.93169588500083e-07
456	3.94565551263653e-07
457	3.74226285398569e-07
458	3.47460981711275e-07
459	3.64188096188505e-07
460	3.86604234526834e-07
461	3.76527692852493e-07
462	3.82624427248165e-07
463	3.75942613578247e-07
464	3.81687234686580e-07
465	3.87199700515682e-07
466	4.01945441091442e-07
467	3.91694513559115e-07
468	4.14613336013114e-07
469	4.25972969552609e-07
470	4.11467947099979e-07
471	4.03877375182614e-07
472	4.36491884016452e-07
473	4.03193395193613e-07
474	4.01910643106309e-07
475	3.61703505808502e-07
476	3.51397420608180e-07
477	3.75680918151392e-07
478	3.76309321374927e-07
479	3.55997499137667e-07
480	3.37911737349810e-07
481	3.60947151418696e-07
482	3.48915054275164e-07
483	3.59154657540388e-07
484	4.22819973431764e-07
485	4.36530988237722e-07
486	4.09954995302268e-07
487	3.92883389675147e-07
488	3.95558262490365e-07
489	3.58005174281616e-07
490	3.76690499744022e-07
491	3.67876133367461e-07
492	3.64154541675603e-07
493	3.33901754461286e-07
494	3.47868046795877e-07
495	3.57690142040689e-07
496	3.59722454357410e-07
497	3.61867235473824e-07
498	3.56001376227102e-07
499	3.76213425600163e-07
