1	5.41388388541905e-04
2	7.63994466694810e-04
3	9.34067000859654e-04
4	1.07767903536488e-03
5	1.20374440240683e-03
6	1.31657397404363e-03
7	1.42147242240354e-03
8	1.51903139031961e-03
9	1.60961598752818e-03
10	1.69630150299784e-03
11	1.77736921843393e-03
12	1.85388284005880e-03
13	1.93014431818744e-03
14	2.00003373969926e-03
15	2.06898884404334e-03
16	2.13505473059809e-03
17	2.20193245048208e-03
18	2.26314396972238e-03
19	2.32424721945799e-03
20	2.38886467064513e-03
21	2.44173448544976e-03
22	2.49758928436950e-03
23	2.55282365724461e-03
24	2.60720223518784e-03
25	2.66741351492301e-03
26	2.71018002024050e-03
27	2.77084636879689e-03
28	2.81374085146156e-03
29	2.85992005815852e-03
30	2.90982730132420e-03
31	2.95808122281221e-03
32	3.00400131279653e-03
33	3.04815825897429e-03
34	3.09290929726302e-03
35	3.13663546469077e-03
36	3.18537176658799e-03
37	3.23584322483427e-03
38	3.26839130823648e-03
39	3.30742559312766e-03
40	3.36379892937283e-03
41	3.39039975071903e-03
42	3.43597320692872e-03
43	3.47464225414595e-03
44	3.51197341791196e-03
45	3.55167858488423e-03
46	3.59178563499646e-03
47	3.62789619783597e-03
48	3.67039738315004e-03
49	3.69870081875446e-03
50	3.75667218500979e-03
51	3.77115540126313e-03
52	3.81417868267665e-03
53	3.85586282337147e-03
54	3.87890129486887e-03
55	3.92224386059324e-03
56	3.96354820248362e-03
57	3.97997917665821e-03
58	4.02171195020140e-03
59	4.07368931037987e-03
60	4.08412969053380e-03
61	4.11626401408604e-03
62	4.16620693108712e-03
63	4.19920365591312e-03
64	4.21180764248460e-03
65	4.24555663045279e-03
66	4.29490764189772e-03
67	4.33313434709962e-03
68	4.34323465323072e-03
69	4.36840916332779e-03
70	4.40786215402898e-03
71	4.45675954651324e-03
72	4.48479772792675e-03
73	4.49994481220413e-03
74	4.52141748285174e-03
75	4.55857156549100e-03
76	4.60435879757802e-03
77	4.65198841384095e-03
78	4.65424299602682e-03
79	4.67240543231837e-03
80	4.69224041566893e-03
81	4.72917665999157e-03
82	4.77385867419756e-03
83	4.82165964655610e-03
84	4.83986243877823e-03
85	4.84723094178683e-03
86	4.86518202973482e-03
87	4.89287502404196e-03
88	4.92176625034836e-03
89	4.96477205159969e-03
90	5.00911291866250e-03
91	5.05491446967045e-03
92	5.05703011597982e-03
93	5.06928183523693e-03
94	5.08310433192892e-03
95	5.10312937198525e-03
96	5.13693353425511e-03
97	5.16691598435159e-03
98	5.20036918383156e-03
99	5.24645753153302e-03
100	5.29547440373092e-03
101	5.29559335891176e-03
102	5.30179384043253e-03
103	5.31612075939812e-03
104	5.33742847313015e-03
105	5.35504701949895e-03
106	5.38642844914260e-03
107	5.41131806321222e-03
108	5.45267475686596e-03
109	5.49254670209412e-03
110	5.53239001792474e-03
111	5.57895628351063e-03
112	5.58489280735470e-03
113	5.58779949903036e-03
114	5.59814874133133e-03
115	5.61147456964440e-03
116	5.62078545551417e-03
117	5.64410621538311e-03
118	5.67350974550459e-03
119	5.69231545886396e-03
120	5.72579389479545e-03
121	5.75374392509660e-03
122	5.79688611866763e-03
123	5.83356943024158e-03
124	5.87271078798289e-03
125	5.91440266573369e-03
126	5.92730112467693e-03
127	5.92681855737242e-03
128	5.93137442900021e-03
129	5.94103078716195e-03
130	5.95421778296992e-03
131	5.97326455875009e-03
132	5.99292672142003e-03
133	6.01116962168575e-03
134	6.01932090011663e-03
135	6.05135455726941e-03
136	6.08222221654539e-03
137	6.11612142899551e-03
138	6.13609648079490e-03
139	6.17860536209766e-03
140	6.20339923731877e-03
141	6.25064721801068e-03
142	6.28558531561049e-03
143	6.32884325340426e-03
144	6.32246418614210e-03
145	6.33811189130894e-03
146	6.33270866386424e-03
147	6.33235327420351e-03
148	6.35392590197338e-03
149	6.36157028966031e-03
150	6.37464615424725e-03
151	6.38381621275103e-03
152	6.41256705411408e-03
153	6.42805395952630e-03
154	6.44579376440888e-03
155	6.46562809417949e-03
156	6.48754833128283e-03
157	6.51191239407202e-03
158	6.53683387782430e-03
159	6.56567480097699e-03
160	6.59232726465396e-03
161	6.62574196628100e-03
162	6.66090536391778e-03
163	6.70013940845766e-03
164	6.73756830889093e-03
165	6.75691241640920e-03
166	6.79757842527062e-03
167	6.83143636340541e-03
168	6.83675486100006e-03
169	6.84107329360331e-03
170	6.82894055705773e-03
171	6.83624465758143e-03
172	6.85201311541078e-03
173	6.84550350062071e-03
174	6.85903126836983e-03
175	6.88387244019683e-03
176	6.87776536395122e-03
177	6.90126589072066e-03
178	6.91933800306518e-03
179	6.92251627399662e-03
180	6.94644168450284e-03
181	6.95094774210517e-03
182	6.98170641965281e-03
183	6.98893674593509e-03
184	7.02050303855011e-03
185	7.03011916307110e-03
186	7.06746417087696e-03
187	7.07825363886208e-03
188	7.11698827184136e-03
189	7.13327128005744e-03
190	7.14997424601050e-03
191	7.19208413717618e-03
192	7.21162343072834e-03
193	7.23161917958013e-03
194	7.27838050538129e-03
195	7.30642988255928e-03
196	7.32954793387809e-03
197	7.38520609555357e-03
198	7.41067967563329e-03
199	7.43865427196785e-03
200	7.47037788989466e-03
201	7.49075091001208e-03
202	7.48508827229155e-03
203	7.47744920097286e-03
204	7.47409530180587e-03
205	7.49914253508580e-03
206	7.49926341446131e-03
207	7.49870916175262e-03
208	7.50257585425336e-03
209	7.50548019222254e-03
210	7.51194510700530e-03
211	7.54704645923520e-03
212	7.55041614461866e-03
213	7.55446394210222e-03
214	7.56090180068380e-03
215	7.56697513128317e-03
216	7.57569481534550e-03
217	7.58823632002965e-03
218	7.59857462319044e-03
219	7.60995188223334e-03
220	7.62330980701312e-03
221	7.63960263992714e-03
222	7.65313316700971e-03
223	7.66873530528922e-03
224	7.68440543913474e-03
225	7.70408713080268e-03
226	7.72284534637852e-03
227	7.74277276385530e-03
228	7.76109144579821e-03
229	7.78310282764763e-03
230	7.80531007677806e-03
231	7.82963259395194e-03
232	7.85242670470273e-03
233	7.87957657378175e-03
234	7.90571621528196e-03
235	7.93574595482423e-03
236	7.96471925277140e-03
237	7.99320099222487e-03
238	7.98804546362161e-03
239	8.01736318218283e-03
240	8.05270883775089e-03
241	8.08533643909997e-03
242	8.11875965946166e-03
243	8.15455812827109e-03
244	8.18876203358944e-03
245	8.18804512659424e-03
246	8.22796541026978e-03
247	8.26698231264553e-03
248	8.30551967359604e-03
249	8.34592935102988e-03
250	8.34653186734560e-03
251	8.35696192608324e-03
252	8.36358761082585e-03
253	8.37097184848675e-03
254	8.38316519123187e-03
255	8.35156633254175e-03
256	8.36003621132141e-03
257	8.37491381711329e-03
258	8.38723908074824e-03
259	8.36134701173115e-03
260	8.37548643071017e-03
261	8.39389112245574e-03
262	8.41234646510955e-03
263	8.38548851021177e-03
264	8.40579630953594e-03
265	8.42050323669076e-03
266	8.43729890380263e-03
267	8.41413014594069e-03
268	8.43297424092338e-03
269	8.45374483389100e-03
270	8.43249654415803e-03
271	8.45462111216291e-03
272	8.47798873952100e-03
273	8.45809882223545e-03
274	8.48179562327315e-03
275	8.50464267694331e-03
276	8.48516909598194e-03
277	8.51161154743908e-03
278	8.53930148753113e-03
279	8.51949684930784e-03
280	8.54566413088407e-03
281	8.57646658039362e-03
282	8.55696466768461e-03
283	8.58920993413962e-03
284	8.57189777973920e-03
285	8.60187006141687e-03
286	8.63364690747736e-03
287	8.61748162280570e-03
288	8.65256241810982e-03
289	8.63755476255202e-03
290	8.67107307212341e-03
291	8.70762194172555e-03
292	8.69348911698969e-03
293	8.73216927829725e-03
294	8.71740458132435e-03
295	8.75613876992187e-03
296	8.79633847014667e-03
297	8.78639580588202e-03
298	8.82583022780351e-03
299	8.81623451486133e-03
300	8.85863284978514e-03
301	8.84978044040253e-03
302	8.89216503508511e-03
303	8.88225879916094e-03
304	8.92694165865174e-03
305	8.97273235708654e-03
306	8.96240618184366e-03
307	9.01135276817506e-03
308	9.00559318871861e-03
309	9.05119023657711e-03
310	9.04825508991506e-03
311	9.09653369181627e-03
312	9.09046624339553e-03
313	9.14111746065938e-03
314	9.13701529225078e-03
315	9.18941094847620e-03
316	9.18462416884745e-03
317	9.23694866514536e-03
318	9.23370713651012e-03
319	9.28777757045100e-03
320	9.28487253571549e-03
321	9.33901760035074e-03
322	9.33778733277939e-03
323	9.39664719270632e-03
324	9.38925928550470e-03
325	9.45154980937682e-03
326	9.44993177410274e-03
327	9.51035879086940e-03
328	9.50931190883834e-03
329	9.57053360042993e-03
330	9.56946210942788e-03
331	9.56790914171753e-03
332	9.63127499247893e-03
333	9.63432662795620e-03
334	9.67762876000764e-03
335	9.64839904957963e-03
336	9.68470101781835e-03
337	9.65558452769232e-03
338	9.68965005958191e-03
339	9.66375860043604e-03
340	9.63622246010894e-03
341	9.67149635102880e-03
342	9.64388999590220e-03
343	9.68201433552264e-03
344	9.65803797118729e-03
345	9.69724749277166e-03
346	9.67444079155849e-03
347	9.65039642362489e-03
348	9.69095432183763e-03
349	9.66899892120060e-03
350	9.71599730402584e-03
351	9.69103521273589e-03
352	9.66795929591187e-03
353	9.70846833325678e-03
354	9.68741989463782e-03
355	9.73135359125750e-03
356	9.70339029089207e-03
357	9.68290198415860e-03
358	9.72741830037317e-03
359	9.70342057686048e-03
360	9.75073610712281e-03
361	9.72834277170613e-03
362	9.70873789669602e-03
363	9.75906560747961e-03
364	9.73484967351917e-03
365	9.78611826307303e-03
366	9.76608154142233e-03
367	9.74447548815640e-03
368	9.79506904015802e-03
369	9.77226196599614e-03
370	9.75086981276924e-03
371	9.80743360568080e-03
372	9.78721241953346e-03
373	9.76533459435476e-03
374	9.82032404911034e-03
375	9.79989250640669e-03
376	9.85251453998629e-03
377	9.83360501100152e-03
378	9.81515555002586e-03
379	9.87115251023730e-03
380	9.85259562830189e-03
381	9.83220131683574e-03
382	9.89041676662459e-03
383	9.87566456547434e-03
384	9.85463158779613e-03
385	9.91216432515845e-03
386	9.89610696282483e-03
387	9.87847555976682e-03
388	9.93667297028539e-03
389	9.92632218290211e-03
390	9.91039022790869e-03
391	9.96713286973754e-03
392	9.95276687164891e-03
393	9.94094866394248e-03
394	1.00023173855548e-02
395	9.98731064979622e-03
396	9.96963246440107e-03
397	1.00358862449430e-02
398	1.00219410741315e-02
399	1.00080316877969e-02
400	9.99331100520473e-03
401	1.00592152089083e-02
402	1.00475610532683e-02
403	1.00334311667470e-02
404	1.00990375424228e-02
405	1.00880849582676e-02
406	1.00748056718243e-02
407	1.01446741559477e-02
408	1.01310574735082e-02
409	1.01202791667864e-02
410	1.01905594456530e-02
411	1.01800490548217e-02
412	1.01687114536203e-02
413	1.01578008387063e-02
414	1.02306031157241e-02
415	1.02192950888817e-02
416	1.02096294020844e-02
417	1.02824354546910e-02
418	1.02730797436639e-02
419	1.02648980902281e-02
420	1.02544641940227e-02
421	1.03285131586919e-02
422	1.03187714170798e-02
423	1.03113045619322e-02
424	1.03891625225699e-02
425	1.03788991221114e-02
426	1.03680741784379e-02
427	1.03600190176016e-02
428	1.04399391159148e-02
429	1.04305906267229e-02
430	1.04215807835708e-02
431	1.04114487258266e-02
432	1.04940611514263e-02
433	1.04858905814451e-02
434	1.04800053391408e-02
435	1.05636858059008e-02
436	1.05564484140202e-02
437	1.05492554625513e-02
438	1.05406902286313e-02
439	1.06255963763478e-02
440	1.06178877271096e-02
441	1.06108598377864e-02
442	1.06060411442093e-02
443	1.06923032307662e-02
444	1.06854159961117e-02
445	1.06790889115168e-02
446	1.06730499623710e-02
447	1.07640565223839e-02
448	1.07590168430906e-02
449	1.07530280911584e-02
450	1.07466434510299e-02
451	1.08365749517401e-02
452	1.08323025766132e-02
453	1.08264345643235e-02
454	1.08216454016953e-02
455	1.09149468284649e-02
456	1.09098244513519e-02
457	1.09056259615120e-02
458	1.09027123640859e-02
459	1.09992107221935e-02
460	1.09943325155605e-02
461	1.09909627353877e-02
462	1.09880206999369e-02
463	1.10838271630833e-02
464	1.10805014038267e-02
465	1.10765134050794e-02
466	1.10741686370672e-02
467	1.10699809197724e-02
468	1.11702105791991e-02
469	1.11668654799455e-02
470	1.11643012458338e-02
471	1.11625019671474e-02
472	1.12648572368527e-02
473	1.12629530645020e-02
474	1.12613853679055e-02
475	1.12584244903579e-02
476	1.12562239147850e-02
477	1.13597791091881e-02
478	1.13580212390742e-02
479	1.13563649584264e-02
480	1.13557462493195e-02
481	1.14634851254514e-02
482	1.14608864283784e-02
483	1.14571167614348e-02
484	1.14565139334105e-02
485	1.14565582066473e-02
486	1.15667926786006e-02
487	1.15673006751470e-02
488	1.15655949450781e-02
489	1.15640416400194e-02
490	1.15621325565197e-02
491	1.16761521312323e-02
492	1.16746817085065e-02
493	1.16748715911423e-02
494	1.16748335465719e-02
495	1.16750336180165e-02
496	1.17900602528013e-02
497	1.17912269274848e-02
498	1.17898630040273e-02
499	1.17899764024287e-02
