1	5.53553892561448e-07
2	7.77204345539694e-07
3	9.46592524180103e-07
4	1.08738403535175e-06
5	1.20966183708838e-06
6	1.31926468382355e-06
7	1.41785875747692e-06
8	1.50716605855743e-06
9	1.59287705024053e-06
10	1.67152405574134e-06
11	1.74181486660076e-06
12	1.81598289197759e-06
13	1.88075099028115e-06
14	1.94381826700055e-06
15	2.00408909797062e-06
16	2.05732919598341e-06
17	2.11105588291796e-06
18	2.16401089993398e-06
19	2.21286513703298e-06
20	2.27413305337102e-06
21	2.31095904916316e-06
22	2.35400098949918e-06
23	2.39464605406770e-06
24	2.42952236252361e-06
25	2.47855486535002e-06
26	2.51022951731735e-06
27	2.55470033043341e-06
28	2.58510682589417e-06
29	2.62091256758528e-06
30	2.64781290453415e-06
31	2.68932963950900e-06
32	2.70274306833634e-06
33	2.75567594277957e-06
34	2.77108835952789e-06
35	2.82949685401088e-06
36	2.83577649583732e-06
37	2.88548132243690e-06
38	2.91477524401318e-06
39	2.91522592607411e-06
40	2.94491101730910e-06
41	2.96269003439589e-06
42	2.99410386520844e-06
43	3.00629243758731e-06
44	3.03356336977680e-06
45	3.06125143911848e-06
46	3.07056843767588e-06
47	3.10185981311461e-06
48	3.10489747817201e-06
49	3.19584771202540e-06
50	3.14453583561106e-06
51	3.18804819183158e-06
52	3.18123771729740e-06
53	3.25153567331163e-06
54	3.20444270749616e-06
55	3.27845578790031e-06
56	3.29506111862489e-06
57	3.31374234542725e-06
58	3.32092319177969e-06
59	3.35027128873451e-06
60	3.34903069293853e-06
61	3.36168559346040e-06
62	3.34462624320628e-06
63	3.38068153722575e-06
64	3.40582836395935e-06
65	3.45171936345352e-06
66	3.41813112404670e-06
67	3.51050703661825e-06
68	3.44110208797821e-06
69	3.46564789298598e-06
70	3.49749313645979e-06
71	3.48918352270254e-06
72	3.52906438851190e-06
73	3.50956975959339e-06
74	3.50914888476163e-06
75	3.52895153305450e-06
76	3.50474675189657e-06
77	3.54077588537236e-06
78	3.55354682043932e-06
79	3.54954623900358e-06
80	3.58668675400237e-06
81	3.59557688741581e-06
82	3.61762962300347e-06
83	3.68455989313959e-06
84	3.52371362669943e-06
85	3.58575275664811e-06
86	3.60377427456973e-06
87	3.75642899368445e-06
88	3.68489036216089e-06
89	3.70231130014685e-06
90	3.68516983435272e-06
91	3.79876832742184e-06
92	3.68292333766160e-06
93	3.64089387716222e-06
94	3.68349130681742e-06
95	3.67482642955705e-06
96	3.74835508032298e-06
97	3.72884602303975e-06
98	3.73622504694106e-06
99	3.70027740479002e-06
100	3.70108792730364e-06
101	3.77988801180841e-06
102	3.80588934575501e-06
103	3.81470363387617e-06
104	3.81663311401551e-06
105	3.75442110094689e-06
106	3.82131759392559e-06
107	3.75932262038705e-06
108	3.73235345101590e-06
109	3.86070995284622e-06
110	3.86197318090345e-06
111	3.75580403126082e-06
112	3.89905606787425e-06
113	3.78557425260155e-06
114	3.75162148754276e-06
115	3.85972652453805e-06
116	3.82631801720477e-06
117	3.86685846858481e-06
118	3.86573525108806e-06
119	3.81723908150958e-06
120	3.80266611487200e-06
121	3.84344709717030e-06
122	3.76710978504043e-06
123	3.81084517870437e-06
124	3.79660285111685e-06
125	3.92645638911185e-06
126	3.88930405109922e-06
127	3.88481485921962e-06
128	3.94293775915952e-06
129	3.80829465564824e-06
130	3.81406224057307e-06
131	3.84120443786049e-06
132	3.88548087232364e-06
133	3.99674029374012e-06
134	3.82155620145790e-06
135	3.88583311198709e-06
136	3.81641309063191e-06
137	4.06447652961521e-06
138	3.80705100450553e-06
139	3.94848639669218e-06
140	4.00683011366304e-06
141	4.09144522614684e-06
142	3.97086450791486e-06
143	4.02056398050699e-06
144	3.94628247663272e-06
145	3.82178702635988e-06
146	4.08820822564969e-06
147	3.89709418266459e-06
148	3.95651374096965e-06
149	4.08969217774020e-06
150	3.93690226019284e-06
151	4.02891154292249e-06
152	3.91985357876577e-06
153	3.93045950487616e-06
154	3.91960864062912e-06
155	4.08475040615148e-06
156	3.89308847285524e-06
157	4.11776897406698e-06
158	3.85942642462325e-06
159	3.98200828472703e-06
160	4.10587278232230e-06
161	3.86430448098788e-06
162	4.06742087115224e-06
163	4.04942634236001e-06
164	4.12825715329437e-06
165	4.10689148245025e-06
166	4.05668707364170e-06
167	4.18033640263622e-06
168	4.02892232524991e-06
169	4.06996761920415e-06
170	4.11788960260153e-06
171	4.03120833094543e-06
172	4.13164138211955e-06
173	3.97063534503643e-06
174	4.28428040084455e-06
175	4.18061364105527e-06
176	4.23335631861397e-06
177	4.06759125098210e-06
178	4.26722949504864e-06
179	4.11128940610452e-06
180	4.15074463774205e-06
181	4.16163825279627e-06
182	4.01375753236684e-06
183	3.94989162427281e-06
184	4.10228651270908e-06
185	4.09048866572473e-06
186	3.97735870318879e-06
187	4.02273649006704e-06
188	4.17372920989164e-06
189	4.17194539886666e-06
190	3.88556648043798e-06
191	4.07891380900188e-06
192	4.11404352765861e-06
193	4.06588562657933e-06
194	3.98530839265473e-06
195	4.14364264042142e-06
196	4.10542515384511e-06
197	3.95064934246137e-06
198	3.94234503340419e-06
199	4.16854712799912e-06
200	3.89109514718241e-06
201	3.86897358224618e-06
202	3.95841372908584e-06
203	3.94649099167849e-06
204	3.87679781537500e-06
205	4.09499103181928e-06
206	4.08551414969077e-06
207	3.80848851361151e-06
208	3.78319881342474e-06
209	3.82378677408943e-06
210	3.96193607769827e-06
211	4.25516531328387e-06
212	4.05120339662696e-06
213	3.99141206315845e-06
214	4.16431338529024e-06
215	4.15223007069008e-06
216	4.05295946265379e-06
217	4.08874141651570e-06
218	4.02194677321851e-06
219	4.07002293984436e-06
220	4.08984582124968e-06
221	4.16784042196003e-06
222	4.04332296182923e-06
223	3.97536106792535e-06
224	4.12462514819315e-06
225	3.98954193709347e-06
226	3.90870672006115e-06
227	4.25745995235540e-06
228	4.22757556125791e-06
229	4.05045982713726e-06
230	4.01710801272910e-06
231	4.08931534637127e-06
232	3.97449172324555e-06
233	4.09877319808175e-06
234	3.96128725013344e-06
235	3.94389455030879e-06
236	4.05212382456720e-06
237	4.08297551810374e-06
238	4.02032125916773e-06
239	4.34874849766132e-06
240	4.49963416837107e-06
241	4.28119256507072e-06
242	4.22514064051637e-06
243	4.40194142108322e-06
244	4.31764856585335e-06
245	4.44026526628590e-06
246	4.29850979805196e-06
247	4.23593078351452e-06
248	4.09124375585060e-06
249	4.31997484646585e-06
250	4.27743630656132e-06
251	4.02046773409912e-06
252	3.87711506678847e-06
253	3.90987032296106e-06
254	4.13030028897238e-06
255	4.41986432529296e-06
256	4.62568583379769e-06
257	4.59093899313185e-06
258	4.04049339279340e-06
259	3.78526437262385e-06
260	3.79614834514654e-06
261	4.22913449028687e-06
262	4.05640040590140e-06
263	4.13614666725057e-06
264	4.04462985663793e-06
265	4.02250540862800e-06
266	3.90410158283279e-06
267	3.81386277409457e-06
268	3.94588535143156e-06
269	4.29488902127947e-06
270	4.14459957601932e-06
271	4.13086811850303e-06
272	4.03841795390620e-06
273	4.34768033149829e-06
274	4.31015111715223e-06
275	4.14003428895159e-06
276	3.99209739464225e-06
277	4.28375589777846e-06
278	4.22111021192162e-06
279	4.18510969370984e-06
280	4.13106826520040e-06
281	4.25765193764726e-06
282	4.00194751652148e-06
283	3.77535934813364e-06
284	3.71577095459682e-06
285	4.10449936097691e-06
286	4.53295395069897e-06
287	4.54070948437854e-06
288	4.28273944022367e-06
289	4.01822569561075e-06
290	3.90393768054419e-06
291	4.12264739600641e-06
292	4.01673848973067e-06
293	4.03378421413810e-06
294	4.00002566735651e-06
295	4.11114458165753e-06
296	4.00720337378060e-06
297	3.72792998640056e-06
298	3.83824750186995e-06
299	3.65668983323667e-06
300	3.89872247215018e-06
301	4.12799616667771e-06
302	4.02753727398121e-06
303	3.87063621698958e-06
304	3.55852396882506e-06
305	3.69985501036812e-06
306	3.85243390461009e-06
307	3.96257215516017e-06
308	4.14239574452124e-06
309	4.11708451303259e-06
310	4.17646359414495e-06
311	4.15686504839454e-06
312	3.99629846630705e-06
313	3.77429761943300e-06
314	3.68288938075167e-06
315	3.59230803261317e-06
316	3.89610115028411e-06
317	4.11120743528762e-06
318	4.16577492359853e-06
319	4.11855608272451e-06
320	4.08871010654089e-06
321	3.83394521522390e-06
322	3.91083642143042e-06
323	4.00649222796773e-06
324	3.90069152102352e-06
325	4.18628552070305e-06
326	4.31949071877413e-06
327	4.41954649347769e-06
328	4.39041944829689e-06
329	4.24317309426345e-06
330	3.93214503355502e-06
331	3.72883885383047e-06
332	3.69276095866935e-06
333	3.87205187545708e-06
334	4.15614052958481e-06
335	4.42521377133787e-06
336	4.27618484672231e-06
337	4.15600647660804e-06
338	4.14447553316882e-06
339	4.21008734760876e-06
340	4.28860259143350e-06
341	4.21031790637743e-06
342	3.91282765525185e-06
343	3.83404570120009e-06
344	3.90872778766240e-06
345	4.08868374176588e-06
346	4.04808700193014e-06
347	4.10456284916440e-06
348	4.20749097980273e-06
349	4.03512421944629e-06
350	3.98147658287656e-06
351	4.12860378098796e-06
352	4.18103091533545e-06
353	4.16763675434296e-06
354	4.06404873514738e-06
355	4.22499897327947e-06
356	4.26959861710925e-06
357	4.04861551569476e-06
358	3.98855360376887e-06
359	4.12710008920023e-06
360	4.19574745642885e-06
361	4.22667507755461e-06
362	4.21983652753127e-06
363	4.27206755073499e-06
364	4.24702145841664e-06
365	4.00858754740524e-06
366	3.87804644862325e-06
367	3.99277507933918e-06
368	3.87688217197464e-06
369	3.78105476209926e-06
370	3.86695505010608e-06
371	3.84382235463296e-06
372	3.84775951265875e-06
373	3.95436660898420e-06
374	4.02180213175487e-06
375	4.11461842599937e-06
376	4.15372306709451e-06
377	4.23107892898056e-06
378	4.24774584904580e-06
379	4.07908928503415e-06
380	3.92919482709456e-06
381	3.78622441497348e-06
382	3.81293692188885e-06
383	3.79033914958620e-06
384	3.78564085898108e-06
385	3.91139904180309e-06
386	4.16649959112561e-06
387	4.30853893053760e-06
388	4.36503643493178e-06
389	4.33708726227372e-06
390	4.37734625150490e-06
391	4.46038116788105e-06
392	4.36301822463492e-06
393	4.20910414560214e-06
394	4.12033534252863e-06
395	4.11003176930048e-06
396	4.10545878492083e-06
397	4.14213292285072e-06
398	4.06908027067856e-06
399	4.10935617867139e-06
400	4.26318434368557e-06
401	4.40178205423811e-06
402	4.45020547456522e-06
403	4.41415680692972e-06
404	4.39650967092240e-06
405	4.31888215428689e-06
406	4.39239970323294e-06
407	4.19986124798791e-06
408	4.12647990286245e-06
409	4.20452923531588e-06
410	4.23047124415702e-06
411	4.17825797594980e-06
412	4.20557505169501e-06
413	4.09844619561491e-06
414	3.91765031976106e-06
415	4.02931196917904e-06
416	4.00716719827445e-06
417	4.09276580147097e-06
418	4.20057881169801e-06
419	4.27677004466407e-06
420	4.23989202503688e-06
421	4.39502902414794e-06
422	4.37586071196797e-06
423	4.23995195697297e-06
424	4.06805613933144e-06
425	3.76496584657572e-06
426	3.71044005181805e-06
427	3.74345994927774e-06
428	3.86789268726384e-06
429	4.06481772175430e-06
430	4.23498296633214e-06
431	4.31474555344457e-06
432	4.27319389394222e-06
433	4.33053633266581e-06
434	4.22483905195652e-06
435	4.12740567282251e-06
436	4.12447168258529e-06
437	4.04648689280531e-06
438	4.15510503093792e-06
439	4.24156857841373e-06
440	4.28253867973181e-06
441	4.17960638217912e-06
442	4.22210065885527e-06
443	4.26182127997673e-06
444	4.17881398587345e-06
445	4.05452613052406e-06
446	4.10486090214214e-06
447	4.24854373352951e-06
448	4.24754920990337e-06
449	4.11904005684385e-06
450	4.07679636710844e-06
451	4.07478765791202e-06
452	4.06633157858964e-06
453	4.17522025989342e-06
454	4.41337207963113e-06
455	4.58557721830142e-06
456	4.32672282750553e-06
457	4.30034075235614e-06
458	4.33327012117769e-06
459	4.30316111669383e-06
460	4.25000203777019e-06
461	4.32179097655363e-06
462	4.27561172922577e-06
463	4.14117251880998e-06
464	4.06639400037422e-06
465	4.17169336999739e-06
466	4.17981030299009e-06
467	4.21039390678969e-06
468	4.05608022325815e-06
469	3.98074194601196e-06
470	3.95785073011385e-06
471	3.96214422052248e-06
472	3.97045760418337e-06
473	4.03876424522393e-06
474	4.15938761325604e-06
475	4.12930396165643e-06
476	4.06452485043428e-06
477	4.23962083425208e-06
478	4.33315352198907e-06
479	4.47071450531048e-06
480	4.63201110287020e-06
481	4.48487326314811e-06
482	4.38259428692868e-06
483	4.45416395180848e-06
484	4.42964107969496e-06
485	4.45880366828513e-06
486	4.54419367890139e-06
487	4.66251117337625e-06
488	4.72413709689471e-06
489	4.77409358488916e-06
490	4.68057207515469e-06
491	4.50133120250661e-06
492	4.42545417571601e-06
493	4.38696483786713e-06
494	4.22691053534431e-06
495	4.12560360378539e-06
496	4.13818237927092e-06
497	4.23876909833596e-06
498	4.25263830840826e-06
499	4.24175784580536e-06
