1	1.99251127036462e-04
2	2.79980758114052e-04
3	3.41227556307819e-04
4	3.92261716887881e-04
5	4.36637478294385e-04
6	4.76324533177237e-04
7	5.12394965627984e-04
8	5.45654836508554e-04
9	5.76510824698623e-04
10	6.05299773255063e-04
11	6.32485795457012e-04
12	6.58022701947190e-04
13	6.82502114426040e-04
14	7.05412366703464e-04
15	7.27440537570433e-04
16	7.48040447630549e-04
17	7.68732827696408e-04
18	7.88334743358782e-04
19	8.07379363252096e-04
20	8.24163480428751e-04
21	8.41940263139982e-04
22	8.59162792607785e-04
23	8.74662564730679e-04
24	8.90829639111299e-04
25	9.05142331385072e-04
26	9.21586969543524e-04
27	9.34053641509192e-04
28	9.47690207790717e-04
29	9.61430759295176e-04
30	9.74863322386619e-04
31	9.88848606248631e-04
32	1.00014073341036e-03
33	1.01399000801317e-03
34	1.02358506487186e-03
35	1.03690978773545e-03
36	1.04602924023591e-03
37	1.05844644876103e-03
38	1.06803172060176e-03
39	1.07777069268193e-03
40	1.08639657482100e-03
41	1.10201980717692e-03
42	1.10997039863923e-03
43	1.11902764853185e-03
44	1.13014650104056e-03
45	1.14040990429741e-03
46	1.14574065056426e-03
47	1.15449394481189e-03
48	1.16252916553608e-03
49	1.17520506728730e-03
50	1.18176658442095e-03
51	1.18513100952450e-03
52	1.19706004344412e-03
53	1.19798343234139e-03
54	1.21085745909776e-03
55	1.22313908819457e-03
56	1.22561495046130e-03
57	1.23306855886458e-03
58	1.23694332286645e-03
59	1.24637244841712e-03
60	1.25892702689413e-03
61	1.25876846552061e-03
62	1.27538330429883e-03
63	1.27199789316069e-03
64	1.27774715524180e-03
65	1.28408942440289e-03
66	1.29226514069111e-03
67	1.29334816538683e-03
68	1.30718978582931e-03
69	1.31041132388411e-03
70	1.31687029708340e-03
71	1.31297255704608e-03
72	1.33244667686870e-03
73	1.33788853113306e-03
74	1.32887804316759e-03
75	1.34928516283223e-03
76	1.34557183502236e-03
77	1.35137415167031e-03
78	1.36831003617616e-03
79	1.36549415541729e-03
80	1.36825251365396e-03
81	1.37504031388526e-03
82	1.36749228987203e-03
83	1.37708377291018e-03
84	1.38600215748587e-03
85	1.39695886819266e-03
86	1.40497229151204e-03
87	1.41054889312706e-03
88	1.40066271210060e-03
89	1.40770022053097e-03
90	1.40866688735509e-03
91	1.42551225637272e-03
92	1.42374096054621e-03
93	1.42280976699336e-03
94	1.43363937618697e-03
95	1.42689214410458e-03
96	1.43071222523066e-03
97	1.44280970909923e-03
98	1.43951002016894e-03
99	1.45312471564798e-03
100	1.45602507013145e-03
101	1.45114815061312e-03
102	1.45708353998153e-03
103	1.45778679524180e-03
104	1.46922905822067e-03
105	1.46832903649701e-03
106	1.48181774670343e-03
107	1.47281785405192e-03
108	1.47249814730182e-03
109	1.47208071646709e-03
110	1.48094232748716e-03
111	1.48167312410398e-03
112	1.49189352056809e-03
113	1.48161778999125e-03
114	1.49630874456397e-03
115	1.49211878489850e-03
116	1.50027257536711e-03
117	1.51534493719094e-03
118	1.51741279452201e-03
119	1.50249982279892e-03
120	1.50381474868052e-03
121	1.50725008369838e-03
122	1.51807493315648e-03
123	1.50150648999386e-03
124	1.52645835944228e-03
125	1.54498311832661e-03
126	1.53048125241300e-03
127	1.50830935699169e-03
128	1.52298427120224e-03
129	1.54573709688538e-03
130	1.54553995346520e-03
131	1.54975426814796e-03
132	1.55288349188652e-03
133	1.52101790499094e-03
134	1.54975507891834e-03
135	1.55925955657018e-03
136	1.54831203890963e-03
137	1.56922077143431e-03
138	1.57608248770837e-03
139	1.55589018297198e-03
140	1.54815215453347e-03
141	1.56275428226548e-03
142	1.56875719534679e-03
143	1.57397044597770e-03
144	1.54720127893481e-03
145	1.58925191563728e-03
146	1.57797546726004e-03
147	1.57679960935285e-03
148	1.58377008565560e-03
149	1.55997531045616e-03
150	1.57791349944363e-03
151	1.55821739813591e-03
152	1.58112786494223e-03
153	1.58706666988329e-03
154	1.60679349714133e-03
155	1.58842890570231e-03
156	1.58761707305821e-03
157	1.58652976973253e-03
158	1.60364781412325e-03
159	1.58653824187142e-03
160	1.60388423237451e-03
161	1.58423178265878e-03
162	1.61726250790792e-03
163	1.61016190353351e-03
164	1.59847716429956e-03
165	1.63246790052523e-03
166	1.59159513553239e-03
167	1.63178568905653e-03
168	1.61577397628038e-03
169	1.61591734243185e-03
170	1.60615183715226e-03
171	1.60548522482551e-03
172	1.63915030998554e-03
173	1.60744056217940e-03
174	1.62773102436088e-03
175	1.63650435391237e-03
176	1.59246113961221e-03
177	1.61445368430331e-03
178	1.64368257285073e-03
179	1.60659965649637e-03
180	1.61917412966157e-03
181	1.60101458102051e-03
182	1.64043518620420e-03
183	1.63061247509843e-03
184	1.60638446968400e-03
185	1.62208046949948e-03
186	1.64563392206339e-03
187	1.62912511180421e-03
188	1.64727361865040e-03
189	1.62492620888534e-03
190	1.59170578961564e-03
191	1.65723133389459e-03
192	1.63802644495987e-03
193	1.65731328830032e-03
194	1.66079954147625e-03
195	1.66437749218680e-03
196	1.66323032691300e-03
197	1.66630499476240e-03
198	1.65027914438679e-03
199	1.66773385578420e-03
200	1.62127452635207e-03
201	1.65113121096660e-03
202	1.66660428829613e-03
203	1.66509324278086e-03
204	1.62555489616410e-03
205	1.68987050295786e-03
206	1.64583309098645e-03
207	1.68056364376783e-03
208	1.66916506448196e-03
209	1.65283950244938e-03
210	1.68839767501484e-03
211	1.67631251317604e-03
212	1.67743370963768e-03
213	1.65003890088919e-03
214	1.66261473354544e-03
215	1.61597180825287e-03
216	1.67564968241927e-03
217	1.64278510079610e-03
218	1.64530361064571e-03
219	1.68987536954976e-03
220	1.70381692770385e-03
221	1.65942855561938e-03
222	1.64975809199415e-03
223	1.63710224437938e-03
224	1.65178545312719e-03
225	1.66336754038251e-03
226	1.66679015531777e-03
227	1.65378511154172e-03
228	1.64811237348062e-03
229	1.66925242627012e-03
230	1.67641691720458e-03
231	1.69613816895501e-03
232	1.68188519610821e-03
233	1.65149513633335e-03
234	1.68269344756812e-03
235	1.68123852646795e-03
236	1.71047098105550e-03
237	1.69120458655695e-03
238	1.70749137707189e-03
239	1.67584534068753e-03
240	1.68060166543697e-03
241	1.69590702980870e-03
242	1.68515492954163e-03
243	1.66931519208774e-03
244	1.69190555874217e-03
245	1.66199004892950e-03
246	1.63776392149843e-03
247	1.71982453940077e-03
248	1.64935852922832e-03
249	1.68643242464388e-03
250	1.71907735549885e-03
251	1.71110015419848e-03
252	1.71594864484066e-03
253	1.68626170646535e-03
254	1.65855086543991e-03
255	1.67876377779554e-03
256	1.70831429959286e-03
257	1.66990728434210e-03
258	1.68769286761560e-03
259	1.68139342288443e-03
260	1.67730605931001e-03
261	1.73267869795279e-03
262	1.69641321389417e-03
263	1.74842644291272e-03
264	1.69496106433108e-03
265	1.74421437023656e-03
266	1.71002422262592e-03
267	1.69824566163129e-03
268	1.74272833377703e-03
269	1.68667417384969e-03
270	1.73726473539549e-03
271	1.71429364681801e-03
272	1.66015425370367e-03
273	1.74997551406048e-03
274	1.67706648142051e-03
275	1.72167819616458e-03
276	1.70569838146880e-03
277	1.70654779810690e-03
278	1.66957720028404e-03
279	1.72154754392609e-03
280	1.66091330087626e-03
281	1.72636826263884e-03
282	1.67820509684540e-03
283	1.69150485846556e-03
284	1.70863469923305e-03
285	1.70216309758224e-03
286	1.72287733504985e-03
287	1.74734391521796e-03
288	1.74382774860205e-03
289	1.70508238093069e-03
290	1.76113358611993e-03
291	1.75370612879044e-03
292	1.69642462413130e-03
293	1.75030836921969e-03
294	1.73528076561850e-03
295	1.72000742746604e-03
296	1.75164006637535e-03
297	1.78787501047146e-03
298	1.66852103954894e-03
299	1.75080966259399e-03
300	1.71196526803363e-03
301	1.70008782390786e-03
302	1.68670783987319e-03
303	1.71005479320806e-03
304	1.75592919811393e-03
305	1.72075019848566e-03
306	1.70425449571184e-03
307	1.72264439710735e-03
308	1.69659269261348e-03
309	1.72744691913066e-03
310	1.71214949109332e-03
311	1.78612685779594e-03
312	1.74373704570803e-03
313	1.75904195572515e-03
314	1.74628769968813e-03
315	1.74834556622629e-03
316	1.71762799209869e-03
317	1.70011578667287e-03
318	1.74030822353658e-03
319	1.70844652390449e-03
320	1.77867952112901e-03
321	1.72140663848500e-03
322	1.71557151318439e-03
323	1.69742620642159e-03
324	1.72984566663998e-03
325	1.73348294849793e-03
326	1.74369316370909e-03
327	1.72697046533289e-03
328	1.75368556656052e-03
329	1.74604398510211e-03
330	1.70989405141491e-03
331	1.79730515663054e-03
332	1.69437817014008e-03
333	1.73421446552462e-03
334	1.72376598690762e-03
335	1.72588189683023e-03
336	1.79599995531104e-03
337	1.74953467592653e-03
338	1.74460266717259e-03
339	1.76643835180158e-03
340	1.76432334562586e-03
341	1.77263917697859e-03
342	1.69903687721647e-03
343	1.72639805461501e-03
344	1.78211770366596e-03
345	1.74737012317993e-03
346	1.71399818431339e-03
347	1.77659064121422e-03
348	1.80472735365524e-03
349	1.70387954455330e-03
350	1.73542176561834e-03
351	1.84950510973534e-03
352	1.70144404753196e-03
353	1.76366695893143e-03
354	1.79968210540970e-03
355	1.69304687549922e-03
356	1.71857073435696e-03
357	1.75661876086896e-03
358	1.70780706617743e-03
359	1.71781322546988e-03
360	1.76153982966873e-03
361	1.71662275551252e-03
362	1.71207570838791e-03
363	1.83649740228801e-03
364	1.75479159482254e-03
365	1.77936449828051e-03
366	1.83488713345936e-03
367	1.75082788097809e-03
368	1.75866940044795e-03
369	1.76094776987716e-03
370	1.74873062400720e-03
371	1.74263686318512e-03
372	1.79270843663213e-03
373	1.76164958921032e-03
374	1.81845352234851e-03
375	1.79025041733970e-03
376	1.80243700099309e-03
377	1.76884953162140e-03
378	1.77362075957461e-03
379	1.82695704383510e-03
380	1.75551282042628e-03
381	1.74050826884300e-03
382	1.79654366201937e-03
383	1.74643910567000e-03
384	1.80850442889441e-03
385	1.78355199289371e-03
386	1.77836486603643e-03
387	1.73885460892343e-03
388	1.84520695201730e-03
389	1.72854531163741e-03
390	1.75197129381777e-03
391	1.82575248997715e-03
392	1.78353400999420e-03
393	1.72727305851683e-03
394	1.81327361352349e-03
395	1.79841649481248e-03
396	1.74142491866779e-03
397	1.76370746944547e-03
398	1.76909081958193e-03
399	1.76087160149681e-03
400	1.76999015351078e-03
401	1.68760900388744e-03
402	1.79668059271531e-03
403	1.80737293735454e-03
404	1.74213336611744e-03
405	1.79715972810139e-03
406	1.78015676178417e-03
407	1.77928311588364e-03
408	1.77322294758230e-03
409	1.77967263036035e-03
410	1.81267872081109e-03
411	1.85488160219087e-03
412	1.77423633502016e-03
413	1.83150011934592e-03
414	1.73558552409461e-03
415	1.82724332726309e-03
416	1.75092434061233e-03
417	1.80472315482317e-03
418	1.76999168543597e-03
419	1.84112033935644e-03
420	1.78403586497042e-03
421	1.76050230677364e-03
422	1.77698915453998e-03
423	1.79036680802841e-03
424	1.77064008775413e-03
425	1.76280354392058e-03
426	1.71976953913908e-03
427	1.81791894956089e-03
428	1.75962756932303e-03
429	1.82725598326742e-03
430	1.71091363792934e-03
431	1.78320397846617e-03
432	1.81180680643157e-03
433	1.81695429588547e-03
434	1.72122571779443e-03
435	1.76024347647854e-03
436	1.86466955545773e-03
437	1.76938325083693e-03
438	1.80717215819353e-03
439	1.71839831430907e-03
440	1.83475677818550e-03
441	1.77781169699768e-03
442	1.70920299192395e-03
443	1.81749503267320e-03
444	1.78301401039805e-03
445	1.75718301115180e-03
446	1.71731954750947e-03
447	1.79127947343886e-03
448	1.76308242071021e-03
449	1.71608554741230e-03
450	1.76996553852555e-03
451	1.80098062828979e-03
452	1.87135068730794e-03
453	1.76464139162262e-03
454	1.80553567459189e-03
455	1.79619107784221e-03
456	1.74143624872709e-03
457	1.79024782836604e-03
458	1.71220757568360e-03
459	1.81213886466493e-03
460	1.67854353041901e-03
461	1.84637278112883e-03
462	1.82344424133251e-03
463	1.76757957504055e-03
464	1.80472227283820e-03
465	1.82213660160492e-03
466	1.84392175590076e-03
467	1.83248276863442e-03
468	1.79682466517540e-03
469	1.81698732078941e-03
470	1.79570781430400e-03
471	1.80576358154275e-03
472	1.90011876804208e-03
473	1.78815452047081e-03
474	1.94107805480888e-03
475	1.78934010799086e-03
476	1.82354354711769e-03
477	1.78681255857804e-03
478	1.81590792848051e-03
479	1.76132895721098e-03
480	1.73903305459163e-03
481	1.78632280603566e-03
482	1.79701501233154e-03
483	1.85713738031511e-03
484	1.80832129028090e-03
485	1.85447936626740e-03
486	1.84943031881299e-03
487	1.73517668988143e-03
488	1.86568328690331e-03
489	1.75796229073415e-03
490	1.84636051622884e-03
491	1.84783626348167e-03
492	1.76536201182635e-03
493	1.78713464122350e-03
494	1.85238878654828e-03
495	1.84700095247736e-03
496	1.79605478122329e-03
497	1.70723808065702e-03
498	1.73672106388598e-03
499	1.74406999350966e-03
