1	3.26937533148450e-08
2	4.51333860310063e-08
3	5.42940899923706e-08
4	6.16243260591770e-08
5	6.79063039125218e-08
6	7.32749216854622e-08
7	7.78995196753796e-08
8	8.22561307350130e-08
9	8.60259807132495e-08
10	8.95972793511021e-08
11	9.28265274931738e-08
12	9.52907569616677e-08
13	9.81976984110597e-08
14	1.00454531197442e-07
15	1.03387356073030e-07
16	1.05539225324005e-07
17	1.06644387315370e-07
18	1.09316492114447e-07
19	1.11173859530455e-07
20	1.12844547937590e-07
21	1.14193748166748e-07
22	1.14965576887769e-07
23	1.16019667499802e-07
24	1.18233600760488e-07
25	1.20167622142151e-07
26	1.20159388340286e-07
27	1.22268991516580e-07
28	1.23699308440649e-07
29	1.21180708403413e-07
30	1.25567986720997e-07
31	1.24617794627320e-07
32	1.27637296802238e-07
33	1.26882836211737e-07
34	1.26453070228728e-07
35	1.30804424144622e-07
36	1.29969867088576e-07
37	1.28213624185198e-07
38	1.30107967544557e-07
39	1.31079874722642e-07
40	1.31724109704632e-07
41	1.33560760845933e-07
42	1.30577488647824e-07
43	1.28899922367928e-07
44	1.34947530742244e-07
45	1.36029858943852e-07
46	1.29568562525697e-07
47	1.33920313150486e-07
48	1.38395835075851e-07
49	1.34166209476305e-07
50	1.32046755960143e-07
51	1.36612710828667e-07
52	1.36591966589483e-07
53	1.41846027139832e-07
54	1.39771791960078e-07
55	1.36922940627422e-07
56	1.38161121212859e-07
57	1.38607168628809e-07
58	1.37102784721829e-07
59	1.40486710711556e-07
60	1.41527538447628e-07
61	1.39275082172573e-07
62	1.43305242773836e-07
63	1.37722293526009e-07
64	1.41638162490814e-07
65	1.41986447244557e-07
66	1.45512599293585e-07
67	1.44234462501048e-07
68	1.42485616855094e-07
69	1.43869908879812e-07
70	1.47581819115382e-07
71	1.37085328014956e-07
72	1.50066011021678e-07
73	1.43843590118371e-07
74	1.40607054536370e-07
75	1.50823445300847e-07
76	1.45380430827118e-07
77	1.38789371259258e-07
78	1.38999342488109e-07
79	1.47045179936990e-07
80	1.48923676196756e-07
81	1.49702767005759e-07
82	1.52246318189170e-07
83	1.48067266127728e-07
84	1.45748573557221e-07
85	1.47432263234354e-07
86	1.43296253621234e-07
87	1.50273997789898e-07
88	1.48735228374686e-07
89	1.51403519109043e-07
90	1.50339402678659e-07
91	1.50698586837163e-07
92	1.43154923608597e-07
93	1.46069931450431e-07
94	1.48579970444698e-07
95	1.47794271403233e-07
96	1.52135828878806e-07
97	1.42719758384779e-07
98	1.43438257071767e-07
99	1.50119278555776e-07
100	1.45510775725356e-07
101	1.48632119019777e-07
102	1.51010549899480e-07
103	1.51672917191231e-07
104	1.50689703692610e-07
105	1.45620763292921e-07
106	1.52335899651784e-07
107	1.42990022026369e-07
108	1.56228178847311e-07
109	1.54156946159026e-07
110	1.53043006635640e-07
111	1.48853883555554e-07
112	1.48673943642031e-07
113	1.53211919638917e-07
114	1.52632429485066e-07
115	1.56722483097055e-07
116	1.53165735712632e-07
117	1.53538475533620e-07
118	1.55572081574495e-07
119	1.45775744426108e-07
120	1.52023889811344e-07
121	1.49050913854903e-07
122	1.52765293582229e-07
123	1.53200480531799e-07
124	1.53863652960944e-07
125	1.51427387861290e-07
126	1.50325649741394e-07
127	1.52388826739100e-07
128	1.52782798570378e-07
129	1.52096401862897e-07
130	1.50778737428721e-07
131	1.52334823244948e-07
132	1.61472053065297e-07
133	1.61329219485469e-07
134	1.62534406364084e-07
135	1.56113436727666e-07
136	1.54650087928581e-07
137	1.50157978870050e-07
138	1.47154575391485e-07
139	1.52493331468887e-07
140	1.45583730387060e-07
141	1.55679300457337e-07
142	1.51427225093023e-07
143	1.51688452474212e-07
144	1.63889104931314e-07
145	1.60215637469096e-07
146	1.57308894684115e-07
147	1.53436578389191e-07
148	1.59305498614672e-07
149	1.53046949430646e-07
150	1.56528235649936e-07
151	1.49289219288592e-07
152	1.49544057167707e-07
153	1.49997121142225e-07
154	1.49914732311970e-07
155	1.50379157382791e-07
156	1.52411280197999e-07
157	1.59256237620259e-07
158	1.58463206342429e-07
159	1.53800160433416e-07
160	1.70755294901540e-07
161	1.52626334333918e-07
162	1.56816593634991e-07
163	1.51742694060376e-07
164	1.61374780055765e-07
165	1.53136533755762e-07
166	1.54620757502146e-07
167	1.48562604355319e-07
168	1.60051622405677e-07
169	1.56064293218346e-07
170	1.54396828951591e-07
171	1.51043044731641e-07
172	1.61340770811129e-07
173	1.53066791277378e-07
174	1.62562478579064e-07
175	1.59373279714360e-07
176	1.64252221403477e-07
177	1.65839622561511e-07
178	1.59864783273733e-07
179	1.60985209489624e-07
180	1.59360136178359e-07
181	1.55192351811064e-07
182	1.50601006272994e-07
183	1.56106190308918e-07
184	1.50527804392595e-07
185	1.61958870524971e-07
186	1.51234295756834e-07
187	1.54265952595710e-07
188	1.48247324947404e-07
189	1.57374730527542e-07
190	1.51174033029309e-07
191	1.64797523587821e-07
192	1.57360357979159e-07
193	1.54771242605477e-07
194	1.63188986605502e-07
195	1.71471845146888e-07
196	1.65283176689309e-07
197	1.65881978095638e-07
198	1.59544101208146e-07
199	1.59163460782624e-07
200	1.62885994644690e-07
201	1.60838327123102e-07
202	1.56122962868665e-07
203	1.54283822054925e-07
204	1.56693482582615e-07
205	1.60080386044235e-07
206	1.54772632662663e-07
207	1.57934666733693e-07
208	1.52619157234803e-07
209	1.60004856610232e-07
210	1.53506009818008e-07
211	1.61045352079069e-07
212	1.57809999594409e-07
213	1.62630137031440e-07
214	1.54101779396294e-07
215	1.64150744295920e-07
216	1.62079241737625e-07
217	1.55922687929251e-07
218	1.74539986745231e-07
219	1.61052613577543e-07
220	1.60191067274322e-07
221	1.66047195903783e-07
222	1.60590011516738e-07
223	1.61436694152374e-07
224	1.60138875858940e-07
225	1.67264236364588e-07
226	1.62666319066609e-07
227	1.57085070364272e-07
228	1.74149823162628e-07
229	1.63095930454226e-07
230	1.56315923098362e-07
231	1.61115989404534e-07
232	1.57407999673151e-07
233	1.52904126977945e-07
234	1.61594696818115e-07
235	1.58223815597924e-07
236	1.58090409748336e-07
237	1.51100283830949e-07
238	1.47672904681761e-07
239	1.61350001348708e-07
240	1.63518536429508e-07
241	1.54354035725737e-07
242	1.68925536813443e-07
243	1.55175278326425e-07
244	1.50502302390260e-07
245	1.64754636397296e-07
246	1.63708083830716e-07
247	1.59881733712075e-07
248	1.77430649251846e-07
249	1.77764246855289e-07
250	1.56403630373426e-07
251	1.55643612931374e-07
252	1.64636602320832e-07
253	1.58861893444651e-07
254	1.58889974007953e-07
255	1.69698886525891e-07
256	1.58131769346381e-07
257	1.60975289529622e-07
258	1.64606807214904e-07
259	1.55765895464051e-07
260	1.67251986996877e-07
261	1.68282367331407e-07
262	1.68309052127759e-07
263	1.53155067059942e-07
264	1.65622436895561e-07
265	1.72114048088131e-07
266	1.61141766512722e-07
267	1.51210807913817e-07
268	1.64993425335122e-07
269	1.69127739198375e-07
270	1.73401362653978e-07
271	1.52154173242376e-07
272	1.50570137155553e-07
273	1.51614519970351e-07
274	1.46348755806730e-07
275	1.59073153941088e-07
276	1.60680798196908e-07
277	1.64214841986475e-07
278	1.61310099550019e-07
279	1.58920795169969e-07
280	1.68918324770492e-07
281	1.69157076243721e-07
282	1.51452849295999e-07
283	1.45600253274584e-07
284	1.59630317783220e-07
285	1.64916979317523e-07
286	1.67365033915497e-07
287	1.69356567502259e-07
288	1.62482701757053e-07
289	1.58054237375492e-07
290	1.58902461135170e-07
291	1.58142724325227e-07
292	1.74155166644515e-07
293	1.69133765391996e-07
294	1.51384321387554e-07
295	1.61641323611185e-07
296	1.67961662571304e-07
297	1.68550169012194e-07
298	1.62895364184463e-07
299	1.63669128749911e-07
300	1.70848100970147e-07
301	1.68188875460467e-07
302	1.70349423185507e-07
303	1.59162482694395e-07
304	1.58327687246561e-07
305	1.62442020590859e-07
306	1.65987728017945e-07
307	1.60603977363002e-07
308	1.50642515722681e-07
309	1.58463310102731e-07
310	1.58109281029639e-07
311	1.60577369826035e-07
312	1.61432890289106e-07
313	1.73904292922586e-07
314	1.66534383162972e-07
315	1.71224097203827e-07
316	1.75723064707232e-07
317	1.62519268793611e-07
318	1.52274973295731e-07
319	1.57997516226465e-07
320	1.60517066737963e-07
321	1.61249619830563e-07
322	1.55514509269397e-07
323	1.63821753623499e-07
324	1.65413667675469e-07
325	1.64559586835374e-07
326	1.64530323156788e-07
327	1.75007228076788e-07
328	1.75033329343885e-07
329	1.53355989717782e-07
330	1.58522479059299e-07
331	1.56091312829076e-07
332	1.55615047030797e-07
333	1.55082155229144e-07
334	1.50862625509520e-07
335	1.53684875213133e-07
336	1.61328074826950e-07
337	1.60594588914301e-07
338	1.69943988091237e-07
339	1.63288208833914e-07
340	1.59982189687499e-07
341	1.49471520263951e-07
342	1.53923135167275e-07
343	1.65801586427168e-07
344	1.64778401754214e-07
345	1.54647112087024e-07
346	1.56159423490708e-07
347	1.62507714276559e-07
348	1.63896421174881e-07
349	1.62830575965066e-07
350	1.71377512632459e-07
351	1.75440202287603e-07
352	1.67129065627318e-07
353	1.67852876195952e-07
354	1.67933671531937e-07
355	1.70345679676502e-07
356	1.65015635779481e-07
357	1.57105471996247e-07
358	1.47357087396267e-07
359	1.44494361892634e-07
360	1.58576869244151e-07
361	1.68278367035996e-07
362	1.77371583010299e-07
363	1.80648341041991e-07
364	1.78591487262407e-07
365	1.69768133867075e-07
366	1.60960640026521e-07
367	1.51730752158999e-07
368	1.49624544735518e-07
369	1.50174338636691e-07
370	1.64664015597399e-07
371	1.74034459303427e-07
372	1.71215218718162e-07
373	1.67293309469445e-07
374	1.63499592053577e-07
375	1.58471842254752e-07
376	1.44257141280034e-07
377	1.47639295154313e-07
378	1.54198394745092e-07
379	1.67163344763624e-07
380	1.71640946884917e-07
381	1.75495983596237e-07
382	1.81699787141102e-07
383	1.79009907814824e-07
384	1.72864390920636e-07
385	1.57772074903363e-07
386	1.48004186722361e-07
387	1.55282162806925e-07
388	1.57995520508384e-07
389	1.65159311950191e-07
390	1.74411966695646e-07
391	1.75023029006586e-07
392	1.69269065435009e-07
393	1.70030644503858e-07
394	1.68481843163199e-07
395	1.61804040408095e-07
396	1.65289305872253e-07
397	1.55344854799460e-07
398	1.58252668084571e-07
399	1.66643075641474e-07
400	1.68152286341220e-07
401	1.69122436088825e-07
402	1.65231686092605e-07
403	1.71893930008506e-07
404	1.70179680590497e-07
405	1.74273124293510e-07
406	1.66704321558760e-07
407	1.64196394677721e-07
408	1.67519958933007e-07
409	1.63346217403658e-07
410	1.63725975589413e-07
411	1.49459960353479e-07
412	1.48500129548922e-07
413	1.54798918196306e-07
414	1.57074667275565e-07
415	1.62858249395597e-07
416	1.65715221566574e-07
417	1.65031738499954e-07
418	1.58175604040287e-07
419	1.50062409704978e-07
420	1.47015629420956e-07
421	1.38916129376318e-07
422	1.41776809170103e-07
423	1.45126143746340e-07
424	1.56403496112560e-07
425	1.59526367082591e-07
426	1.64218986251291e-07
427	1.67351223621619e-07
428	1.70965422550017e-07
429	1.75167612827458e-07
430	1.78253341715546e-07
431	1.71387631689362e-07
432	1.57561883930483e-07
433	1.57053950739674e-07
434	1.59725885137997e-07
435	1.61439092250833e-07
436	1.63271948246475e-07
437	1.73483775398376e-07
438	1.64168405004700e-07
439	1.57679585162277e-07
440	1.50851769782410e-07
441	1.58914326468007e-07
442	1.58056340915271e-07
443	1.60592222557732e-07
444	1.57737141252322e-07
445	1.60344997148023e-07
446	1.62739741001451e-07
447	1.62580523951512e-07
448	1.63879996795298e-07
449	1.69473417355518e-07
450	1.70258574561036e-07
451	1.69078072347887e-07
452	1.68006091978313e-07
453	1.69614057835446e-07
454	1.69263633770644e-07
455	1.77986453120811e-07
456	1.74360361912648e-07
457	1.71510370732726e-07
458	1.66151493700697e-07
459	1.62458232133523e-07
460	1.51188591056411e-07
461	1.48794977469694e-07
462	1.49533355158118e-07
463	1.50083420760829e-07
464	1.53116433821180e-07
465	1.49102279474596e-07
466	1.45127254424955e-07
467	1.47207742947025e-07
468	1.56063704985222e-07
469	1.65106974873119e-07
470	1.67501708941902e-07
471	1.69991029531957e-07
472	1.66685427259255e-07
473	1.74574325745579e-07
474	1.70677480892637e-07
475	1.68424261492005e-07
476	1.65464732273420e-07
477	1.65200387327100e-07
478	1.74031628580935e-07
479	1.79690613535184e-07
480	1.78639755320747e-07
481	1.75280022368863e-07
482	1.71181012215947e-07
483	1.71489500683369e-07
484	1.73961327568332e-07
485	1.70235415992961e-07
486	1.67634620689994e-07
487	1.65239889839882e-07
488	1.62538744996538e-07
489	1.62619805731085e-07
490	1.63196916341929e-07
491	1.59755802753800e-07
492	1.63189813744610e-07
493	1.52225800314534e-07
494	1.52790359024133e-07
495	1.56588362162969e-07
496	1.62311573268352e-07
497	1.67994625638827e-07
498	1.72260345426921e-07
499	1.72045713549897e-07
