1	5.08813712434719e-04
2	7.13351982700828e-04
3	8.67875792322174e-04
4	9.95792556482715e-04
5	1.10725845095352e-03
6	1.20661825585777e-03
7	1.29547806588199e-03
8	1.37784861403304e-03
9	1.45423567621983e-03
10	1.52379117713549e-03
11	1.58784867968161e-03
12	1.65444268784045e-03
13	1.71397659082777e-03
14	1.76762600147911e-03
15	1.82627753109602e-03
16	1.87129227591136e-03
17	1.92229941522625e-03
18	1.96542203313721e-03
19	2.01277788715672e-03
20	2.05485579993631e-03
21	2.09607812486989e-03
22	2.13530296685120e-03
23	2.16653426998498e-03
24	2.20696293630764e-03
25	2.25303514740446e-03
26	2.28091135692208e-03
27	2.31442027088819e-03
28	2.34850041312333e-03
29	2.37492471719594e-03
30	2.40667741476454e-03
31	2.43876678787948e-03
32	2.47103688164928e-03
33	2.50188226662669e-03
34	2.52354405646637e-03
35	2.52843993836817e-03
36	2.58222183886132e-03
37	2.60223357150854e-03
38	2.62835036803012e-03
39	2.63780186710102e-03
40	2.66116174378105e-03
41	2.67108738868523e-03
42	2.70455215357106e-03
43	2.71818273995916e-03
44	2.74590095812122e-03
45	2.75743840235528e-03
46	2.80429002814042e-03
47	2.84100049385359e-03
48	2.85463452549249e-03
49	2.83094477531059e-03
50	2.89747844802679e-03
51	2.91288291197144e-03
52	2.91653510721564e-03
53	2.91588862764483e-03
54	2.91525028575429e-03
55	2.93634633576764e-03
56	2.93980489978640e-03
57	3.01842801725875e-03
58	3.01391361291425e-03
59	3.04182133909997e-03
60	2.96027112628725e-03
61	3.01771143990330e-03
62	3.05868251294247e-03
63	3.07662307246561e-03
64	3.04963075694346e-03
65	3.09978362680837e-03
66	3.10593517534646e-03
67	3.11555202831974e-03
68	3.11738587659614e-03
69	3.15056702833689e-03
70	3.16085653471531e-03
71	3.21674768786109e-03
72	3.15699486198048e-03
73	3.18121613330913e-03
74	3.19888017054801e-03
75	3.21275820467907e-03
76	3.24101702606150e-03
77	3.21638370881105e-03
78	3.27375622785781e-03
79	3.27346735285926e-03
80	3.21842168502321e-03
81	3.33014259986738e-03
82	3.24421839112494e-03
83	3.32462379435295e-03
84	3.32435104156447e-03
85	3.31674225610969e-03
86	3.33088018995918e-03
87	3.31551053671839e-03
88	3.32757922413149e-03
89	3.45680173013031e-03
90	3.39236949766322e-03
91	3.30054120174454e-03
92	3.35747463409212e-03
93	3.38888009595588e-03
94	3.38137125040176e-03
95	3.27920157578834e-03
96	3.49763464596046e-03
97	3.36603119309993e-03
98	3.41845993744243e-03
99	3.40123614625927e-03
100	3.36633722010429e-03
101	3.42533871992466e-03
102	3.38439949760691e-03
103	3.46437383880103e-03
104	3.34563386289181e-03
105	3.52736432484213e-03
106	3.50260640734366e-03
107	3.38145213779583e-03
108	3.34124964496308e-03
109	3.36829651322400e-03
110	3.50037283481136e-03
111	3.38649968187853e-03
112	3.46777413990263e-03
113	3.53495835811937e-03
114	3.40510948684597e-03
115	3.50748265165678e-03
116	3.36942465255463e-03
117	3.59531743387402e-03
118	3.58342983685937e-03
119	3.61451173238972e-03
120	3.54596047116900e-03
121	3.47633238367098e-03
122	3.50533130028204e-03
123	3.44338301617073e-03
124	3.56174493986242e-03
125	3.50339081884956e-03
126	3.63219224811832e-03
127	3.51175833278003e-03
128	3.56573613344238e-03
129	3.54739009983855e-03
130	3.56703120649915e-03
131	3.56916873204506e-03
132	3.51135233065602e-03
133	3.42382379597698e-03
134	3.53318690391185e-03
135	3.41473809267135e-03
136	3.49837389216748e-03
137	3.63496167218704e-03
138	3.58212677917666e-03
139	3.54769745212327e-03
140	3.57274182665891e-03
141	3.46036627614984e-03
142	3.54319180645054e-03
143	3.51031713989809e-03
144	3.37896229927282e-03
145	3.56711346894855e-03
146	3.67558881602705e-03
147	3.64746155988966e-03
148	3.74986142089654e-03
149	3.65361597188083e-03
150	3.58445279676180e-03
151	3.52187048716921e-03
152	3.49181374667718e-03
153	3.74393995735253e-03
154	3.75011213453229e-03
155	3.58028989852072e-03
156	3.41305698023174e-03
157	3.70266085593707e-03
158	3.66008678295223e-03
159	3.56323402513460e-03
160	3.57562360135337e-03
161	3.61047179695620e-03
162	3.63403898928822e-03
163	3.66547858282435e-03
164	3.56142731562271e-03
165	3.80739395874610e-03
166	3.48218816156017e-03
167	3.71600451492604e-03
168	3.50704182931769e-03
169	3.72577789820020e-03
170	3.61092893922606e-03
171	3.63176381838391e-03
172	3.72750627543469e-03
173	3.49006824938753e-03
174	3.71344071618648e-03
175	3.44110048603769e-03
176	3.55575179004015e-03
177	3.69871220705183e-03
178	3.60178253756529e-03
179	3.60954420134590e-03
180	3.88415372151684e-03
181	3.31670706915130e-03
182	3.95135921096486e-03
183	3.31370402677545e-03
184	4.09942746306536e-03
185	3.50971511190789e-03
186	3.71028782794736e-03
187	3.68546555733468e-03
188	3.62646196039684e-03
189	3.68316456286806e-03
190	3.51899442472440e-03
191	3.70268347713565e-03
192	3.42517713842980e-03
193	3.83970991384789e-03
194	3.43929769440952e-03
195	3.87645502540398e-03
196	3.51069988672901e-03
197	3.69626599924856e-03
198	3.61509417352687e-03
199	3.71661492802429e-03
200	3.72550472237239e-03
201	3.71976458306484e-03
202	3.62116441417191e-03
203	3.90670790452807e-03
204	3.61401592316589e-03
205	3.60555744190772e-03
206	3.73584393009510e-03
207	3.53119050452690e-03
208	3.75098389653363e-03
209	3.40380832382639e-03
210	3.86530980264878e-03
211	3.69854558312068e-03
212	3.70751415648629e-03
213	3.78728319911092e-03
214	3.64475242344552e-03
215	3.95896924863248e-03
216	3.50894966953713e-03
217	3.76799461552609e-03
218	3.71985576067479e-03
219	3.58168747593009e-03
220	3.77246664700619e-03
221	3.58704518027747e-03
222	3.78782773466026e-03
223	3.59821843820145e-03
224	3.41995543640459e-03
225	3.73580665034341e-03
226	3.59570593481068e-03
227	3.71237142142690e-03
228	3.76785299960286e-03
229	3.50705120745610e-03
230	3.95649731604542e-03
231	3.91542951480422e-03
232	3.54687502959058e-03
233	3.82464001213820e-03
234	3.79981746810205e-03
235	3.69656221076579e-03
236	3.99393431901946e-03
237	3.77196122040934e-03
238	3.77760325071026e-03
239	3.98632222780113e-03
240	3.69687228592911e-03
241	3.54400250024399e-03
242	3.81554408693063e-03
243	3.62651839601994e-03
244	3.61252920210295e-03
245	3.87037762202052e-03
246	3.63553593088853e-03
247	3.59041250342548e-03
248	3.83815487709141e-03
249	3.92036292712747e-03
250	3.61054089234547e-03
251	3.59028003341695e-03
252	3.91078530363770e-03
253	3.74783789846652e-03
254	3.71561194987012e-03
255	3.71952463565474e-03
256	3.73869595584118e-03
257	3.69914287331205e-03
258	3.94003086308390e-03
259	3.94996613369714e-03
260	3.81052023684415e-03
261	3.67310804871831e-03
262	3.80788079789876e-03
263	3.77876328604814e-03
264	3.82644087155817e-03
265	3.89293630454288e-03
266	3.71528950248707e-03
267	3.77357360826440e-03
268	3.58647633847730e-03
269	3.97729743719105e-03
270	3.84931865785272e-03
271	3.66080111775096e-03
272	3.48933344006455e-03
273	3.67190833030873e-03
274	4.00484255112444e-03
275	3.92069035431277e-03
276	3.73943448477876e-03
277	3.81304673937837e-03
278	3.83284311727194e-03
279	3.78991692831701e-03
280	3.61011976534690e-03
281	3.90432866780589e-03
282	3.86202297969788e-03
283	3.77724000376764e-03
284	3.64589160264648e-03
285	3.54350215223753e-03
286	3.81185902793057e-03
287	3.89525721663353e-03
288	3.79298671197008e-03
289	3.75210586731858e-03
290	3.84928489131795e-03
291	3.82056537162598e-03
292	3.76278699309237e-03
293	3.76038402434604e-03
294	3.86234972898521e-03
295	3.91091438123620e-03
296	3.83284301764552e-03
297	3.57777989442406e-03
298	3.71145342955945e-03
299	3.88852247047853e-03
300	3.83827307621211e-03
301	3.78955374590199e-03
302	3.58266710287378e-03
303	3.75468173852870e-03
304	3.86547863495454e-03
305	3.79078131720073e-03
306	3.74052688782098e-03
307	3.68455083766958e-03
308	3.91990315460608e-03
309	3.85767109059693e-03
310	3.82246356363223e-03
311	3.67497410452170e-03
312	3.40556624264001e-03
313	3.78668678536452e-03
314	3.66266743586934e-03
315	3.62441404556702e-03
316	3.52873330743441e-03
317	3.56191890576393e-03
318	3.75715160562289e-03
319	3.90590722123049e-03
320	3.91423883150161e-03
321	3.75188805808572e-03
322	3.58332937801761e-03
323	3.73531515959893e-03
324	3.79803153329138e-03
325	3.85066721349693e-03
326	3.82967465334552e-03
327	3.65541297014890e-03
328	3.50804103559562e-03
329	3.78154795327010e-03
330	4.10515463003461e-03
331	3.99031407572019e-03
332	3.78784914836739e-03
333	3.54900794222116e-03
334	3.54864891296415e-03
335	3.57627208772208e-03
336	3.92286101806585e-03
337	4.20586410001035e-03
338	4.07276655227701e-03
339	3.98608231251118e-03
340	3.78664304928369e-03
341	3.79458129207149e-03
342	3.77129905407112e-03
343	3.80150055334457e-03
344	3.77000318738269e-03
345	3.76645039085374e-03
346	3.60499424019488e-03
347	3.86258351247015e-03
348	3.78176789809905e-03
349	3.72586337029339e-03
350	3.71918498770663e-03
351	3.67823639500596e-03
352	3.59184009239505e-03
353	3.69274165405796e-03
354	3.78026006495034e-03
355	3.82103357993966e-03
356	3.83386222552063e-03
357	3.92300341931019e-03
358	3.75048431120527e-03
359	3.65196950901700e-03
360	3.63938175993172e-03
361	3.46626237137351e-03
362	3.33734857746349e-03
363	3.52930068512043e-03
364	3.74670014269739e-03
365	3.45668545975568e-03
366	3.54995967444981e-03
367	3.91739316136566e-03
368	3.99175953419068e-03
369	3.78875707805894e-03
370	3.70497336613943e-03
371	3.83394046933720e-03
372	3.76333801575420e-03
373	3.46022063114260e-03
374	3.52164531734826e-03
375	3.69040782076283e-03
376	3.76887754845663e-03
377	3.84719278038207e-03
378	4.03269957497919e-03
379	3.97842540595647e-03
380	3.82521600653718e-03
381	3.81014728425237e-03
382	3.78285945890256e-03
383	3.68283722184531e-03
384	3.60478716200538e-03
385	3.83739075516424e-03
386	3.97848191206916e-03
387	3.82091892301744e-03
388	3.71283533947480e-03
389	3.73611562290921e-03
390	3.83430271208424e-03
391	3.82487170031040e-03
392	3.83141324728510e-03
393	3.92517403288250e-03
394	3.89470915589089e-03
395	4.00012943373833e-03
396	3.96838528070945e-03
397	3.76457846488507e-03
398	3.66040638615899e-03
399	3.60869906426587e-03
400	3.74901132616826e-03
401	3.99509335873926e-03
402	3.91114162318248e-03
403	3.96184993525011e-03
404	3.80025122917979e-03
405	3.70446013533175e-03
406	3.88688882349485e-03
407	3.72780888633929e-03
408	3.52617128947939e-03
409	3.50233795685319e-03
410	3.68129993444006e-03
411	3.89588795622575e-03
412	3.89429919803269e-03
413	3.67795196759473e-03
414	3.83146329889542e-03
415	3.96190330960154e-03
416	3.75811875224787e-03
417	3.77442181061310e-03
418	3.60295784544593e-03
419	3.51110415064635e-03
420	3.66829244243536e-03
421	3.75435647507727e-03
422	3.63542884493949e-03
423	3.62483351566613e-03
424	3.58310729988520e-03
425	3.74560922589879e-03
426	3.95255677639932e-03
427	3.84157313923566e-03
428	3.83500711109604e-03
429	4.05046458745958e-03
430	4.12962941747088e-03
431	3.99944721923137e-03
432	3.70201941215258e-03
433	3.79143323953286e-03
434	3.92063790385993e-03
435	3.95780357923323e-03
436	3.81127742779181e-03
437	3.68746123223395e-03
438	3.65750660646640e-03
439	3.83538875405478e-03
440	3.84767663748396e-03
441	3.86451275765714e-03
442	3.74570441242445e-03
443	3.65500606484669e-03
444	3.55781020243783e-03
445	3.64152298863254e-03
446	3.57194450039572e-03
447	3.39059698153482e-03
448	3.37993988703968e-03
449	3.47823141657175e-03
450	3.63835379122024e-03
451	3.84200603173334e-03
452	3.89273148290881e-03
453	3.87800131689321e-03
454	3.99084337742675e-03
455	4.08028835031527e-03
456	4.08234312529880e-03
457	3.90299043117741e-03
458	3.78189434959714e-03
459	3.69633813345874e-03
460	3.63831527353836e-03
461	3.67898234081601e-03
462	3.81221243810594e-03
463	3.73216169705937e-03
464	3.54004435044346e-03
465	3.61218170298968e-03
466	3.78993872298063e-03
467	3.76580944031874e-03
468	3.80857912891222e-03
469	3.88869948216797e-03
470	4.00777158837964e-03
471	3.84084128246122e-03
472	3.75449796379529e-03
473	3.75646544539014e-03
474	3.82620943682996e-03
475	3.68637224639052e-03
476	3.54660649261761e-03
477	3.45655222697456e-03
478	3.42658330879216e-03
479	3.53274197501104e-03
480	3.56454339697810e-03
481	3.56565055975227e-03
482	3.56370295744700e-03
483	3.63183996377708e-03
484	3.70549628025803e-03
485	3.86926407842499e-03
486	3.87003576706535e-03
487	3.72591382128407e-03
488	3.64110679738147e-03
489	3.67343001986161e-03
490	3.74990600456090e-03
491	3.81573000012968e-03
492	3.78159649337509e-03
493	3.81808676987360e-03
494	3.92382375859941e-03
495	3.99211969217439e-03
496	3.85569970365077e-03
497	3.77547761473779e-03
498	3.79243266061703e-03
499	3.83027050378825e-03
