1	1.80755454462479e-04
2	2.53621485901690e-04
3	3.08752430365099e-04
4	3.54542735943399e-04
5	3.94262675086288e-04
6	4.29858506499084e-04
7	4.61883087909072e-04
8	4.91477719524585e-04
9	5.18699781791114e-04
10	5.44056923543871e-04
11	5.67756059668023e-04
12	5.90636026447443e-04
13	6.12074392944502e-04
14	6.32324316169705e-04
15	6.51493726058540e-04
16	6.69861758161166e-04
17	6.87466699637281e-04
18	7.04644154063802e-04
19	7.21403627191131e-04
20	7.35792231189521e-04
21	7.50865274219768e-04
22	7.65312799924486e-04
23	7.79410118988454e-04
24	7.93261538161009e-04
25	8.09246567480001e-04
26	8.18947198613738e-04
27	8.31793494998598e-04
28	8.42887458179697e-04
29	8.54927152008401e-04
30	8.66031592826573e-04
31	8.76761759859688e-04
32	8.87602254847302e-04
33	9.00162790503424e-04
34	9.07088439449925e-04
35	9.17596406588802e-04
36	9.28805121905073e-04
37	9.37121129215729e-04
38	9.46294887157934e-04
39	9.55135168869330e-04
40	9.61571452726801e-04
41	9.70037348497691e-04
42	9.81770088724020e-04
43	9.86350450321321e-04
44	9.92196503610041e-04
45	1.00505690686985e-03
46	1.00884673491096e-03
47	1.01904170613118e-03
48	1.02608527504538e-03
49	1.03246095759720e-03
50	1.03526460549524e-03
51	1.04378046376736e-03
52	1.05446539557133e-03
53	1.06078059027160e-03
54	1.06450919962498e-03
55	1.06969252777486e-03
56	1.08227421110057e-03
57	1.08047968111774e-03
58	1.09075686711553e-03
59	1.10321766989823e-03
60	1.09992290668896e-03
61	1.10781268533520e-03
62	1.10323845410501e-03
63	1.11551173865889e-03
64	1.11639405066083e-03
65	1.12705779071351e-03
66	1.13294448807068e-03
67	1.13481530578616e-03
68	1.14516428125768e-03
69	1.14771747030689e-03
70	1.15004239851664e-03
71	1.15542155784277e-03
72	1.15766932393248e-03
73	1.17233405052455e-03
74	1.16685797480793e-03
75	1.17117220775977e-03
76	1.18707085091288e-03
77	1.18265857049289e-03
78	1.18779606295641e-03
79	1.19169771769708e-03
80	1.19154936328355e-03
81	1.19027158292501e-03
82	1.20436798853381e-03
83	1.21153797329241e-03
84	1.19639849844734e-03
85	1.21570185683215e-03
86	1.21312344481574e-03
87	1.21524423537154e-03
88	1.22691304328184e-03
89	1.22167088024605e-03
90	1.22035415330809e-03
91	1.24947135259125e-03
92	1.24304498036607e-03
93	1.22750064267051e-03
94	1.24719665825849e-03
95	1.25514459695087e-03
96	1.24748349345749e-03
97	1.25305698369217e-03
98	1.24674733934942e-03
99	1.27291095775660e-03
100	1.23936020537960e-03
101	1.24844161386545e-03
102	1.25935078642253e-03
103	1.26969726123992e-03
104	1.28005305403055e-03
105	1.26472793429142e-03
106	1.29060024509692e-03
107	1.27629178072218e-03
108	1.28060008767487e-03
109	1.29054637669051e-03
110	1.28492168797865e-03
111	1.30415228316197e-03
112	1.28706845461220e-03
113	1.30186928524567e-03
114	1.29444091347107e-03
115	1.30934295771534e-03
116	1.30005829453496e-03
117	1.30480481828235e-03
118	1.31080611901284e-03
119	1.30849972150835e-03
120	1.31146785912270e-03
121	1.31771878600896e-03
122	1.29713856941958e-03
123	1.33962621072200e-03
124	1.32376804881177e-03
125	1.30504306167335e-03
126	1.32200309743793e-03
127	1.32864763671174e-03
128	1.32884378880787e-03
129	1.31710036011614e-03
130	1.33556628677726e-03
131	1.33400688770692e-03
132	1.34322649941279e-03
133	1.34377793294769e-03
134	1.31887177313074e-03
135	1.33515574568696e-03
136	1.31837189876005e-03
137	1.34459109570861e-03
138	1.33933180905873e-03
139	1.34845968669171e-03
140	1.34666786026197e-03
141	1.34428471078628e-03
142	1.34897368860644e-03
143	1.32442731967785e-03
144	1.32798136708640e-03
145	1.38724176896927e-03
146	1.37480339715700e-03
147	1.35185390374213e-03
148	1.38234429568415e-03
149	1.37027082553389e-03
150	1.35522688379554e-03
151	1.35944458075128e-03
152	1.37690561336889e-03
153	1.37287674350164e-03
154	1.36835788605481e-03
155	1.36277585356921e-03
156	1.36554763436468e-03
157	1.35333665824789e-03
158	1.37946807850687e-03
159	1.36249365662024e-03
160	1.35626236397892e-03
161	1.34940143993211e-03
162	1.36597893602196e-03
163	1.37130338567086e-03
164	1.37069418490083e-03
165	1.39741628602821e-03
166	1.38278522548601e-03
167	1.38375456678914e-03
168	1.35007183804444e-03
169	1.36631125035689e-03
170	1.35132483480912e-03
171	1.43014971064061e-03
172	1.38296306221483e-03
173	1.36504272496858e-03
174	1.35596298201917e-03
175	1.38072478561104e-03
176	1.39368338355585e-03
177	1.39122264481992e-03
178	1.40622969189993e-03
179	1.39039531395013e-03
180	1.37348863443388e-03
181	1.38336543996264e-03
182	1.40090160459814e-03
183	1.39403083793679e-03
184	1.40911412295317e-03
185	1.40314425080488e-03
186	1.36814768240172e-03
187	1.41507296119743e-03
188	1.39138351923692e-03
189	1.38740753511376e-03
190	1.40493261710284e-03
191	1.37707000143581e-03
192	1.36863642188465e-03
193	1.38712310317218e-03
194	1.42749017695010e-03
195	1.42619738028422e-03
196	1.39298488306567e-03
197	1.41753675888861e-03
198	1.38253229266716e-03
199	1.40409435950439e-03
200	1.40607992058541e-03
201	1.38105233814815e-03
202	1.40120659024734e-03
203	1.42424622703030e-03
204	1.38507577696643e-03
205	1.42874279825234e-03
206	1.39801848034253e-03
207	1.40930572619893e-03
208	1.39727052321626e-03
209	1.42286212091329e-03
210	1.42019503242871e-03
211	1.40616188708229e-03
212	1.42073350124841e-03
213	1.42232313476133e-03
214	1.41737084943880e-03
215	1.38263554223789e-03
216	1.42116875442247e-03
217	1.39023563827813e-03
218	1.40040034732588e-03
219	1.42354820394056e-03
220	1.42898734200851e-03
221	1.41704409768694e-03
222	1.39994837398861e-03
223	1.39452523354365e-03
224	1.38720080192633e-03
225	1.40478491089784e-03
226	1.42256555857373e-03
227	1.41657433591289e-03
228	1.46725335165491e-03
229	1.41985428617167e-03
230	1.40240235261522e-03
231	1.39536415673591e-03
232	1.42633481587005e-03
233	1.41711477433041e-03
234	1.41360222929749e-03
235	1.42222781589895e-03
236	1.43917768785688e-03
237	1.47177633591651e-03
238	1.42960296149495e-03
239	1.42956540083571e-03
240	1.41975225918357e-03
241	1.41272756537374e-03
242	1.43385765417638e-03
243	1.42134468233699e-03
244	1.42069296137980e-03
245	1.43958789887453e-03
246	1.45123429904615e-03
247	1.42739041068703e-03
248	1.44781658128109e-03
249	1.42654901211044e-03
250	1.41933656563423e-03
251	1.48047636898328e-03
252	1.45930895889527e-03
253	1.41354522478533e-03
254	1.44801254512524e-03
255	1.47775237023185e-03
256	1.41451259656091e-03
257	1.45858919377604e-03
258	1.46871323938284e-03
259	1.45292289913620e-03
260	1.48458024922895e-03
261	1.42857143008387e-03
262	1.42946697530300e-03
263	1.40656627709249e-03
264	1.45795217510038e-03
265	1.43562131486765e-03
266	1.43812486119967e-03
267	1.43436821004473e-03
268	1.42354270584516e-03
269	1.43505864276608e-03
270	1.46304725583419e-03
271	1.43698948189034e-03
272	1.35788798586197e-03
273	1.47165407162944e-03
274	1.40408171985462e-03
275	1.45525005839195e-03
276	1.49194385952912e-03
277	1.47800736866705e-03
278	1.45686003670513e-03
279	1.44389157981765e-03
280	1.46062974655023e-03
281	1.47153923066801e-03
282	1.41741320243418e-03
283	1.45886407374051e-03
284	1.47172646355944e-03
285	1.42399235516350e-03
286	1.45053091131200e-03
287	1.48097526739728e-03
288	1.46288618844351e-03
289	1.44091143930821e-03
290	1.45262738610476e-03
291	1.46941694620738e-03
292	1.46702150520867e-03
293	1.46560880117639e-03
294	1.41259382576081e-03
295	1.45860362387001e-03
296	1.47943111401601e-03
297	1.42739827542609e-03
298	1.45995811372959e-03
299	1.47084078108458e-03
300	1.46491707114763e-03
301	1.48867395766055e-03
302	1.51638575467874e-03
303	1.46734350263329e-03
304	1.41697163188303e-03
305	1.40063313327627e-03
306	1.43657288825793e-03
307	1.42813871671785e-03
308	1.47785616777652e-03
309	1.47838677767211e-03
310	1.46034496155183e-03
311	1.44974882852378e-03
312	1.42870411003176e-03
313	1.44644856015504e-03
314	1.46028602681649e-03
315	1.45933495338876e-03
316	1.40044871785400e-03
317	1.46809697180350e-03
318	1.43776626061153e-03
319	1.42451214130758e-03
320	1.47590882238508e-03
321	1.42602786203937e-03
322	1.45174354437606e-03
323	1.44360155830148e-03
324	1.49302111305250e-03
325	1.44669634667229e-03
326	1.42262018999325e-03
327	1.45443829437283e-03
328	1.45007067307136e-03
329	1.43229479746653e-03
330	1.44332130616168e-03
331	1.44887110290082e-03
332	1.46564217906187e-03
333	1.44638704874314e-03
334	1.41515945764184e-03
335	1.50243562735407e-03
336	1.43140588642291e-03
337	1.48671507447227e-03
338	1.48606545214043e-03
339	1.45645693667671e-03
340	1.43054108978183e-03
341	1.43476640974386e-03
342	1.50322641924074e-03
343	1.41314923573835e-03
344	1.44745411554925e-03
345	1.49222733341388e-03
346	1.39967976124892e-03
347	1.44150046278984e-03
348	1.45134343984013e-03
349	1.39394712143025e-03
350	1.40037639604506e-03
351	1.44059219027226e-03
352	1.47121143338282e-03
353	1.40449155225589e-03
354	1.45567313839781e-03
355	1.38489663853707e-03
356	1.45230899426660e-03
357	1.48106246600847e-03
358	1.48239779455605e-03
359	1.45629301586186e-03
360	1.48048555731116e-03
361	1.47280629392221e-03
362	1.50520917161009e-03
363	1.45070205690021e-03
364	1.47690270932211e-03
365	1.48949787348720e-03
366	1.46530170720880e-03
367	1.46321908730570e-03
368	1.46542203129675e-03
369	1.51660718610013e-03
370	1.47745012603254e-03
371	1.41976020356451e-03
372	1.47134702563049e-03
373	1.41248059849297e-03
374	1.43584706072744e-03
375	1.41387136243328e-03
376	1.47062228812170e-03
377	1.46038025881651e-03
378	1.45188970394804e-03
379	1.44412541888269e-03
380	1.42243516693535e-03
381	1.48096448901490e-03
382	1.42651484543707e-03
383	1.53108529693046e-03
384	1.38174859994196e-03
385	1.46929069799587e-03
386	1.40143303291061e-03
387	1.48887389660257e-03
388	1.45967933778530e-03
389	1.45365815910690e-03
390	1.45981628541154e-03
391	1.47544130121488e-03
392	1.45672519203635e-03
393	1.47973329786620e-03
394	1.53069129524751e-03
395	1.44936851064725e-03
396	1.46981630870184e-03
397	1.45437315238690e-03
398	1.50992796762065e-03
399	1.42056064799980e-03
400	1.45594961791889e-03
401	1.46815362084423e-03
402	1.44766215239433e-03
403	1.41319147153494e-03
404	1.48729219024765e-03
405	1.47188060477779e-03
406	1.45428290148745e-03
407	1.42768267503023e-03
408	1.51717557509890e-03
409	1.44514906260375e-03
410	1.47019751170687e-03
411	1.45691954771471e-03
412	1.48877048310990e-03
413	1.42519181429580e-03
414	1.45721129819344e-03
415	1.46704617875754e-03
416	1.47940228726062e-03
417	1.41640000161089e-03
418	1.45363106071241e-03
419	1.49767903602605e-03
420	1.40653548800525e-03
421	1.56034006759124e-03
422	1.46914442816609e-03
423	1.45827660375698e-03
424	1.48173780014567e-03
425	1.49777262139565e-03
426	1.45194586897900e-03
427	1.49139915799465e-03
428	1.47870268822636e-03
429	1.42932403352459e-03
430	1.50555118349756e-03
431	1.45305324203068e-03
432	1.44409738554280e-03
433	1.48517465782735e-03
434	1.42134463134465e-03
435	1.48061603312926e-03
436	1.50413918267266e-03
437	1.47189087471094e-03
438	1.41994172702994e-03
439	1.45553716267207e-03
440	1.45640924151748e-03
441	1.47493207575797e-03
442	1.47810363594603e-03
443	1.45436528571180e-03
444	1.52165512117948e-03
445	1.45651153520262e-03
446	1.50200375164755e-03
447	1.49095160172124e-03
448	1.40744188559227e-03
449	1.53926690997254e-03
450	1.40768788396873e-03
451	1.48185404371897e-03
452	1.48286266912718e-03
453	1.46784741862187e-03
454	1.47200628780152e-03
455	1.45978136133108e-03
456	1.51501667180065e-03
457	1.44009838406068e-03
458	1.48341525771901e-03
459	1.45072504344376e-03
460	1.45048210006008e-03
461	1.50839748928243e-03
462	1.44238235932699e-03
463	1.44876594255904e-03
464	1.43364989998046e-03
465	1.47952771612834e-03
466	1.46432305233522e-03
467	1.43153067171685e-03
468	1.44830731465495e-03
469	1.41403978812587e-03
470	1.50958834179218e-03
471	1.45740221973839e-03
472	1.46708389142760e-03
473	1.46294840099574e-03
474	1.48753320418566e-03
475	1.43530147390512e-03
476	1.52888203586126e-03
477	1.38840733413975e-03
478	1.43379629506232e-03
479	1.56064856180176e-03
480	1.46714193971936e-03
481	1.44754118405404e-03
482	1.47231865781814e-03
483	1.45668447790655e-03
484	1.45061199608911e-03
485	1.47635541840146e-03
486	1.44820578765364e-03
487	1.42217676269969e-03
488	1.45857487326073e-03
489	1.44353382922166e-03
490	1.50491436868984e-03
491	1.47514311547060e-03
492	1.45058719625963e-03
493	1.48257491634960e-03
494	1.49873697291151e-03
495	1.46531440734294e-03
496	1.46435282960984e-03
497	1.51722444432349e-03
498	1.50010420623147e-03
499	1.50124404131236e-03
