1	4.82663799625636e-07
2	6.75791435642267e-07
3	8.21553186897407e-07
4	9.41671854373185e-07
5	1.04535675094455e-06
6	1.13779831274055e-06
7	1.22061234239272e-06
8	1.29738220865604e-06
9	1.36651863351059e-06
10	1.43220630963471e-06
11	1.49164697268639e-06
12	1.54807618994073e-06
13	1.60250181779659e-06
14	1.65034901130673e-06
15	1.70351899774277e-06
16	1.74731498123961e-06
17	1.78534172140264e-06
18	1.83198789419180e-06
19	1.87725339262817e-06
20	1.91542231971059e-06
21	1.93765583528092e-06
22	1.97793348324143e-06
23	2.00254351968208e-06
24	2.04466312969445e-06
25	2.07637195982620e-06
26	2.09907794092161e-06
27	2.12981302107755e-06
28	2.16529910874274e-06
29	2.18997346920673e-06
30	2.22096903317977e-06
31	2.23973474300819e-06
32	2.26303409488304e-06
33	2.26183149527386e-06
34	2.30114866208870e-06
35	2.33977619520906e-06
36	2.35353018914926e-06
37	2.34567037227380e-06
38	2.39799304138630e-06
39	2.41078612814929e-06
40	2.44483549656851e-06
41	2.46360756130441e-06
42	2.45741203805290e-06
43	2.47700953388230e-06
44	2.50566525893034e-06
45	2.54257896261883e-06
46	2.54819483509432e-06
47	2.52672648033347e-06
48	2.58702045013111e-06
49	2.55111453578092e-06
50	2.58299804733321e-06
51	2.58327252745152e-06
52	2.59494371493572e-06
53	2.60745871758141e-06
54	2.63292955584699e-06
55	2.64628360756808e-06
56	2.69491105536708e-06
57	2.72215726183347e-06
58	2.72020665658084e-06
59	2.79400739113719e-06
60	2.76196962703641e-06
61	2.78969364905879e-06
62	2.76624448665232e-06
63	2.78370821062880e-06
64	2.77051070395867e-06
65	2.80662839204558e-06
66	2.74235528351532e-06
67	2.78789081649721e-06
68	2.78135781458536e-06
69	2.84098282434256e-06
70	2.88011127740791e-06
71	2.84404296112507e-06
72	2.86459151153020e-06
73	2.88112083924335e-06
74	2.87066711758768e-06
75	2.75634717238124e-06
76	2.91156743605197e-06
77	2.85820900719706e-06
78	2.96643759885228e-06
79	2.89040442382637e-06
80	2.93896213169822e-06
81	2.95161634111736e-06
82	2.95816052083128e-06
83	2.93403709560275e-06
84	2.93118490985297e-06
85	3.02056831617299e-06
86	2.93981943499070e-06
87	3.02391334033942e-06
88	2.95419757492413e-06
89	3.03012228635795e-06
90	3.13105950949694e-06
91	3.08643917985470e-06
92	2.93901415412859e-06
93	3.01524898293479e-06
94	2.94754541035184e-06
95	2.95571783779542e-06
96	3.03156890259277e-06
97	3.01343822037535e-06
98	3.02986465981761e-06
99	3.01658993321452e-06
100	3.02485182665672e-06
101	3.06984125149335e-06
102	2.98656908733852e-06
103	3.12030186225664e-06
104	3.05992854134510e-06
105	3.04203443858750e-06
106	3.01918457549487e-06
107	3.07196751367512e-06
108	3.00489361260290e-06
109	3.03807966842525e-06
110	3.06576485140298e-06
111	3.13436772291488e-06
112	3.06234965178868e-06
113	3.15310420493600e-06
114	3.20876828467156e-06
115	3.17813485430304e-06
116	3.09215170781619e-06
117	3.09548635132995e-06
118	2.97159745190019e-06
119	3.12394946421537e-06
120	3.27200791057597e-06
121	3.21168119835292e-06
122	3.12214102375551e-06
123	3.13295251314998e-06
124	3.19602132344706e-06
125	3.24412317283347e-06
126	3.19997732622649e-06
127	3.11510745916231e-06
128	3.15222546331608e-06
129	2.92712044257399e-06
130	3.19345634211305e-06
131	3.26656621294101e-06
132	3.02351950530499e-06
133	3.17729580618033e-06
134	3.12019931725018e-06
135	3.08081184988609e-06
136	3.18352365182053e-06
137	3.18385179144957e-06
138	3.19361704669568e-06
139	3.11180428165396e-06
140	3.12380288214276e-06
141	3.07267237589840e-06
142	2.98718967033936e-06
143	3.08374915574858e-06
144	3.22230032498458e-06
145	3.17653721377056e-06
146	3.32464568180034e-06
147	3.26931163746778e-06
148	3.14193124025722e-06
149	3.09378596152792e-06
150	3.19200328316381e-06
151	3.29506798085120e-06
152	3.11108482157360e-06
153	3.30598259209627e-06
154	3.19124966118297e-06
155	3.33878725746615e-06
156	3.24270018348887e-06
157	3.30184677232806e-06
158	3.31315507507653e-06
159	3.23541880891206e-06
160	3.41755091651746e-06
161	3.07596576178263e-06
162	3.31795228081043e-06
163	3.15764468803953e-06
164	3.28152586163806e-06
165	3.12693940459168e-06
166	3.27406329777827e-06
167	3.10069826714137e-06
168	3.36340384683811e-06
169	3.19323006915834e-06
170	3.27028695704046e-06
171	3.26491974619816e-06
172	3.22955295076193e-06
173	3.27531424797407e-06
174	3.28877482898787e-06
175	3.20719861044983e-06
176	3.33986017374355e-06
177	3.32182767125328e-06
178	3.28682740545770e-06
179	3.46210512009382e-06
180	3.31775406067988e-06
181	3.29463847420527e-06
182	3.34191306515037e-06
183	3.26277494915014e-06
184	3.32730799089152e-06
185	3.25441042285566e-06
186	3.26725402460387e-06
187	3.40471426266189e-06
188	3.17544586032962e-06
189	3.40084904721724e-06
190	3.45404806581236e-06
191	3.29124679164851e-06
192	3.37233355389945e-06
193	3.37588774901304e-06
194	3.15521627653730e-06
195	3.36061494695856e-06
196	3.12535351678613e-06
197	3.32325542246102e-06
198	3.04533735251528e-06
199	3.28632768781342e-06
200	3.27873675325422e-06
201	3.36149671906363e-06
202	3.31605318984745e-06
203	3.11847862162442e-06
204	3.48100462941581e-06
205	3.24950725344021e-06
206	3.35814053515125e-06
207	3.42345994653754e-06
208	3.40223048884822e-06
209	3.24899931918417e-06
210	3.06385676593008e-06
211	3.32616178587744e-06
212	3.28301922174714e-06
213	3.39382428256631e-06
214	3.09568331487861e-06
215	3.27791301893550e-06
216	3.35762602174604e-06
217	3.18480257819095e-06
218	3.22941958139571e-06
219	3.29194904010073e-06
220	3.43228539860071e-06
221	3.45543976785939e-06
222	3.15678202819878e-06
223	3.14691246926792e-06
224	3.30935925907460e-06
225	3.14698817141888e-06
226	3.10653823801873e-06
227	3.19984651461200e-06
228	3.38616789282499e-06
229	3.13289994584304e-06
230	3.08736189126577e-06
231	3.19585217077395e-06
232	3.31376268649615e-06
233	3.40640014618851e-06
234	3.23282649177917e-06
235	3.16128964466042e-06
236	3.35141694124682e-06
237	3.44372947919297e-06
238	3.16296626090178e-06
239	3.17564259597281e-06
240	3.31311503869263e-06
241	3.38701569586506e-06
242	3.48239142190249e-06
243	3.36175272613815e-06
244	3.22305221952177e-06
245	3.28256150638768e-06
246	3.31275977738480e-06
247	3.32366959453256e-06
248	3.29470234879622e-06
249	3.19984894385838e-06
250	3.16430186713977e-06
251	3.23471346111293e-06
252	3.44763836783613e-06
253	3.27084721591882e-06
254	3.20974200330526e-06
255	3.09944799603167e-06
256	3.20601881098146e-06
257	3.27369458269457e-06
258	3.14785499418383e-06
259	3.27003221152834e-06
260	3.23113545724032e-06
261	3.16757749515736e-06
262	3.22728124133018e-06
263	3.35288811877079e-06
264	3.30753085564628e-06
265	3.12857156524895e-06
266	3.01802359232127e-06
267	3.17253644116720e-06
268	3.31117110819894e-06
269	3.31530077221701e-06
270	3.23700238312328e-06
271	3.20116411558136e-06
272	3.09602946939471e-06
273	3.16400206019510e-06
274	3.40588617912439e-06
275	3.50884139685145e-06
276	3.29801136517311e-06
277	3.24952971779468e-06
278	3.10393434060759e-06
279	3.16729669779455e-06
280	3.28751017263292e-06
281	3.39658258342047e-06
282	3.31509212257734e-06
283	3.25212862947980e-06
284	3.12979372697589e-06
285	3.09022236207022e-06
286	3.16290408195765e-06
287	3.25128291761722e-06
288	3.36776123176641e-06
289	3.27352040051704e-06
290	3.17711664135046e-06
291	3.21959034532915e-06
292	3.30448863874095e-06
293	3.19715665637213e-06
294	3.18738924931566e-06
295	3.18647728834988e-06
296	3.14872199124412e-06
297	3.24039485838068e-06
298	3.29474848264622e-06
299	3.41916088307609e-06
300	3.24884360538190e-06
301	3.22475979783272e-06
302	3.33696192415262e-06
303	3.34901048787820e-06
304	3.42116400168022e-06
305	3.43215624903740e-06
306	3.46381614194716e-06
307	3.40269279352390e-06
308	3.38273390969537e-06
309	3.39854102552938e-06
310	3.45036083749914e-06
311	3.49642364612951e-06
312	3.49964576557044e-06
313	3.47568730517021e-06
314	3.56880782114465e-06
315	3.48640434853654e-06
316	3.51623615253585e-06
317	3.58296366182941e-06
318	3.54426770707823e-06
319	3.45938087263738e-06
320	3.43021766916995e-06
321	3.26033113064763e-06
322	3.21794020169621e-06
323	3.34876928496572e-06
324	3.25886613910829e-06
325	3.23464652118037e-06
326	3.25427026828079e-06
327	3.25481770984666e-06
328	3.42887866050851e-06
329	3.49614886150620e-06
330	3.29147010842181e-06
331	3.18646284274063e-06
332	3.07869260910277e-06
333	3.20627391125703e-06
334	3.43287528272353e-06
335	3.58811731414946e-06
336	3.52045772390391e-06
337	3.47675651869567e-06
338	3.32843984265745e-06
339	3.20963048598299e-06
340	3.16146939508731e-06
341	3.24885725148246e-06
342	3.30155291157985e-06
343	3.24099250176363e-06
344	3.31097375397962e-06
345	3.35487642063561e-06
346	3.27409443160417e-06
347	3.35309588255003e-06
348	3.51300168651358e-06
349	3.47317989005276e-06
350	3.42641838050520e-06
351	3.31533582083090e-06
352	3.29774614040621e-06
353	3.22679096268672e-06
354	3.21195212621564e-06
355	3.42105775367625e-06
356	3.39325199295332e-06
357	3.42046228824226e-06
358	3.40021627546595e-06
359	3.28911025097611e-06
360	3.18008586961899e-06
361	3.10984690101350e-06
362	3.37809695461236e-06
363	3.39212213459848e-06
364	3.42470654237261e-06
365	3.36574544917161e-06
366	3.23286829660783e-06
367	3.27417364287630e-06
368	3.19303033850065e-06
369	3.36365183509088e-06
370	3.49917494709613e-06
371	3.50385726492868e-06
372	3.63164737789765e-06
373	3.64058803441962e-06
374	3.45560221924480e-06
375	3.30443844758131e-06
376	3.24128386429867e-06
377	3.33959240067960e-06
378	3.45922478598168e-06
379	3.33381869900828e-06
380	3.36454012895607e-06
381	3.43682972538007e-06
382	3.39009998180587e-06
383	3.39127104559873e-06
384	3.59698748037545e-06
385	3.74973907570903e-06
386	3.68096299468871e-06
387	3.44138685602756e-06
388	3.41252936222924e-06
389	3.40578073429931e-06
390	3.34684593323350e-06
391	3.20826617384110e-06
392	3.08965937039430e-06
393	3.32185746605827e-06
394	3.52363969417650e-06
395	3.42259655405498e-06
396	3.36271767085329e-06
397	3.43404643916118e-06
398	3.52090605699243e-06
399	3.54593750524803e-06
400	3.38804109425385e-06
401	3.33346681373047e-06
402	3.41596837569048e-06
403	3.52023993556777e-06
404	3.35023766302171e-06
405	3.19470102679839e-06
406	3.21487465521596e-06
407	3.34635764820003e-06
408	3.39718085101029e-06
409	3.47575484575217e-06
410	3.41669613479041e-06
411	3.47162758465837e-06
412	3.66060720718181e-06
413	3.59715597149422e-06
414	3.48295523080283e-06
415	3.45860705647506e-06
416	3.37891881811581e-06
417	3.42851521504306e-06
418	3.52177363960532e-06
419	3.53998889100172e-06
420	3.55397349135319e-06
421	3.60054651866934e-06
422	3.58440393105495e-06
423	3.42148439695473e-06
424	3.40680260032496e-06
425	3.46725416001446e-06
426	3.49972086675628e-06
427	3.51692101824169e-06
428	3.47803391122013e-06
429	3.50297269032878e-06
430	3.68459192912370e-06
431	3.84728419719273e-06
432	3.75349955342735e-06
433	3.68935625329564e-06
434	3.64120120188945e-06
435	3.62457416614804e-06
436	3.53646341477719e-06
437	3.53616492570955e-06
438	3.58595607442956e-06
439	3.55426105452664e-06
440	3.66111861363175e-06
441	3.73780951698663e-06
442	3.54882291906918e-06
443	3.35082329056187e-06
444	3.32646739540027e-06
445	3.41198330648055e-06
446	3.44022779734479e-06
447	3.49019809573175e-06
448	3.51615298002251e-06
449	3.62912161477702e-06
450	3.71691519692651e-06
451	3.82743786995840e-06
452	3.86345772376138e-06
453	3.77898863502820e-06
454	3.61092108661554e-06
455	3.56043477615214e-06
456	3.49113622145989e-06
457	3.37523478037491e-06
458	3.31248993492412e-06
459	3.31390438087303e-06
460	3.33436016830128e-06
461	3.44887369314712e-06
462	3.49278495991389e-06
463	3.58593837697449e-06
464	3.64431381634009e-06
465	3.73249342337428e-06
466	3.73884912550510e-06
467	3.73067300670412e-06
468	3.67941314150714e-06
469	3.68153798017824e-06
470	3.64103379938627e-06
471	3.69990963707317e-06
472	3.69115388991378e-06
473	3.73555947646587e-06
474	3.55923527434582e-06
475	3.44057639250741e-06
476	3.44692220988261e-06
477	3.50143672418888e-06
478	3.49086928234738e-06
479	3.62323781243720e-06
480	3.62094110018269e-06
481	3.45362187826035e-06
482	3.40547659408389e-06
483	3.41309120623013e-06
484	3.47969328642573e-06
485	3.60566537033006e-06
486	3.58426798754001e-06
487	3.48484626465951e-06
488	3.57643589653773e-06
489	3.66819482914690e-06
490	3.66341351852130e-06
491	3.60754761863849e-06
492	3.63041392070535e-06
493	3.66068549070667e-06
494	3.63344299371317e-06
495	3.57869733491319e-06
496	3.63520506231983e-06
497	3.66862847984959e-06
498	3.66561954371829e-06
499	3.56930514385223e-06
