1	7.28974919256974e-05
2	9.35669935560267e-05
3	1.06793086768821e-04
4	1.16203446005050e-04
5	1.23246749881666e-04
6	1.28303511077812e-04
7	1.32618738679432e-04
8	1.36184649819061e-04
9	1.37878456763880e-04
10	1.40255606558599e-04
11	1.41730104254182e-04
12	1.43013158626558e-04
13	1.44822737395946e-04
14	1.44931839755824e-04
15	1.46946271633404e-04
16	1.47626060033500e-04
17	1.47403361767916e-04
18	1.49736109313299e-04
19	1.50106290650920e-04
20	1.48315675542693e-04
21	1.50597379640366e-04
22	1.50115546625997e-04
23	1.50456832025829e-04
24	1.51375800723156e-04
25	1.51135628029076e-04
26	1.50709612200098e-04
27	1.51900468643204e-04
28	1.52501446387739e-04
29	1.52598159243949e-04
30	1.52221308634010e-04
31	1.52950431972375e-04
32	1.51602650828204e-04
33	1.51638996724687e-04
34	1.53925255335911e-04
35	1.53623713593190e-04
36	1.52336054660947e-04
37	1.53499745623396e-04
38	1.53616346122894e-04
39	1.53879901841090e-04
40	1.53622018309482e-04
41	1.53593101965474e-04
42	1.54885105989605e-04
43	1.54598328435099e-04
44	1.54802389655895e-04
45	1.54135106309895e-04
46	1.54234699287828e-04
47	1.53677150433756e-04
48	1.52973475524856e-04
49	1.55721931632737e-04
50	1.53135128037083e-04
51	1.54275085784199e-04
52	1.54135019630849e-04
53	1.54762059253128e-04
54	1.54883098599771e-04
55	1.53878742290164e-04
56	1.53829090209098e-04
57	1.56233627692705e-04
58	1.52761032248124e-04
59	1.56950389343573e-04
60	1.54336450568044e-04
61	1.54456860872666e-04
62	1.53336595214159e-04
63	1.56564302678039e-04
64	1.55441241600068e-04
65	1.53386064603167e-04
66	1.51456957981301e-04
67	1.54490716265410e-04
68	1.54717112965554e-04
69	1.54567774054611e-04
70	1.54546740735900e-04
71	1.55151125315486e-04
72	1.55631274152525e-04
73	1.54566464060919e-04
74	1.54843213478438e-04
75	1.52565335990518e-04
76	1.55576961930377e-04
77	1.55394057633211e-04
78	1.55327959893815e-04
79	1.54255020110508e-04
80	1.56156644571917e-04
81	1.53917675151429e-04
82	1.57555510915803e-04
83	1.55518058540975e-04
84	1.54139339073832e-04
85	1.54567409402579e-04
86	1.55475748842985e-04
87	1.55366809025842e-04
88	1.55733537876036e-04
89	1.56898995884314e-04
90	1.54175509727176e-04
91	1.59233859094492e-04
92	1.54325353641540e-04
93	1.55734363822155e-04
94	1.54800092734777e-04
95	1.55661390101554e-04
96	1.54821548539586e-04
97	1.53067252480984e-04
98	1.55289882566740e-04
99	1.56834210662235e-04
100	1.51149781793419e-04
101	1.50843881847398e-04
102	1.57815101308355e-04
103	1.59855169164584e-04
104	1.57738188420497e-04
105	1.57321389702712e-04
106	1.54599703140739e-04
107	1.54216646303261e-04
108	1.57585829020488e-04
109	1.57591123000877e-04
110	1.58147661400195e-04
111	1.56411289654122e-04
112	1.51240374707437e-04
113	1.58036861275314e-04
114	1.55435332856241e-04
115	1.57896338114852e-04
116	1.51262226346682e-04
117	1.52450797349991e-04
118	1.58344573641755e-04
119	1.55504661230458e-04
120	1.57876210703889e-04
121	1.58102275289292e-04
122	1.57447485640197e-04
123	1.56559090450741e-04
124	1.56281869361503e-04
125	1.52162314227096e-04
126	1.56832695266589e-04
127	1.55160884213819e-04
128	1.58696129674473e-04
129	1.59286854751750e-04
130	1.58881582014003e-04
131	1.57729138775411e-04
132	1.53397232550268e-04
133	1.58326201757087e-04
134	1.59657319309322e-04
135	1.58960440569826e-04
136	1.56219229521279e-04
137	1.55378511856128e-04
138	1.55439554203753e-04
139	1.58160525378493e-04
140	1.55752819352763e-04
141	1.59300886344754e-04
142	1.52508758785791e-04
143	1.56466418300780e-04
144	1.58502011132292e-04
145	1.57712539489870e-04
146	1.55043456858052e-04
147	1.58028103741890e-04
148	1.56996652057702e-04
149	1.56594713883436e-04
150	1.54745218558770e-04
151	1.57868176415219e-04
152	1.57551527821495e-04
153	1.54658637201117e-04
154	1.55312523079048e-04
155	1.57612723359736e-04
156	1.55797031443729e-04
157	1.59808388098058e-04
158	1.53188071971790e-04
159	1.54824203527282e-04
160	1.58692009291343e-04
161	1.60189485835456e-04
162	1.58582427134026e-04
163	1.59637096044154e-04
164	1.60994312646696e-04
165	1.52951683921500e-04
166	1.56265443519119e-04
167	1.55639137720586e-04
168	1.54542999954337e-04
169	1.54886448241168e-04
170	1.56902755073145e-04
171	1.59210570949732e-04
172	1.58394841304277e-04
173	1.61279988785122e-04
174	1.58256809100382e-04
175	1.57029132739995e-04
176	1.57260410730671e-04
177	1.56321204209511e-04
178	1.58273941355258e-04
179	1.58334341599434e-04
180	1.58595812918770e-04
181	1.55553015963456e-04
182	1.57948610446559e-04
183	1.60679750589454e-04
184	1.53740480306482e-04
185	1.56852215762133e-04
186	1.62320635646944e-04
187	1.59507648130605e-04
188	1.57133664078806e-04
189	1.59281130511277e-04
190	1.55648845666812e-04
191	1.56905726739550e-04
192	1.57566492202348e-04
193	1.59276980789651e-04
194	1.58223880871041e-04
195	1.59708794275731e-04
196	1.57488146918893e-04
197	1.59108212229764e-04
198	1.60197541775850e-04
199	1.62633364953612e-04
200	1.55074253227499e-04
201	1.62469860495108e-04
202	1.57840720631120e-04
203	1.57469577131587e-04
204	1.59662703211020e-04
205	1.52170461660443e-04
206	1.61480073359060e-04
207	1.56242030464060e-04
208	1.58943949635486e-04
209	1.54415241459812e-04
210	1.55534788450614e-04
211	1.55608883002384e-04
212	1.56766571010051e-04
213	1.55552920740449e-04
214	1.57393803005335e-04
215	1.56704522019026e-04
216	1.60382807335052e-04
217	1.55956535980138e-04
218	1.58852908626328e-04
219	1.55470622317615e-04
220	1.58301837865756e-04
221	1.56150921762573e-04
222	1.61875255019913e-04
223	1.57856639873396e-04
224	1.53206790045851e-04
225	1.59736821636730e-04
226	1.63614199018578e-04
227	1.56408856976994e-04
228	1.56542793317863e-04
229	1.56274217654724e-04
230	1.57815688893737e-04
231	1.59723774964214e-04
232	1.50756461533215e-04
233	1.56182089119880e-04
234	1.54234497741015e-04
235	1.54676314959704e-04
236	1.62563184497561e-04
237	1.60400684704664e-04
238	1.60050556028222e-04
239	1.56544566827429e-04
240	1.53973581351173e-04
241	1.58948804335663e-04
242	1.58711483710204e-04
243	1.57350730628406e-04
244	1.58581252907004e-04
245	1.55749824588890e-04
246	1.57143622132086e-04
247	1.57551346342557e-04
248	1.60179242282434e-04
249	1.57633910012723e-04
250	1.56913411296382e-04
251	1.56141061986594e-04
252	1.52837898509460e-04
253	1.61991660744074e-04
254	1.52306723409324e-04
255	1.58722984842384e-04
256	1.59028962011576e-04
257	1.56630280449250e-04
258	1.62450940348916e-04
259	1.58439628983091e-04
260	1.62177856039115e-04
261	1.58424252797217e-04
262	1.57957930513612e-04
263	1.54959754174253e-04
264	1.51718795240393e-04
265	1.59937271132820e-04
266	1.62169083038466e-04
267	1.59901741715443e-04
268	1.58317461657586e-04
269	1.58228524289183e-04
270	1.59379427977965e-04
271	1.62295245193128e-04
272	1.56025717479339e-04
273	1.54040858647026e-04
274	1.53535781330542e-04
275	1.57365439986176e-04
276	1.56968888026381e-04
277	1.61377168336060e-04
278	1.57702812481811e-04
279	1.53382754495761e-04
280	1.49995414253584e-04
281	1.51577877728289e-04
282	1.61404101631871e-04
283	1.60507495654006e-04
284	1.51853265087016e-04
285	1.63993129210350e-04
286	1.55236714612797e-04
287	1.53962993275409e-04
288	1.58469948407234e-04
289	1.55209580938943e-04
290	1.52117898751416e-04
291	1.57876539722761e-04
292	1.58129928692109e-04
293	1.52904521508209e-04
294	1.61712777653297e-04
295	1.57437737709490e-04
296	1.56510079270577e-04
297	1.60347307231141e-04
298	1.51493238152199e-04
299	1.60265510588486e-04
300	1.56009432363490e-04
301	1.61356327237844e-04
302	1.55644481395994e-04
303	1.55762100109441e-04
304	1.55326080543516e-04
305	1.61853187436970e-04
306	1.50717747372387e-04
307	1.56781893008950e-04
308	1.53169064932994e-04
309	1.54379563030320e-04
310	1.56770324461540e-04
311	1.58090299290749e-04
312	1.52255502103449e-04
313	1.53706658729556e-04
314	1.52274031673806e-04
315	1.58442980038194e-04
316	1.56898814140772e-04
317	1.55226432275956e-04
318	1.47719329516112e-04
319	1.56283078272733e-04
320	1.56371084801356e-04
321	1.53319915456293e-04
322	1.56198743596244e-04
323	1.53114531658298e-04
324	1.51618520291975e-04
325	1.50621989999811e-04
326	1.53700415528752e-04
327	1.54206689086457e-04
328	1.59180213468226e-04
329	1.54042182808631e-04
330	1.60686041930554e-04
331	1.54465448444792e-04
332	1.58851697615854e-04
333	1.56842327094875e-04
334	1.57184949386267e-04
335	1.54819980378878e-04
336	1.50266864186621e-04
337	1.58689221968862e-04
338	1.48314222159795e-04
339	1.52803851146697e-04
340	1.58902143226050e-04
341	1.50188252597507e-04
342	1.59739147729161e-04
343	1.52289947753460e-04
344	1.60318774524090e-04
345	1.54747921412652e-04
346	1.61718630932890e-04
347	1.50244851769984e-04
348	1.60143326302176e-04
349	1.51484072308789e-04
350	1.56947506768642e-04
351	1.51674942511891e-04
352	1.51331296031606e-04
353	1.53915734177629e-04
354	1.58919887320468e-04
355	1.61480191486731e-04
356	1.54366530210876e-04
357	1.55103666196739e-04
358	1.56118983041547e-04
359	1.48188320984496e-04
360	1.57829655665839e-04
361	1.58603918233128e-04
362	1.57224129253245e-04
363	1.62718400419921e-04
364	1.57903810340412e-04
365	1.56574949242652e-04
366	1.66213742022408e-04
367	1.61353166019794e-04
368	1.54105419451748e-04
369	1.50083288747914e-04
370	1.56141618230157e-04
371	1.53303048936834e-04
372	1.62945311077951e-04
373	1.55755326227086e-04
374	1.59314320723606e-04
375	1.49630076267949e-04
376	1.55706803851519e-04
377	1.57720210697613e-04
378	1.63276979949589e-04
379	1.48176664216789e-04
380	1.49188338526009e-04
381	1.49290861593501e-04
382	1.52399585350453e-04
383	1.54276352677419e-04
384	1.61635385072505e-04
385	1.48003012655600e-04
386	1.59815529618660e-04
387	1.52984702292493e-04
388	1.52126361276846e-04
389	1.56717320671237e-04
390	1.60062999535484e-04
391	1.56736986439211e-04
392	1.57672731401713e-04
393	1.57178969945562e-04
394	1.52606977934284e-04
395	1.56996818983675e-04
396	1.55975706795327e-04
397	1.56692607554162e-04
398	1.54049379404736e-04
399	1.53860937188885e-04
400	1.58823606934910e-04
401	1.49807913382970e-04
402	1.51252216453341e-04
403	1.49758959681392e-04
404	1.54700918654324e-04
405	1.56414828900488e-04
406	1.54854487932522e-04
407	1.55116557163078e-04
408	1.55371153246966e-04
409	1.52522220436931e-04
410	1.50681296263231e-04
411	1.59138262873774e-04
412	1.58651366146493e-04
413	1.51644655982588e-04
414	1.51378211160910e-04
415	1.55040861724290e-04
416	1.53021397300749e-04
417	1.59264536941320e-04
418	1.52408676486850e-04
419	1.55281048127523e-04
420	1.52032115300472e-04
421	1.56350148876291e-04
422	1.51001539929556e-04
423	1.57847356577987e-04
424	1.58084955174973e-04
425	1.48574678653676e-04
426	1.50850148452800e-04
427	1.51242812702403e-04
428	1.51044327933716e-04
429	1.46220961619086e-04
430	1.54237252497429e-04
431	1.46362232627862e-04
432	1.53874113533208e-04
433	1.52839720151536e-04
434	1.50224801866573e-04
435	1.53825177284660e-04
436	1.58312609053665e-04
437	1.52496992118109e-04
438	1.54747563919323e-04
439	1.53921613485710e-04
440	1.49747030851307e-04
441	1.56521290297108e-04
442	1.49404688166292e-04
443	1.57090111437104e-04
444	1.59411222082051e-04
445	1.58692620294990e-04
446	1.56810818111626e-04
447	1.52728436838526e-04
448	1.42227854231538e-04
449	1.59315873196006e-04
450	1.53265431213482e-04
451	1.60468443259818e-04
452	1.58941851328814e-04
453	1.54385676467964e-04
454	1.56698081527395e-04
455	1.55491371643463e-04
456	1.52599132973151e-04
457	1.56206524334156e-04
458	1.50409021123739e-04
459	1.45549674119654e-04
460	1.50534122261741e-04
461	1.51808202969823e-04
462	1.53209918619154e-04
463	1.57344664529871e-04
464	1.43962041107320e-04
465	1.54633367759618e-04
466	1.50816513396095e-04
467	1.53386319328779e-04
468	1.48967895939179e-04
469	1.59528089786963e-04
470	1.52314252638681e-04
471	1.58336562405933e-04
472	1.54489973134439e-04
473	1.50138232806296e-04
474	1.60228657212565e-04
475	1.50537311420396e-04
476	1.60468612945107e-04
477	1.58968127706770e-04
478	1.48949417246785e-04
479	1.51629950071831e-04
480	1.50075250587058e-04
481	1.52675190939960e-04
482	1.53904401446905e-04
483	1.63400401053042e-04
484	1.60071040278845e-04
485	1.52773832566283e-04
486	1.54539473240601e-04
487	1.49783331792924e-04
488	1.55712085178275e-04
489	1.55067269428277e-04
490	1.57357354824639e-04
491	1.54117737101995e-04
492	1.60137839905670e-04
493	1.53421843674669e-04
494	1.55098236028771e-04
495	1.50134919268634e-04
496	1.50329132505496e-04
497	1.52187287713379e-04
498	1.57695900050363e-04
499	1.55681641668134e-04
