1	6.09821457445874e-07
2	8.57439153498609e-07
3	1.04538429650491e-06
4	1.20197791472537e-06
5	1.33838369871219e-06
6	1.46057282898584e-06
7	1.57144993751308e-06
8	1.67241674345969e-06
9	1.76783551814667e-06
10	1.85723670273564e-06
11	1.94290954474163e-06
12	2.02001942208018e-06
13	2.09524436514677e-06
14	2.16783062245614e-06
15	2.23452041591266e-06
16	2.29811536665914e-06
17	2.36256101908375e-06
18	2.42355507146030e-06
19	2.47739730640814e-06
20	2.53338504974292e-06
21	2.58857941704875e-06
22	2.64306431406863e-06
23	2.69344075523361e-06
24	2.74740185609666e-06
25	2.78943838925114e-06
26	2.83543295163598e-06
27	2.87443615763356e-06
28	2.91801274674662e-06
29	2.95622369986279e-06
30	3.01049749100375e-06
31	3.04068990273589e-06
32	3.08367428229179e-06
33	3.11844986109945e-06
34	3.15793488662254e-06
35	3.20494203279200e-06
36	3.22751812642016e-06
37	3.26173276949116e-06
38	3.26487467629668e-06
39	3.32379060909171e-06
40	3.35594058320219e-06
41	3.39290558599187e-06
42	3.38793677589940e-06
43	3.44811294205421e-06
44	3.45791055359164e-06
45	3.51258939585921e-06
46	3.53988940129815e-06
47	3.52530718590523e-06
48	3.60026204869081e-06
49	3.59392135145496e-06
50	3.65155521567702e-06
51	3.66972867374087e-06
52	3.68824558294331e-06
53	3.69432073410819e-06
54	3.74822210199282e-06
55	3.74534914354340e-06
56	3.81980266099710e-06
57	3.79698239747789e-06
58	3.80478696708188e-06
59	3.84191023189171e-06
60	3.84232845587312e-06
61	3.87238410808812e-06
62	3.90333880664237e-06
63	3.92875134903366e-06
64	3.91758296215419e-06
65	3.96286387399654e-06
66	4.00060430166867e-06
67	4.03536165387292e-06
68	4.02819627883883e-06
69	4.02941022090939e-06
70	4.07180359566185e-06
71	4.04460353074239e-06
72	4.07529882275286e-06
73	4.10120031800708e-06
74	4.16321507301379e-06
75	4.05877505300196e-06
76	4.12569614591324e-06
77	4.20447480662503e-06
78	4.14937607952968e-06
79	4.22304655138611e-06
80	4.21053048071407e-06
81	4.18053740916415e-06
82	4.23943550172940e-06
83	4.21649496491694e-06
84	4.25463860037981e-06
85	4.25848089745894e-06
86	4.27373501269836e-06
87	4.35044887231111e-06
88	4.36001162834831e-06
89	4.27734414877893e-06
90	4.35380236264014e-06
91	4.25332564402286e-06
92	4.31881295274697e-06
93	4.35587962624347e-06
94	4.40321230956795e-06
95	4.40925946527902e-06
96	4.45405060197046e-06
97	4.47981762814980e-06
98	4.41087528153362e-06
99	4.49525036500423e-06
100	4.48428415128632e-06
101	4.47643832474303e-06
102	4.38057459601373e-06
103	4.48568218837189e-06
104	4.52280198880020e-06
105	4.55750966525377e-06
106	4.54615396238377e-06
107	4.53060074373179e-06
108	4.51073928179803e-06
109	4.54185126284220e-06
110	4.53630365480601e-06
111	4.43863573770655e-06
112	4.61492016400733e-06
113	4.51313595063543e-06
114	4.58721683244674e-06
115	4.61999021425727e-06
116	4.66909949097990e-06
117	4.66309149749108e-06
118	4.65277507569251e-06
119	4.62461225003254e-06
120	4.71793179895581e-06
121	4.54917280010059e-06
122	4.64670171612317e-06
123	4.66336295180796e-06
124	4.55476552925189e-06
125	4.66967439092607e-06
126	4.72046315501920e-06
127	4.68424017463592e-06
128	4.69083791414538e-06
129	4.76637416315280e-06
130	4.71405872376496e-06
131	4.72136638101751e-06
132	4.77332364306328e-06
133	4.59658255746200e-06
134	4.68028664325166e-06
135	4.65600372650444e-06
136	4.71618021896995e-06
137	4.73253646252009e-06
138	4.80052025654361e-06
139	4.82547153481811e-06
140	4.72920901162083e-06
141	5.01865855264934e-06
142	4.73000761482785e-06
143	4.74419519330846e-06
144	4.76439594464061e-06
145	4.68718885001020e-06
146	4.93175553842585e-06
147	4.75816488185139e-06
148	4.79780407009111e-06
149	4.84089336672784e-06
150	4.66949510000039e-06
151	4.77303907961690e-06
152	4.77065178877804e-06
153	4.92411631862941e-06
154	4.73651899425953e-06
155	4.91608889286621e-06
156	4.70788146217547e-06
157	4.81089640348803e-06
158	4.84922075458076e-06
159	4.97310602067948e-06
160	4.80864991849703e-06
161	4.83172386915669e-06
162	4.84464685362910e-06
163	4.77511400448986e-06
164	4.87940962538552e-06
165	4.86706290010934e-06
166	4.82369296785154e-06
167	4.99556684767170e-06
168	4.69134941675088e-06
169	5.13915013461719e-06
170	4.82087924004904e-06
171	4.76329025619629e-06
172	5.08809311849932e-06
173	4.87768123591989e-06
174	4.94680520410394e-06
175	4.85241073789118e-06
176	4.76498418860664e-06
177	4.85756245694249e-06
178	4.80801026377537e-06
179	5.03688169103805e-06
180	4.91061879916616e-06
181	4.89676308899230e-06
182	4.85322784730302e-06
183	4.88616261749108e-06
184	4.75904763834431e-06
185	4.78300440257694e-06
186	5.22514630106598e-06
187	4.98106730556926e-06
188	5.00991225553403e-06
189	4.93296603489451e-06
190	4.94259014913187e-06
191	4.88021336797689e-06
192	4.84266640535245e-06
193	4.89790682136110e-06
194	4.72508573078880e-06
195	4.95174746596530e-06
196	4.91861256767464e-06
197	4.90480869455200e-06
198	4.87895655569700e-06
199	5.06604922704806e-06
200	5.09029448189825e-06
201	5.25485203808886e-06
202	4.97901525127896e-06
203	4.85137194928744e-06
204	4.71823923812607e-06
205	5.02990673638895e-06
206	5.06541948666745e-06
207	5.01809277658280e-06
208	5.14548224709189e-06
209	4.96067674709782e-06
210	4.69752696310601e-06
211	4.99995496503406e-06
212	4.93235805303142e-06
213	4.87098881193837e-06
214	5.15343193377423e-06
215	4.85795373679650e-06
216	4.76810602590383e-06
217	5.09630853044163e-06
218	5.16880504740934e-06
219	4.66404729723201e-06
220	4.88085562825120e-06
221	5.17421905529152e-06
222	4.96151123830904e-06
223	4.93745806735011e-06
224	5.05517625004667e-06
225	4.99193257585698e-06
226	5.02535453987551e-06
227	5.17920062769051e-06
228	5.10693983042612e-06
229	4.99235503184809e-06
230	5.12838158526694e-06
231	4.79128910797069e-06
232	4.97411057349080e-06
233	5.26776924411160e-06
234	5.21806093262880e-06
235	4.71075115701008e-06
236	4.78255542103631e-06
237	4.94783257813719e-06
238	4.99590628863429e-06
239	4.92769327645518e-06
240	4.69999069637573e-06
241	4.75553506755665e-06
242	5.01234963066216e-06
243	5.02617223077256e-06
244	5.42294308370505e-06
245	5.38177586747546e-06
246	5.14441043148412e-06
247	4.90845157418920e-06
248	5.14731547610595e-06
249	5.13645816634426e-06
250	5.01728251906821e-06
251	4.82565538098355e-06
252	5.11701618250518e-06
253	4.97682099936125e-06
254	5.26464333675383e-06
255	5.11429114440524e-06
256	4.87147108107224e-06
257	4.77420226109225e-06
258	5.03999552199404e-06
259	4.90763944148946e-06
260	4.86043139307409e-06
261	5.06870838315118e-06
262	5.32481071710819e-06
263	5.17027182580669e-06
264	4.88057313155213e-06
265	4.97572179826891e-06
266	4.99564527545297e-06
267	4.94188100464016e-06
268	4.78072165626506e-06
269	4.98716103403159e-06
270	5.07981546987311e-06
271	5.32037247296360e-06
272	5.27582485746411e-06
273	5.00458722333703e-06
274	4.84952758193003e-06
275	4.95059612186489e-06
276	5.06271692720920e-06
277	5.25416106793184e-06
278	4.88271026688149e-06
279	4.84203446497653e-06
280	4.89804908616589e-06
281	5.30520019110121e-06
282	5.59369747674159e-06
283	5.20892950878234e-06
284	5.06823099649979e-06
285	5.22918059328619e-06
286	5.31502442202603e-06
287	5.26818264964952e-06
288	4.94423578025121e-06
289	5.00324844281038e-06
290	5.07608531812385e-06
291	5.17138958757540e-06
292	5.24299610518845e-06
293	5.12632850740129e-06
294	4.94800948964454e-06
295	5.06431670940420e-06
296	5.05460561283042e-06
297	4.91059476408806e-06
298	5.00500823181359e-06
299	5.24170718423320e-06
300	5.19149024085133e-06
301	5.33686717139469e-06
302	5.24372917031140e-06
303	4.99889345685651e-06
304	5.04597957465879e-06
305	4.89214985608657e-06
306	5.00606121207892e-06
307	5.00765751790994e-06
308	5.21945528508648e-06
309	5.27892620453317e-06
310	5.22522435176874e-06
311	4.87831603001973e-06
312	4.58362120035295e-06
313	4.62466945203575e-06
314	4.75086974100285e-06
315	4.94190490147284e-06
316	5.28043313308123e-06
317	5.35575023765968e-06
318	5.20643513014891e-06
319	5.04086397425456e-06
320	4.90052347895370e-06
321	4.82273245510070e-06
322	4.87102056275124e-06
323	5.11049868067417e-06
324	5.23099384526571e-06
325	5.24182313010105e-06
326	5.19572866934231e-06
327	4.97905179730185e-06
328	4.83115136620600e-06
329	5.05572129938223e-06
330	5.40635711298582e-06
331	5.49933944208082e-06
332	5.42587780679323e-06
333	5.06022524983306e-06
334	5.02398182113158e-06
335	5.14335887402971e-06
336	5.24235563613864e-06
337	5.42924219040627e-06
338	5.65157106963698e-06
339	5.62760863311953e-06
340	5.28440306298003e-06
341	5.28831005757314e-06
342	4.96730115106661e-06
343	4.66801445883959e-06
344	4.67553382263572e-06
345	4.84445252461951e-06
346	4.97840541506753e-06
347	5.15265135010173e-06
348	5.18366551085221e-06
349	4.96089401751551e-06
350	4.81059968829173e-06
351	4.90320614812402e-06
352	4.82603176363055e-06
353	4.99597216009427e-06
354	5.25159271984761e-06
355	5.24856034561524e-06
356	5.24689627300070e-06
357	5.08467543026554e-06
358	5.17268173789506e-06
359	5.06352968192621e-06
360	5.17617354253533e-06
361	5.46645959183759e-06
362	5.58385867724919e-06
363	5.60816909698651e-06
364	5.60350264432688e-06
365	5.59728377923028e-06
366	5.43122662453701e-06
367	5.11415281030390e-06
368	4.76465660426934e-06
369	4.65837551000573e-06
370	4.64013337199352e-06
371	4.75647838483424e-06
372	4.88757716681139e-06
373	4.93193150345534e-06
374	5.06127982432076e-06
375	5.20653443450436e-06
376	5.25195960688137e-06
377	5.35423416598600e-06
378	5.47626946676603e-06
379	5.33357785269511e-06
380	5.50326674374526e-06
381	5.45512323696239e-06
382	5.26089943648328e-06
383	5.15104548961967e-06
384	5.12638639460638e-06
385	5.34597355733649e-06
386	5.37875411138516e-06
387	5.41235409646164e-06
388	5.51880456628935e-06
389	5.66848948782904e-06
390	5.58169674747993e-06
391	5.16325755710435e-06
392	4.93336422115707e-06
393	4.70344471491160e-06
394	4.53708942596941e-06
395	4.55986854214462e-06
396	4.81063333402893e-06
397	5.14293401467358e-06
398	5.45158118671198e-06
399	5.39564422334509e-06
400	5.29052577698280e-06
401	5.43517580894740e-06
402	5.26297035125212e-06
403	5.05085943612074e-06
404	4.88298903728357e-06
405	4.89838466372363e-06
406	5.01016920346255e-06
407	5.11927050416718e-06
408	5.10175823166825e-06
409	5.22351128570683e-06
410	5.10734531634474e-06
411	5.08070866382998e-06
412	5.21123618339234e-06
413	5.19829715054439e-06
414	5.09949750409565e-06
415	5.02882114926739e-06
416	5.02802517105877e-06
417	5.09490355122724e-06
418	5.17426002727899e-06
419	5.25167152652420e-06
420	5.19322624697574e-06
421	5.48195613739805e-06
422	5.79607865968595e-06
423	6.00098866871750e-06
424	5.65349383451649e-06
425	5.22117065943506e-06
426	5.04373059713389e-06
427	4.89264884392711e-06
428	4.74065901293669e-06
429	4.65852070839298e-06
430	4.66604629755506e-06
431	4.79922591490813e-06
432	5.06137692051409e-06
433	5.34269189437078e-06
434	5.56821673920877e-06
435	5.74765748593937e-06
436	5.67338382729492e-06
437	5.37783304739168e-06
438	5.09108934024908e-06
439	4.86986830738363e-06
440	4.81796455492502e-06
441	4.92664248187341e-06
442	5.12310508246244e-06
443	5.18202752500958e-06
444	5.22845026760400e-06
445	5.33543329710602e-06
446	5.44034085363858e-06
447	5.66947262859840e-06
448	5.80692678480870e-06
449	5.62862736998835e-06
450	5.39567349172849e-06
451	5.24564101500148e-06
452	5.15123254073422e-06
453	4.89655931645997e-06
454	4.72370753440132e-06
455	4.82223701079914e-06
456	4.74066218477652e-06
457	4.66446227022176e-06
458	4.70984781310647e-06
459	4.89287857847865e-06
460	5.00607429206905e-06
461	4.98675492309852e-06
462	4.87574327803995e-06
463	4.96767248637733e-06
464	5.11264707333942e-06
465	5.14139868284154e-06
466	5.29063208764466e-06
467	5.34925700870529e-06
468	5.18234736061630e-06
469	4.86739526614065e-06
470	4.67712803752207e-06
471	4.62515054780745e-06
472	4.64483536342516e-06
473	4.80483493746731e-06
474	5.05584060908145e-06
475	5.28542860097243e-06
476	5.24394094850595e-06
477	5.49330653345466e-06
478	5.57182250791676e-06
479	5.45686291364326e-06
480	5.45701188542480e-06
481	5.62777187234063e-06
482	5.44309238010695e-06
483	5.43608663302347e-06
484	5.42395329304907e-06
485	5.38203299422867e-06
486	5.34092135921409e-06
487	5.39463984371998e-06
488	5.71766933240209e-06
489	5.85100542790159e-06
490	6.01823098652635e-06
491	5.88990633056851e-06
492	5.63335904694416e-06
493	5.53365008869789e-06
494	5.33627519987201e-06
495	5.27693161388466e-06
496	5.18536441809886e-06
497	5.21160341820764e-06
498	5.20995261450455e-06
499	5.01810768766194e-06
