1	6.17722429266258e-04
2	8.73350766364974e-04
3	1.06918364219260e-03
4	1.23488634106270e-03
5	1.38058828424118e-03
6	1.51132621844302e-03
7	1.63291683012285e-03
8	1.74619820361522e-03
9	1.85143921058386e-03
10	1.95225891195324e-03
11	2.04677275043407e-03
12	2.13597975943655e-03
13	2.22489521253275e-03
14	2.30610243492016e-03
15	2.38708010734009e-03
16	2.46429107087648e-03
17	2.54222097222411e-03
18	2.61388468463553e-03
19	2.68536986641407e-03
20	2.76078011175645e-03
21	2.82289343065471e-03
22	2.88836867658800e-03
23	2.95314136920209e-03
24	3.01647263592617e-03
25	3.08660972697837e-03
26	3.13748915729386e-03
27	3.20757990893063e-03
28	3.25827945162395e-03
29	3.31235730353051e-03
30	3.37102315308449e-03
31	3.42858132422844e-03
32	3.48249906325345e-03
33	3.53396432619904e-03
34	3.58582370585609e-03
35	3.63756397621245e-03
36	3.69442134083506e-03
37	3.75408269955575e-03
38	3.79170325034519e-03
39	3.83762045398327e-03
40	3.90422916755827e-03
41	3.93469458889764e-03
42	3.98894991207838e-03
43	4.03381083840022e-03
44	4.07781653451044e-03
45	4.12504999017996e-03
46	4.17147458227377e-03
47	4.21504009962429e-03
48	4.26494704084251e-03
49	4.29674826833972e-03
50	4.36503200563709e-03
51	4.38281922354566e-03
52	4.43299631953182e-03
53	4.48193711770864e-03
54	4.50951457316530e-03
55	4.55943750673291e-03
56	4.60766129682078e-03
57	4.62793147134502e-03
58	4.67618930954298e-03
59	4.73715241572814e-03
60	4.75092747966884e-03
61	4.78940012755359e-03
62	4.84608520508202e-03
63	4.88615021749832e-03
64	4.90217519468818e-03
65	4.93927722269911e-03
66	4.99705866270998e-03
67	5.04263095175105e-03
68	5.05569126186096e-03
69	5.08700943584422e-03
70	5.12905480662628e-03
71	5.18856014969612e-03
72	5.22223904878083e-03
73	5.23990110567424e-03
74	5.26534237654777e-03
75	5.30568082210762e-03
76	5.36095151451608e-03
77	5.41695508571964e-03
78	5.42012350005468e-03
79	5.44462842567553e-03
80	5.46492505540988e-03
81	5.50617819767610e-03
82	5.55992725355966e-03
83	5.61675962805316e-03
84	5.63893327533739e-03
85	5.64897547972478e-03
86	5.66965181836696e-03
87	5.70079220752518e-03
88	5.73226124353001e-03
89	5.78393044202923e-03
90	5.83543263311746e-03
91	5.89046461382622e-03
92	5.89453346083196e-03
93	5.90727028751514e-03
94	5.92866775548768e-03
95	5.94733651519023e-03
96	5.98547991989866e-03
97	6.02053018953885e-03
98	6.06358767496625e-03
99	6.11447773026129e-03
100	6.17302274283769e-03
101	6.17581117202093e-03
102	6.18561927820618e-03
103	6.20225690545107e-03
104	6.22587051585665e-03
105	6.24297213000293e-03
106	6.27983330283370e-03
107	6.31001592023553e-03
108	6.36009100291523e-03
109	6.40296129086240e-03
110	6.45189294850441e-03
111	6.50683273978594e-03
112	6.51424165832569e-03
113	6.52059639946241e-03
114	6.53212391799630e-03
115	6.54904717351029e-03
116	6.55607898286169e-03
117	6.58317526985552e-03
118	6.61555179173380e-03
119	6.63754242806943e-03
120	6.68021569587324e-03
121	6.71194202728510e-03
122	6.76461930793363e-03
123	6.80578676485584e-03
124	6.85147995397127e-03
125	6.90163818340612e-03
126	6.91682358622434e-03
127	6.91921818578527e-03
128	6.92529886221700e-03
129	6.93541719094949e-03
130	6.94954338727651e-03
131	6.96734859476334e-03
132	6.98919845592279e-03
133	7.01485510723136e-03
134	7.02583717992965e-03
135	7.05920728336879e-03
136	7.09637150516594e-03
137	7.13734987662299e-03
138	7.16252766743843e-03
139	7.21079938918905e-03
140	7.24272956641064e-03
141	7.29820008805716e-03
142	7.33671113688580e-03
143	7.39165491582369e-03
144	7.38360931856601e-03
145	7.39981728066637e-03
146	7.39757545871521e-03
147	7.39805952470683e-03
148	7.42329883988243e-03
149	7.42950822597224e-03
150	7.43822748930986e-03
151	7.44994467879256e-03
152	7.48675619261394e-03
153	7.50410773778122e-03
154	7.52413838892441e-03
155	7.54692976099309e-03
156	7.57223603595582e-03
157	7.60028687027630e-03
158	7.63094248368380e-03
159	7.66421417024090e-03
160	7.70009377602863e-03
161	7.73854190822033e-03
162	7.77956560854290e-03
163	7.82316222905996e-03
164	7.86928412585266e-03
165	7.89205301836304e-03
166	7.94284035884447e-03
167	7.97967616423625e-03
168	7.98631974788536e-03
169	7.99520703223774e-03
170	7.97907509598285e-03
171	7.99194498924416e-03
172	8.00685705115372e-03
173	7.99645068566229e-03
174	8.01530226364928e-03
175	8.03604336308747e-03
176	8.03112532906721e-03
177	8.05598505630256e-03
178	8.08305521527418e-03
179	8.08346795089527e-03
180	8.11462079740040e-03
181	8.11867834601221e-03
182	8.15367367762846e-03
183	8.16119631340580e-03
184	8.20023256146644e-03
185	8.21116208897184e-03
186	8.25406911482305e-03
187	8.26846950234211e-03
188	8.31535097343463e-03
189	8.33306338303757e-03
190	8.35237188974503e-03
191	8.40498581937571e-03
192	8.42756532682136e-03
193	8.45169959029639e-03
194	8.50990834790249e-03
195	8.53720757066211e-03
196	8.56599469336009e-03
197	8.62988554138593e-03
198	8.66180799969384e-03
199	8.69517041238282e-03
200	8.72993014342421e-03
201	8.75611514303785e-03
202	8.74912932716521e-03
203	8.74349153599204e-03
204	8.73885422812615e-03
205	8.77124610817893e-03
206	8.76918691253774e-03
207	8.76873060376647e-03
208	8.76928460753037e-03
209	8.77095990676715e-03
210	8.77366732299862e-03
211	8.81472829947423e-03
212	8.82022401937081e-03
213	8.82683732541491e-03
214	8.83495687265133e-03
215	8.84409965393212e-03
216	8.85461331745935e-03
217	8.86633023766659e-03
218	8.87913648429115e-03
219	8.89304548827233e-03
220	8.90830832280442e-03
221	8.92474821035835e-03
222	8.94233552869715e-03
223	8.96110976758121e-03
224	8.98107007516693e-03
225	9.00216252527092e-03
226	9.02448423342564e-03
227	9.04794358854957e-03
228	9.07260947619312e-03
229	9.09845882683321e-03
230	9.12544441585748e-03
231	9.15363896095696e-03
232	9.18295410903743e-03
233	9.21336951557564e-03
234	9.24495858933421e-03
235	9.27773724564700e-03
236	9.31170942623322e-03
237	9.34684209568490e-03
238	9.33885293352647e-03
239	9.37583901284815e-03
240	9.41401972203119e-03
241	9.45329063620057e-03
242	9.49372486200041e-03
243	9.53524453236345e-03
244	9.57790617149900e-03
245	9.57504179693758e-03
246	9.61955819487716e-03
247	9.66517861684082e-03
248	9.71195682889506e-03
249	9.75985854333546e-03
250	9.76034768187933e-03
251	9.76983797701913e-03
252	9.78054614483940e-03
253	9.79219876062909e-03
254	9.80482056282321e-03
255	9.76833887699513e-03
256	9.78237235456782e-03
257	9.79707388486084e-03
258	9.81289898811755e-03
259	9.77924016367096e-03
260	9.79641474170959e-03
261	9.81443245504601e-03
262	9.83318114636253e-03
263	9.80173011881077e-03
264	9.82215716014629e-03
265	9.84343690847355e-03
266	9.86553671086374e-03
267	9.83651948276112e-03
268	9.86016873817574e-03
269	9.88488918985152e-03
270	9.85762884119909e-03
271	9.88387279846681e-03
272	9.91091653171700e-03
273	9.88518044130408e-03
274	9.91376145335203e-03
275	9.94327044082625e-03
276	9.91933532911745e-03
277	9.95024654531875e-03
278	9.98219633545675e-03
279	9.95974372802230e-03
280	9.99324683810503e-03
281	1.00276047899762e-02
282	1.00067675334615e-02
283	1.00426882757706e-02
284	1.00228896967965e-02
285	1.00602280587283e-02
286	1.00986186431901e-02
287	1.00804017378516e-02
288	1.01202119118366e-02
289	1.01030608783708e-02
290	1.01443581497501e-02
291	1.01866097683416e-02
292	1.01707954142554e-02
293	1.02145681165719e-02
294	1.01997468546741e-02
295	1.02451283753874e-02
296	1.02915813480878e-02
297	1.02780754760326e-02
298	1.03259533598211e-02
299	1.03134219762869e-02
300	1.03628774686665e-02
301	1.03512509762451e-02
302	1.04021170689657e-02
303	1.03913976248760e-02
304	1.04436614691948e-02
305	1.04970979325815e-02
306	1.04875843782358e-02
307	1.05425624747960e-02
308	1.05339425444159e-02
309	1.05903899421305e-02
310	1.05825710093284e-02
311	1.06405892548733e-02
312	1.06335733490658e-02
313	1.06931261412445e-02
314	1.06869385212466e-02
315	1.07479872938639e-02
316	1.07425370598748e-02
317	1.08051398030096e-02
318	1.08004584784945e-02
319	1.08646005273173e-02
320	1.08606130567572e-02
321	1.09263641816531e-02
322	1.09231178937149e-02
323	1.09904262911532e-02
324	1.09878976272050e-02
325	1.10567708350974e-02
326	1.10549268151381e-02
327	1.11253723319034e-02
328	1.11242226012712e-02
329	1.11962853435084e-02
330	1.11957847888540e-02
331	1.11955984186150e-02
332	1.12695987645111e-02
333	1.12700454744315e-02
334	1.13223371859061e-02
335	1.12887598055068e-02
336	1.13309940183510e-02
337	1.12981160396580e-02
338	1.13415569309137e-02
339	1.13093252650768e-02
340	1.12771984235086e-02
341	1.13219765174406e-02
342	1.12906448333571e-02
343	1.13363847636177e-02
344	1.13057412179904e-02
345	1.13529165266114e-02
346	1.13226544831842e-02
347	1.12928648591639e-02
348	1.13411854998323e-02
349	1.13116139613994e-02
350	1.13610705606932e-02
351	1.13324224840073e-02
352	1.13039398604364e-02
353	1.13549102090349e-02
354	1.13269142043694e-02
355	1.13789958785736e-02
356	1.13517789555524e-02
357	1.13247107254399e-02
358	1.13783810131719e-02
359	1.13519294471681e-02
360	1.14070399280570e-02
361	1.13811610191877e-02
362	1.13554976103963e-02
363	1.14119599267823e-02
364	1.13867354085433e-02
365	1.14444675808875e-02
366	1.14199430961792e-02
367	1.13955417125001e-02
368	1.14550111518638e-02
369	1.14310800435156e-02
370	1.14076285009915e-02
371	1.14684648014932e-02
372	1.14453587252849e-02
373	1.14227464608262e-02
374	1.14851311355780e-02
375	1.14628464032677e-02
376	1.15266405978122e-02
377	1.15049474952208e-02
378	1.14834105429011e-02
379	1.15487875834830e-02
380	1.15278224516992e-02
381	1.15072050137970e-02
382	1.15742112011639e-02
383	1.15540183608375e-02
384	1.15340690273288e-02
385	1.16027877687554e-02
386	1.15833641654642e-02
387	1.15640696370189e-02
388	1.16342867321948e-02
389	1.16154939934156e-02
390	1.15969951505326e-02
391	1.16689302589453e-02
392	1.16509144840712e-02
393	1.16333256366744e-02
394	1.17070860364175e-02
395	1.16897895210055e-02
396	1.16726419206898e-02
397	1.17480827219969e-02
398	1.17314654932582e-02
399	1.17151138056957e-02
400	1.16991784476517e-02
401	1.17764612614769e-02
402	1.17608435079296e-02
403	1.17454127364368e-02
404	1.18245279653920e-02
405	1.18094112685582e-02
406	1.17945434637415e-02
407	1.18754835910161e-02
408	1.18610010856885e-02
409	1.18468962259742e-02
410	1.19297207262151e-02
411	1.19159324901722e-02
412	1.19023724881203e-02
413	1.18890959859914e-02
414	1.19739824870101e-02
415	1.19610311063691e-02
416	1.19483311738933e-02
417	1.20350839068087e-02
418	1.20228535374258e-02
419	1.20108514844672e-02
420	1.19989706929798e-02
421	1.20877748620822e-02
422	1.20762916156270e-02
423	1.20650531317052e-02
424	1.21558835662504e-02
425	1.21449575767425e-02
426	1.21342142423131e-02
427	1.21236941319446e-02
428	1.22167814379593e-02
429	1.22066635606656e-02
430	1.21967931392710e-02
431	1.21871133969427e-02
432	1.22823583627829e-02
433	1.22729889941476e-02
434	1.22638146105132e-02
435	1.23610929239714e-02
436	1.23522633359034e-02
437	1.23437392268666e-02
438	1.23353067869443e-02
439	1.24349146981846e-02
440	1.24268625240323e-02
441	1.24190290449675e-02
442	1.24113426815441e-02
443	1.25133242886030e-02
444	1.25059197073944e-02
445	1.24986893981008e-02
446	1.24917214138821e-02
447	1.25961041076671e-02
448	1.25894296382359e-02
449	1.25828956803253e-02
450	1.25765322524164e-02
451	1.26833050045639e-02
452	1.26772483366487e-02
453	1.26713674647011e-02
454	1.26656496660159e-02
455	1.27749500802952e-02
456	1.27695781513255e-02
457	1.27643397159448e-02
458	1.27592625335465e-02
459	1.28711695085244e-02
460	1.28663782068848e-02
461	1.28617491373235e-02
462	1.28573030450239e-02
463	1.29718347110665e-02
464	1.29676667554785e-02
465	1.29636577535238e-02
466	1.29598251982428e-02
467	1.29561334723132e-02
468	1.30734463729020e-02
469	1.30700122668113e-02
470	1.30667364392636e-02
471	1.30635672067931e-02
472	1.31835836605222e-02
473	1.31807130730902e-02
474	1.31779929919289e-02
475	1.31754084957048e-02
476	1.31729389664480e-02
477	1.32958974708518e-02
478	1.32937230611964e-02
479	1.32916746179453e-02
480	1.32897374375829e-02
481	1.34155618583862e-02
482	1.34139103246518e-02
483	1.34124106673259e-02
484	1.34110309126562e-02
485	1.34097548057952e-02
486	1.35386605682854e-02
487	1.35376502447886e-02
488	1.35367598591412e-02
489	1.35359991499339e-02
490	1.35353513110814e-02
491	1.36674105860805e-02
492	1.36670146139739e-02
493	1.36667171822542e-02
494	1.36665313168717e-02
495	1.36664804731584e-02
496	1.38017740296952e-02
497	1.38019530272753e-02
498	1.38022578773247e-02
499	1.38026657020668e-02
