1	8.08357369379709e-04
2	1.14011272196938e-03
3	1.39313555112062e-03
4	1.60575112848880e-03
5	1.79204142420345e-03
6	1.95908936864289e-03
7	2.11257189717100e-03
8	2.25472735494451e-03
9	2.38649828206248e-03
10	2.51203303330973e-03
11	2.62995303561214e-03
12	2.74167840782044e-03
13	2.84922485894031e-03
14	2.95142390199890e-03
15	3.04961274590432e-03
16	3.14340769346718e-03
17	3.23584220937691e-03
18	3.32306481137539e-03
19	3.40992597019818e-03
20	3.49639060554092e-03
21	3.57268095790775e-03
22	3.65010276735176e-03
23	3.72557230426128e-03
24	3.80500181455673e-03
25	3.87563877502608e-03
26	3.94414543400186e-03
27	4.01844069534624e-03
28	4.08006148700095e-03
29	4.14333482987764e-03
30	4.20693153382174e-03
31	4.27651001388040e-03
32	4.32854420956332e-03
33	4.39569644893150e-03
34	4.45161271860834e-03
35	4.51079726483254e-03
36	4.57367897654818e-03
37	4.63575866157908e-03
38	4.67550593904630e-03
39	4.73248462062443e-03
40	4.79438334133958e-03
41	4.83452103032832e-03
42	4.87483238926688e-03
43	4.93669912570694e-03
44	4.98236125294876e-03
45	5.03756914392837e-03
46	5.08327881234189e-03
47	5.13730531966795e-03
48	5.17608392976843e-03
49	5.22513296190769e-03
50	5.25596676413071e-03
51	5.31101304894404e-03
52	5.34881363990832e-03
53	5.40250509743976e-03
54	5.45674716097888e-03
55	5.49221206856632e-03
56	5.51712376574128e-03
57	5.56816341189638e-03
58	5.61731211039678e-03
59	5.66842226640059e-03
60	5.69208841209930e-03
61	5.72766336152691e-03
62	5.78280921652527e-03
63	5.81446591424695e-03
64	5.82899517512658e-03
65	5.87819471976513e-03
66	5.92089587344116e-03
67	5.95971779390066e-03
68	5.99063425653535e-03
69	6.02636358778939e-03
70	6.06068810498448e-03
71	6.09104258656156e-03
72	6.12862628182657e-03
73	6.15791323105609e-03
74	6.19893031635524e-03
75	6.23357260012792e-03
76	6.25595692385030e-03
77	6.30870092388615e-03
78	6.33325039683688e-03
79	6.35894607310734e-03
80	6.36754640691565e-03
81	6.41811529717078e-03
82	6.47801783518392e-03
83	6.48340552086666e-03
84	6.48387704737764e-03
85	6.54909390350826e-03
86	6.55049336696623e-03
87	6.60820991104451e-03
88	6.62112511163863e-03
89	6.67487982883037e-03
90	6.67771315777085e-03
91	6.73388384923549e-03
92	6.76927563280909e-03
93	6.76724841465578e-03
94	6.81165432518035e-03
95	6.83924277028903e-03
96	6.83651954353184e-03
97	6.89883556670319e-03
98	6.91552451548106e-03
99	6.94464642000917e-03
100	6.93323477227434e-03
101	7.03032664323901e-03
102	7.00935001808954e-03
103	7.04081413580812e-03
104	7.07066063154736e-03
105	7.03938812776708e-03
106	7.08196824937191e-03
107	7.12323824656703e-03
108	7.14828265721993e-03
109	7.21897414899597e-03
110	7.17757480023280e-03
111	7.18478227312046e-03
112	7.22239371825527e-03
113	7.30865609934444e-03
114	7.29433944038221e-03
115	7.32966729746282e-03
116	7.32935571759314e-03
117	7.36850166982603e-03
118	7.37260536252616e-03
119	7.42407251147778e-03
120	7.48084429406199e-03
121	7.48543363985980e-03
122	7.44333406954436e-03
123	7.52814532087787e-03
124	7.58545047105839e-03
125	7.50480093934711e-03
126	7.57623025293580e-03
127	7.66461358757343e-03
128	7.57455196870316e-03
129	7.56958033071248e-03
130	7.62936116710193e-03
131	7.65799123887088e-03
132	7.72367242832882e-03
133	7.74073978209666e-03
134	7.69353222826563e-03
135	7.75065900531840e-03
136	7.76033144705428e-03
137	7.77936734163564e-03
138	7.79085232130171e-03
139	7.82019392799913e-03
140	7.85236585180172e-03
141	7.91077186686673e-03
142	7.89255660707254e-03
143	7.88120793654089e-03
144	7.89301074517979e-03
145	7.91553539446888e-03
146	7.83369094837332e-03
147	7.88406349914893e-03
148	7.89474456150925e-03
149	7.92186669198497e-03
150	7.94864840303365e-03
151	8.07117601915031e-03
152	8.01520369754517e-03
153	8.05210051529612e-03
154	8.08327967908840e-03
155	8.06598410328470e-03
156	8.12238752322131e-03
157	8.04289596790580e-03
158	8.07543387616360e-03
159	8.18008981014184e-03
160	8.23080640557826e-03
161	8.15839962137940e-03
162	8.09869921566352e-03
163	8.24458402355862e-03
164	8.31165985683999e-03
165	8.27477260961235e-03
166	8.21868229252949e-03
167	8.37792621904846e-03
168	8.29493663667361e-03
169	8.29010506765749e-03
170	8.32099770591640e-03
171	8.33982558745165e-03
172	8.35353927306870e-03
173	8.42301079498311e-03
174	8.41219860427450e-03
175	8.38143269257557e-03
176	8.24025621882857e-03
177	8.30576099341402e-03
178	8.44752937646188e-03
179	8.41309864592125e-03
180	8.35463117147420e-03
181	8.45084116366718e-03
182	8.60197304845984e-03
183	8.47739753648255e-03
184	8.48261388600699e-03
185	8.50812099232659e-03
186	8.61250690772006e-03
187	8.64894620468505e-03
188	8.61640837118411e-03
189	8.53124796823260e-03
190	8.55919511826216e-03
191	8.64089320272386e-03
192	8.56868920688179e-03
193	8.61302337058866e-03
194	8.71499236184929e-03
195	8.59188346511148e-03
196	8.53215495859841e-03
197	8.67074538309760e-03
198	8.57655808658059e-03
199	8.71314245138170e-03
200	8.65949235126567e-03
201	8.69402941158432e-03
202	8.68669605350685e-03
203	8.62891577874398e-03
204	8.63315585938217e-03
205	8.89791606369827e-03
206	8.87125050826982e-03
207	8.68752990253140e-03
208	8.79001958062072e-03
209	8.77367180144886e-03
210	8.66435611370453e-03
211	8.69706311973181e-03
212	8.80817865414250e-03
213	8.82984914236758e-03
214	8.71848847247981e-03
215	8.85358439098319e-03
216	8.88029907139994e-03
217	8.97884747707397e-03
218	8.85984982795639e-03
219	8.85405566051643e-03
220	8.88686446967682e-03
221	8.86151159551389e-03
222	8.92979217364081e-03
223	8.94974001239002e-03
224	8.88259629750675e-03
225	9.00795633149130e-03
226	9.11474017979590e-03
227	9.00871518930086e-03
228	8.95228653525423e-03
229	9.14086642281306e-03
230	8.86945819286060e-03
231	9.22649914551189e-03
232	9.06982155051309e-03
233	9.02780924724514e-03
234	9.04904275099041e-03
235	8.88122911333584e-03
236	9.02798422996472e-03
237	9.00523267580491e-03
238	9.07649023191235e-03
239	9.08155269572959e-03
240	9.15047892390547e-03
241	9.12202698597628e-03
242	9.23533016183421e-03
243	9.14809550360566e-03
244	9.17810129759425e-03
245	9.16004541822192e-03
246	9.31043309506183e-03
247	9.14332983030654e-03
248	9.38367423489856e-03
249	9.02280802434177e-03
250	9.23398828637744e-03
251	9.40512813114615e-03
252	9.20111351994436e-03
253	9.34111646395719e-03
254	9.24573655838933e-03
255	9.14890193695945e-03
256	9.23805843295684e-03
257	9.49917446733005e-03
258	9.24806696015422e-03
259	9.41090459815076e-03
260	9.29582485509368e-03
261	9.28355283007489e-03
262	9.32063151572848e-03
263	9.31142076640639e-03
264	9.34471372948118e-03
265	9.26685055880320e-03
266	9.25591262281727e-03
267	9.41552683413044e-03
268	9.04974647891759e-03
269	9.23423735779792e-03
270	9.57923728500489e-03
271	9.39307837782508e-03
272	9.40341039975359e-03
273	9.45941749273070e-03
274	9.31269236973236e-03
275	9.51333604165843e-03
276	9.30822524319862e-03
277	9.69499706437560e-03
278	9.33128932882666e-03
279	9.41460318812396e-03
280	9.40919854176757e-03
281	9.32357474656810e-03
282	9.50673891783616e-03
283	9.36670715796220e-03
284	9.41048350738732e-03
285	9.64581915987403e-03
286	9.42624096279092e-03
287	9.55645772547812e-03
288	9.45439816661010e-03
289	9.46441552368894e-03
290	9.42183775827119e-03
291	9.48488684447819e-03
292	9.45316660218126e-03
293	9.58850011969956e-03
294	9.57486444179441e-03
295	9.54015847714344e-03
296	9.47762029578426e-03
297	9.56554051824745e-03
298	9.53630757646041e-03
299	9.50687515562830e-03
300	9.65288372689802e-03
301	9.79281395996425e-03
302	9.59241276816337e-03
303	9.53525341493018e-03
304	9.46547783584096e-03
305	9.71090325771458e-03
306	9.67080525022708e-03
307	9.60477122469371e-03
308	9.54075440134075e-03
309	9.89186674477762e-03
310	9.57147201457402e-03
311	9.49793222763199e-03
312	9.50775802852182e-03
313	9.77895118173447e-03
314	9.71417258334116e-03
315	9.53586819916173e-03
316	9.82219457039319e-03
317	9.81198568505307e-03
318	9.85344421410516e-03
319	1.00103796733977e-02
320	9.49321775588212e-03
321	9.94695372262687e-03
322	9.65232225216516e-03
323	9.34239823675770e-03
324	9.76616861104264e-03
325	9.93710713235685e-03
326	9.98728989581061e-03
327	9.86223239171072e-03
328	9.93607290409101e-03
329	9.96539687772468e-03
330	9.60295550090944e-03
331	9.86948506641386e-03
332	9.58585347544955e-03
333	9.70186280224355e-03
334	1.00850221382298e-02
335	9.94979543410399e-03
336	9.93179966467293e-03
337	9.67617469914088e-03
338	1.00223062551634e-02
339	1.01909817220490e-02
340	9.95631130850245e-03
341	9.81605650186590e-03
342	1.00343348855784e-02
343	9.86718233886417e-03
344	9.81657375851203e-03
345	1.00663141522633e-02
346	9.71208491927768e-03
347	9.81160674732810e-03
348	9.88848910752881e-03
349	9.77061989319943e-03
350	1.01630736974426e-02
351	9.78252932166128e-03
352	9.68414488909238e-03
353	1.02465102475720e-02
354	9.80742846073062e-03
355	9.35794753417856e-03
356	9.78367786861610e-03
357	1.00862591722163e-02
358	1.02187536520339e-02
359	1.00016835995385e-02
360	9.67668498357329e-03
361	9.69245779270412e-03
362	1.00745902010572e-02
363	1.03020986048723e-02
364	9.98292652486764e-03
365	9.99592303528343e-03
366	9.87342994224227e-03
367	9.30364123022100e-03
368	9.90175655976648e-03
369	1.03836577494686e-02
370	1.00080880118863e-02
371	9.65514301996164e-03
372	9.95732725962676e-03
373	9.73947617350927e-03
374	9.86139516583259e-03
375	9.87899014196676e-03
376	9.86867318282653e-03
377	9.84826523507175e-03
378	1.00585506427859e-02
379	1.00452571747897e-02
380	9.85922692158019e-03
381	1.00105625096039e-02
382	1.00818509921504e-02
383	9.76811184094836e-03
384	9.78231210525474e-03
385	1.02106783538362e-02
386	1.03461075832179e-02
387	9.80717279896037e-03
388	9.78314185677402e-03
389	1.01549522354586e-02
390	1.01713544458542e-02
391	1.00757204370799e-02
392	1.00153649348361e-02
393	1.02776756287780e-02
394	9.89889194962135e-03
395	9.83668922132988e-03
396	1.00939591307190e-02
397	1.03496449525354e-02
398	1.00587638696154e-02
399	1.01078300729319e-02
400	1.03263970933298e-02
401	1.00747593335719e-02
402	9.96791147327127e-03
403	1.01674251812003e-02
404	1.02166486407917e-02
405	9.93653009461268e-03
406	9.76615538089505e-03
407	1.01656124793258e-02
408	1.03679445440052e-02
409	1.02921143448335e-02
410	1.02705822938524e-02
411	1.02964620008307e-02
412	1.03355300821679e-02
413	1.02820016217599e-02
414	1.00804700453008e-02
415	1.00903291162864e-02
416	1.03983948444877e-02
417	1.04275654955776e-02
418	9.98278874789387e-03
419	9.82753185809003e-03
420	9.91700620762496e-03
421	1.02560645544891e-02
422	1.00929623847172e-02
423	1.01431524769660e-02
424	1.02988035491477e-02
425	1.04109926273137e-02
426	1.03136576229010e-02
427	9.84190182389083e-03
428	9.81352149392695e-03
429	1.03355925529034e-02
430	1.06583218444116e-02
431	1.05962408479618e-02
432	1.03631320737091e-02
433	1.01227410334820e-02
434	1.01453673259420e-02
435	1.01021494354103e-02
436	1.00622741134459e-02
437	1.03446945145654e-02
438	1.04161584500485e-02
439	1.03239177521209e-02
440	1.02687409890696e-02
441	1.00250116919691e-02
442	1.02554115530112e-02
443	1.06427474506445e-02
444	1.04438592761145e-02
445	1.03618150429923e-02
446	1.03566244557834e-02
447	1.06704890800198e-02
448	1.08680678124447e-02
449	1.08232910062611e-02
450	1.02366042746819e-02
451	1.01488310982651e-02
452	1.03387034167570e-02
453	1.06184982551643e-02
454	1.06462861767653e-02
455	1.07085095822785e-02
456	1.06495799300330e-02
457	1.07808692034391e-02
458	1.07303085477367e-02
459	1.05080468400591e-02
460	1.01891357860796e-02
461	1.01311435575666e-02
462	1.03548368002640e-02
463	1.02898495267450e-02
464	9.93173362765190e-03
465	9.80054590781375e-03
466	1.01038779046730e-02
467	1.03502755447338e-02
468	1.06389837013955e-02
469	1.05497240485817e-02
470	1.03306604771084e-02
471	1.03922328151270e-02
472	1.04236172421306e-02
473	1.03250131830865e-02
474	1.02711403247993e-02
475	1.04443347846550e-02
476	1.01868667051299e-02
477	1.01061820484718e-02
478	1.03151695032929e-02
479	1.04801130006741e-02
480	1.07512179918925e-02
481	1.07917479438027e-02
482	1.04802401856129e-02
483	1.02731650529478e-02
484	1.03967408663354e-02
485	1.04204704897871e-02
486	1.03222374496879e-02
487	1.02270184416339e-02
488	1.03621806410738e-02
489	1.06764801462723e-02
490	1.05462271240682e-02
491	1.05107734969245e-02
492	1.05267576065289e-02
493	1.03877336991823e-02
494	1.05361077792638e-02
495	1.07515008829777e-02
496	1.07796982271087e-02
497	1.04483285757476e-02
498	1.04625519194895e-02
499	1.09656256821475e-02
