1	4.86408430630799e-04
2	6.81258016890394e-04
3	8.28340774620422e-04
4	9.50203883150819e-04
5	1.05637412299980e-03
6	1.15000011029156e-03
7	1.23423386834898e-03
8	1.31247625658896e-03
9	1.38332424697752e-03
10	1.45036882891464e-03
11	1.51477582546521e-03
12	1.57137246839248e-03
13	1.62738940874111e-03
14	1.67885852522198e-03
15	1.72735394066037e-03
16	1.77532030350005e-03
17	1.82265019272388e-03
18	1.86406896621592e-03
19	1.90987220231590e-03
20	1.94601266331296e-03
21	1.98212338748697e-03
22	2.02533531088124e-03
23	2.05559276489564e-03
24	2.08940417400290e-03
25	2.12334497590901e-03
26	2.14856679524404e-03
27	2.18283631137883e-03
28	2.21139205347138e-03
29	2.24794689374231e-03
30	2.27024706410803e-03
31	2.29189412691637e-03
32	2.31149676414202e-03
33	2.34090872426274e-03
34	2.38417004876842e-03
35	2.37155785631860e-03
36	2.43928937489481e-03
37	2.44585168132567e-03
38	2.47567575741780e-03
39	2.47083283781572e-03
40	2.49520461993577e-03
41	2.51594962547934e-03
42	2.55360439907340e-03
43	2.56084445803953e-03
44	2.60438649503988e-03
45	2.60623013171062e-03
46	2.61948241387281e-03
47	2.60678789958847e-03
48	2.66326221905489e-03
49	2.67561465809126e-03
50	2.66332373782009e-03
51	2.72517829418324e-03
52	2.69853683874081e-03
53	2.74179149530987e-03
54	2.69375227457534e-03
55	2.78793019741201e-03
56	2.78180663784819e-03
57	2.75511877693141e-03
58	2.77450413267506e-03
59	2.83463549201613e-03
60	2.80956112471158e-03
61	2.81350285605732e-03
62	2.89842742635067e-03
63	2.81487417406577e-03
64	2.84029157497077e-03
65	2.87722455413945e-03
66	2.92274731727622e-03
67	2.89632162730096e-03
68	2.94087384690814e-03
69	2.91165980779519e-03
70	2.91054458283117e-03
71	2.98709244474053e-03
72	2.92248016362445e-03
73	2.91197630504118e-03
74	2.93138228176429e-03
75	2.95166507867640e-03
76	3.05164001206078e-03
77	3.02410777316499e-03
78	2.88187190582779e-03
79	3.04766690276666e-03
80	2.98378363382763e-03
81	3.02282274542951e-03
82	3.05209595428771e-03
83	3.01607305493937e-03
84	3.05532466570843e-03
85	3.02784290790218e-03
86	2.98998165732859e-03
87	3.03070832154265e-03
88	3.08844975282024e-03
89	3.08358576533646e-03
90	3.04674064739063e-03
91	3.11632184037822e-03
92	3.05229609188518e-03
93	3.14127289594879e-03
94	3.07183783248955e-03
95	3.12523308817679e-03
96	3.11481783696637e-03
97	3.15557809560241e-03
98	3.08949929169081e-03
99	3.11907201438996e-03
100	3.05758023787962e-03
101	3.13240902126585e-03
102	3.09710770978510e-03
103	3.11323771375147e-03
104	3.06438267440981e-03
105	3.13564211100069e-03
106	3.13004102703215e-03
107	3.21414933643781e-03
108	3.16717436444716e-03
109	3.22033046474886e-03
110	3.12749149917623e-03
111	3.24630264983531e-03
112	3.22273220885274e-03
113	3.07841251102330e-03
114	3.15954128805367e-03
115	3.19310923127930e-03
116	3.18183873518836e-03
117	3.20424212330755e-03
118	3.19372501785774e-03
119	3.24915683500846e-03
120	3.12233057883783e-03
121	3.18307015471731e-03
122	3.20497387677191e-03
123	3.22761730146215e-03
124	3.37721083239668e-03
125	3.18044939311883e-03
126	3.13435918339845e-03
127	3.24674190578425e-03
128	3.05962485223139e-03
129	3.23701356299770e-03
130	3.14777056794764e-03
131	3.29720166726987e-03
132	3.22427058949378e-03
133	3.40142896275477e-03
134	3.17536451310920e-03
135	3.27349181229472e-03
136	3.07549155382257e-03
137	3.36590755543079e-03
138	3.07924985807366e-03
139	3.32562456182841e-03
140	3.17562285213880e-03
141	3.36335941366249e-03
142	3.19064194001080e-03
143	3.25791896303755e-03
144	3.15380440898018e-03
145	3.28947770944216e-03
146	3.16083210879664e-03
147	3.37496138051060e-03
148	3.34959782944048e-03
149	3.12188588356817e-03
150	3.17377987208682e-03
151	3.16679058099043e-03
152	3.28598171961631e-03
153	3.46508619319804e-03
154	3.43381457949991e-03
155	3.19899513048455e-03
156	3.22008064936217e-03
157	3.20236280767611e-03
158	3.42012576197148e-03
159	3.14033548572520e-03
160	3.32671194427698e-03
161	3.39369946798543e-03
162	3.22641249297360e-03
163	3.31479763643817e-03
164	3.27638461658076e-03
165	3.27080711227818e-03
166	3.33639134953844e-03
167	3.23668484442773e-03
168	3.33963504488968e-03
169	3.31771388945627e-03
170	3.14209034629539e-03
171	3.35489013427056e-03
172	3.21064531059300e-03
173	3.29353282950661e-03
174	3.27352930683560e-03
175	3.39806570951276e-03
176	3.27691974609384e-03
177	3.33410243241877e-03
178	3.32931988539232e-03
179	3.41404914101315e-03
180	3.45152852451691e-03
181	3.39970114855434e-03
182	3.36370908935086e-03
183	3.19993655922523e-03
184	3.25942756700691e-03
185	3.20966543932737e-03
186	3.29481022647714e-03
187	3.33994854097779e-03
188	3.34451576321079e-03
189	3.43893624260696e-03
190	3.37670628929306e-03
191	3.27787381538987e-03
192	3.38464181521596e-03
193	3.24529204983148e-03
194	3.25551569432464e-03
195	3.24173668498464e-03
196	3.32234416389091e-03
197	3.34125442491644e-03
198	3.43023633370602e-03
199	3.46220810670824e-03
200	3.27568252694671e-03
201	3.29367066561584e-03
202	3.31583633052219e-03
203	3.40111138204125e-03
204	3.31237151951548e-03
205	3.24226092784077e-03
206	3.32250670556015e-03
207	3.23220895623240e-03
208	3.31754041780789e-03
209	3.51809284899427e-03
210	3.53852262127697e-03
211	3.72696277024411e-03
212	3.47949345305025e-03
213	3.31811171713708e-03
214	3.51042492648362e-03
215	3.47651197507466e-03
216	3.33518495157593e-03
217	3.24213339577621e-03
218	3.40339215692154e-03
219	3.27377739344827e-03
220	3.33970911629440e-03
221	3.28737302274020e-03
222	3.19880081430724e-03
223	3.27373932933264e-03
224	3.29803152005949e-03
225	3.38809126595368e-03
226	3.21721506067691e-03
227	3.16760685561624e-03
228	3.31345130029198e-03
229	3.31696457352865e-03
230	3.41236854619947e-03
231	3.50897662601748e-03
232	3.36808794243129e-03
233	3.25232078521094e-03
234	3.40076909724700e-03
235	3.41930041643027e-03
236	3.44828920047521e-03
237	3.46592664139427e-03
238	3.49929623532954e-03
239	3.26232269493457e-03
240	3.26387213474320e-03
241	3.38819322555794e-03
242	3.41420532073047e-03
243	3.39071004849687e-03
244	3.54043048345246e-03
245	3.54242029404527e-03
246	3.57038494811653e-03
247	3.49853439174726e-03
248	3.55556977362276e-03
249	3.56817994743210e-03
250	3.46919041094316e-03
251	3.48366672349143e-03
252	3.41354188955984e-03
253	3.56063962663135e-03
254	3.64196105512281e-03
255	3.34709189560872e-03
256	3.22650736638963e-03
257	3.33790467016980e-03
258	3.34059503951413e-03
259	3.29256315054536e-03
260	3.43569442698958e-03
261	3.43524899657424e-03
262	3.54409774347277e-03
263	3.53202246827329e-03
264	3.50224500456893e-03
265	3.44262983529188e-03
266	3.48303652704530e-03
267	3.28369867477757e-03
268	3.18076761790915e-03
269	3.30470186263777e-03
270	3.41289119161205e-03
271	3.46703899654977e-03
272	3.36108748007546e-03
273	3.48361403111063e-03
274	3.37911258942891e-03
275	3.34925172703074e-03
276	3.21183302839955e-03
277	3.10004138708223e-03
278	3.16133141668521e-03
279	3.19164614534619e-03
280	3.40096354976993e-03
281	3.44673446447277e-03
282	3.48456521541329e-03
283	3.52668966742716e-03
284	3.47697347940586e-03
285	3.60533543557339e-03
286	3.56590542726841e-03
287	3.50492247697467e-03
288	3.41433256880319e-03
289	3.34407180001036e-03
290	3.55415823971085e-03
291	3.49996938291660e-03
292	3.43317053754277e-03
293	3.58929111157690e-03
294	3.72703660128450e-03
295	3.82938302624152e-03
296	3.68598611040041e-03
297	3.58045279084713e-03
298	3.42659973921144e-03
299	3.46174019583762e-03
300	3.32810097309679e-03
301	3.25857164269514e-03
302	3.26835760950232e-03
303	3.49872384657847e-03
304	3.60278476565080e-03
305	3.56924023652380e-03
306	3.58174195275870e-03
307	3.55721374094950e-03
308	3.72634437008595e-03
309	3.63232534864339e-03
310	3.48829829672310e-03
311	3.48673270762128e-03
312	3.37506026079215e-03
313	3.51649717920269e-03
314	3.36400555535664e-03
315	3.33207568184204e-03
316	3.39544301743373e-03
317	3.40824162531504e-03
318	3.48765035035372e-03
319	3.59550791174468e-03
320	3.57473890643818e-03
321	3.66589670625207e-03
322	3.68540687148325e-03
323	3.66866555173698e-03
324	3.53620406794450e-03
325	3.39158897809921e-03
326	3.25732180298559e-03
327	3.33218893915512e-03
328	3.44051846678275e-03
329	3.48039724744370e-03
330	3.45154033623793e-03
331	3.47146804015601e-03
332	3.41280245442051e-03
333	3.35157508214677e-03
334	3.59384735662900e-03
335	3.71175471482419e-03
336	3.75875042062533e-03
337	3.68926026159060e-03
338	3.55482805299776e-03
339	3.39231658987817e-03
340	3.35752310262039e-03
341	3.38386785781894e-03
342	3.34451549524084e-03
343	3.25529795379598e-03
344	3.12820243998496e-03
345	3.19426085855143e-03
346	3.40038505093532e-03
347	3.49646285852946e-03
348	3.55204613953995e-03
349	3.61635115650368e-03
350	3.53637982111799e-03
351	3.74954271788564e-03
352	3.69945315135328e-03
353	3.67870993201036e-03
354	3.64969744200305e-03
355	3.47001435475101e-03
356	3.28322384428100e-03
357	3.21950122798228e-03
358	3.25539929921127e-03
359	3.43437909571113e-03
360	3.53988905339541e-03
361	3.58846570105190e-03
362	3.57698169077763e-03
363	3.45680869897672e-03
364	3.42844052564449e-03
365	3.34138816151744e-03
366	3.36319547708056e-03
367	3.48601082949333e-03
368	3.57145769575625e-03
369	3.57793842692450e-03
370	3.39222176761377e-03
371	3.41150252990213e-03
372	3.50626887430362e-03
373	3.67342599215242e-03
374	3.67522138128676e-03
375	3.54298753724084e-03
376	3.56593426760830e-03
377	3.69284452619233e-03
378	3.60999999292480e-03
379	3.53778472246380e-03
380	3.42943389457733e-03
381	3.41202895159418e-03
382	3.37435865890774e-03
383	3.43362077573788e-03
384	3.46204393358048e-03
385	3.56199452465459e-03
386	3.62693078010660e-03
387	3.77405921528334e-03
388	3.94415964376356e-03
389	3.97860561862396e-03
390	3.91609492175339e-03
391	3.93475534248440e-03
392	3.76264970418095e-03
393	3.77435928006191e-03
394	3.67142536992663e-03
395	3.62897537545503e-03
396	3.62133680655297e-03
397	3.52635639791563e-03
398	3.61974097059479e-03
399	3.63433804207051e-03
400	3.50041143260162e-03
401	3.47958584026467e-03
402	3.43423156492274e-03
403	3.50614928101574e-03
404	3.58878938902034e-03
405	3.62208000879520e-03
406	3.71151071702936e-03
407	3.65627739589436e-03
408	3.62278603181475e-03
409	3.69772995561127e-03
410	3.74410351926953e-03
411	3.68046678364718e-03
412	3.63572531020179e-03
413	3.54955512975199e-03
414	3.41501497075392e-03
415	3.38085955063342e-03
416	3.30383445792054e-03
417	3.49962232393987e-03
418	3.58230395839736e-03
419	3.54781133781163e-03
420	3.61214247597559e-03
421	3.61717836473452e-03
422	3.59979957921405e-03
423	3.57093610652364e-03
424	3.51432459334832e-03
425	3.41269987225370e-03
426	3.45042562143277e-03
427	3.59727783277309e-03
428	3.81401615661688e-03
429	3.84262629277132e-03
430	3.84900170027141e-03
431	3.87385576686946e-03
432	3.73289196834956e-03
433	3.65711371332789e-03
434	3.53789890391824e-03
435	3.52028696597231e-03
436	3.55084089415184e-03
437	3.38891228210482e-03
438	3.40867752611224e-03
439	3.44293966602578e-03
440	3.51536400278725e-03
441	3.50529270460913e-03
442	3.37390500345188e-03
443	3.20558033341325e-03
444	3.12254171105652e-03
445	3.21101323610134e-03
446	3.29538898572186e-03
447	3.43831649663860e-03
448	3.55431036690807e-03
449	3.67316350595429e-03
450	3.78225823708453e-03
451	3.73518436103599e-03
452	3.59732896512764e-03
453	3.54082630243331e-03
454	3.59441033808914e-03
455	3.65542103097566e-03
456	3.65856867910031e-03
457	3.56333292107423e-03
458	3.59296688324720e-03
459	3.66576514790381e-03
460	3.75124066909480e-03
461	3.88645916526766e-03
462	3.90319584384124e-03
463	3.77156446566801e-03
464	3.69561383067851e-03
465	3.57272081918998e-03
466	3.55694034265180e-03
467	3.52151492601321e-03
468	3.63376950280548e-03
469	3.70989560661831e-03
470	3.66919902160524e-03
471	3.64742169039389e-03
472	3.72666542898326e-03
473	3.68971259448923e-03
474	3.78401727122019e-03
475	3.73196183494221e-03
476	3.67129507116128e-03
477	3.44459197985594e-03
478	3.30202072080660e-03
479	3.22808005792599e-03
480	3.21503705984411e-03
481	3.21919513534646e-03
482	3.22665227650800e-03
483	3.30036827173997e-03
484	3.37295812367697e-03
485	3.43924432319296e-03
486	3.41890797189166e-03
487	3.50668125800884e-03
488	3.59303158171917e-03
489	3.69290258964759e-03
490	3.62922182040974e-03
491	3.62021732806328e-03
492	3.68482011167451e-03
493	3.65299730929756e-03
494	3.64972950504152e-03
495	3.68637937752607e-03
496	3.71716880083358e-03
497	3.73419006323492e-03
498	3.69493492647144e-03
499	3.49016970337730e-03
