1	3.45012032134519e-07
2	4.77321607439877e-07
3	5.74595122912941e-07
4	6.53470274498151e-07
5	7.20039893390754e-07
6	7.77467369621475e-07
7	8.29825532451984e-07
8	8.73665752788711e-07
9	9.14375947315198e-07
10	9.50197030890867e-07
11	9.83522215314244e-07
12	1.01928224052627e-06
13	1.04629272552969e-06
14	1.07071644302180e-06
15	1.09290269760945e-06
16	1.12052903846889e-06
17	1.14518366361795e-06
18	1.16083594959583e-06
19	1.18465226705621e-06
20	1.18891924414308e-06
21	1.21784647483220e-06
22	1.22256043993693e-06
23	1.24900056069366e-06
24	1.26483772421646e-06
25	1.24547497841974e-06
26	1.27989586403625e-06
27	1.27712963765720e-06
28	1.28351106916227e-06
29	1.29519990398990e-06
30	1.31824211541911e-06
31	1.35474545774383e-06
32	1.34930628075488e-06
33	1.34711360126797e-06
34	1.36905242359482e-06
35	1.35976049812819e-06
36	1.35047386829424e-06
37	1.40153743222592e-06
38	1.37931119161709e-06
39	1.37416177924361e-06
40	1.36334648635227e-06
41	1.38920713070449e-06
42	1.38946613729922e-06
43	1.40501169894804e-06
44	1.42005436988310e-06
45	1.38533899191165e-06
46	1.42186065243928e-06
47	1.41969505975860e-06
48	1.41995840468618e-06
49	1.41388174992602e-06
50	1.41997824024399e-06
51	1.38958173834084e-06
52	1.45268266706305e-06
53	1.39674505052443e-06
54	1.38886033946024e-06
55	1.46422834595727e-06
56	1.41979359857463e-06
57	1.43795494592795e-06
58	1.44341826594462e-06
59	1.49060902141434e-06
60	1.41918956361236e-06
61	1.39347375915139e-06
62	1.41847064653960e-06
63	1.46287636487097e-06
64	1.49102419477675e-06
65	1.41136789865638e-06
66	1.38729796587571e-06
67	1.44626418247987e-06
68	1.43787689560302e-06
69	1.40797513696045e-06
70	1.39001407869075e-06
71	1.38048732185559e-06
72	1.43848816015298e-06
73	1.42064565041543e-06
74	1.42740279319663e-06
75	1.47256948420637e-06
76	1.46270671786251e-06
77	1.37337246576155e-06
78	1.42502429772505e-06
79	1.41296534744097e-06
80	1.38912063458197e-06
81	1.45027691685638e-06
82	1.48935360655814e-06
83	1.41398277006012e-06
84	1.40451927774518e-06
85	1.41906378633096e-06
86	1.41456765999681e-06
87	1.40575055066654e-06
88	1.45618101695143e-06
89	1.40198674542489e-06
90	1.36828168238112e-06
91	1.37719457344732e-06
92	1.42051395557266e-06
93	1.39784120976354e-06
94	1.39829983020015e-06
95	1.44438251234724e-06
96	1.42034489866140e-06
97	1.40546507262520e-06
98	1.40470034107924e-06
99	1.36996837647935e-06
100	1.38071109201013e-06
101	1.36803989789490e-06
102	1.45694313632893e-06
103	1.39366039646222e-06
104	1.38141659553873e-06
105	1.39764641017280e-06
106	1.47960076527220e-06
107	1.46314515017169e-06
108	1.34816702772833e-06
109	1.40372326309972e-06
110	1.37742094074065e-06
111	1.42588713920920e-06
112	1.41047894499547e-06
113	1.41271379346539e-06
114	1.48849981928430e-06
115	1.45311955618950e-06
116	1.43962718814748e-06
117	1.44237814969986e-06
118	1.42882979978182e-06
119	1.35048875412579e-06
120	1.37933250724361e-06
121	1.39976793468854e-06
122	1.41718198446387e-06
123	1.38536796678849e-06
124	1.38551056059710e-06
125	1.46025155937968e-06
126	1.43006954423949e-06
127	1.44466512267777e-06
128	1.44848552616226e-06
129	1.47094919873016e-06
130	1.42721693007404e-06
131	1.43423406881535e-06
132	1.42652648289847e-06
133	1.49399694722517e-06
134	1.38519013435765e-06
135	1.36017719172686e-06
136	1.36519140169663e-06
137	1.43290096584439e-06
138	1.37053763968690e-06
139	1.38204620805089e-06
140	1.41908080649347e-06
141	1.40408288170034e-06
142	1.38307587293118e-06
143	1.49252955883617e-06
144	1.44464084260665e-06
145	1.45248920782503e-06
146	1.44092843393204e-06
147	1.45846582366044e-06
148	1.37292212307481e-06
149	1.45991315739018e-06
150	1.46388165012057e-06
151	1.36459781390175e-06
152	1.51728046795081e-06
153	1.40480855288849e-06
154	1.44979023086585e-06
155	1.42133550603820e-06
156	1.40077045905585e-06
157	1.48332375780954e-06
158	1.41625007731287e-06
159	1.45212407708783e-06
160	1.43714490771137e-06
161	1.43628034905666e-06
162	1.42712378593269e-06
163	1.47133579946506e-06
164	1.43073166224497e-06
165	1.51222645418245e-06
166	1.47652132659916e-06
167	1.39988024986837e-06
168	1.45368613821725e-06
169	1.48057064247937e-06
170	1.44693581935968e-06
171	1.38983328076363e-06
172	1.42254821175679e-06
173	1.49818375088169e-06
174	1.43633502202463e-06
175	1.34851655861932e-06
176	1.57369980380807e-06
177	1.49248305483625e-06
178	1.36405364791597e-06
179	1.52979612090913e-06
180	1.39668364332104e-06
181	1.43186097765354e-06
182	1.46708237070953e-06
183	1.50903833310054e-06
184	1.45039275899672e-06
185	1.48897619996088e-06
186	1.43924801964670e-06
187	1.48120964793527e-06
188	1.44531338146219e-06
189	1.53238048260866e-06
190	1.44922809311271e-06
191	1.51206785103744e-06
192	1.44009991837247e-06
193	1.43940850434200e-06
194	1.42778867752677e-06
195	1.50615218116416e-06
196	1.47490605905421e-06
197	1.47199503422210e-06
198	1.41267054037628e-06
199	1.42515977722480e-06
200	1.44135220747301e-06
201	1.40877178034601e-06
202	1.50400839197410e-06
203	1.42746093009189e-06
204	1.56460603244468e-06
205	1.51728153793560e-06
206	1.38402945293718e-06
207	1.40915887573146e-06
208	1.36933514381197e-06
209	1.58914416671898e-06
210	1.41776550651488e-06
211	1.44853479049618e-06
212	1.48833089346437e-06
213	1.52872861205846e-06
214	1.54127809773024e-06
215	1.47287850691203e-06
216	1.44030810783607e-06
217	1.43679508167874e-06
218	1.41787844542315e-06
219	1.47844216355474e-06
220	1.42797383832725e-06
221	1.40919680158292e-06
222	1.46288985572739e-06
223	1.51961236859457e-06
224	1.46094315435899e-06
225	1.45194415561267e-06
226	1.42425464634568e-06
227	1.44664474151800e-06
228	1.57444013235263e-06
229	1.39557840812740e-06
230	1.45092017994467e-06
231	1.56144246875831e-06
232	1.47898997121892e-06
233	1.38800294045464e-06
234	1.57783038736468e-06
235	1.49536237892875e-06
236	1.48014347077558e-06
237	1.51448308297551e-06
238	1.33957604469278e-06
239	1.41469051698530e-06
240	1.45060815997123e-06
241	1.43172395049067e-06
242	1.31808211666748e-06
243	1.49928500699964e-06
244	1.46822883199231e-06
245	1.36806496083247e-06
246	1.43447718678970e-06
247	1.49758281118696e-06
248	1.38068415211580e-06
249	1.44506957088904e-06
250	1.60676070468442e-06
251	1.52926377422959e-06
252	1.43813646099496e-06
253	1.42907709800981e-06
254	1.33184046303052e-06
255	1.38507424985083e-06
256	1.45460760933381e-06
257	1.51406377329704e-06
258	1.53753555358804e-06
259	1.48357079534222e-06
260	1.57722797787601e-06
261	1.34018299781495e-06
262	1.37141600278953e-06
263	1.41923848130977e-06
264	1.55648642976065e-06
265	1.43247044677236e-06
266	1.44960951450684e-06
267	1.46881775098800e-06
268	1.50210349687494e-06
269	1.46031075402666e-06
270	1.41277169276381e-06
271	1.58835590849617e-06
272	1.46955341711145e-06
273	1.39221226011886e-06
274	1.42413116284493e-06
275	1.46229608185197e-06
276	1.44008564542168e-06
277	1.39970544703369e-06
278	1.38953189885984e-06
279	1.51540409045209e-06
280	1.40339833806759e-06
281	1.33954057888435e-06
282	1.40587583281667e-06
283	1.59098037090739e-06
284	1.55660670623226e-06
285	1.44950172812228e-06
286	1.40335563043365e-06
287	1.54221973590000e-06
288	1.55471234272012e-06
289	1.42784744846686e-06
290	1.39859452743262e-06
291	1.43067065930941e-06
292	1.51537567465289e-06
293	1.60633051780149e-06
294	1.45199890899957e-06
295	1.41666389122758e-06
296	1.42052291230165e-06
297	1.42943279618664e-06
298	1.48609205709916e-06
299	1.40636779958335e-06
300	1.42654024729827e-06
301	1.45740410538136e-06
302	1.48261367531406e-06
303	1.46618515954322e-06
304	1.45182394207572e-06
305	1.33447378933422e-06
306	1.39101598352626e-06
307	1.44389089227238e-06
308	1.47224387275799e-06
309	1.41717858421937e-06
310	1.36962621289781e-06
311	1.27031735095006e-06
312	1.34149457212472e-06
313	1.50497032911929e-06
314	1.48504373629346e-06
315	1.49182365585333e-06
316	1.42413152775241e-06
317	1.39259642115091e-06
318	1.50761709697967e-06
319	1.50520643659576e-06
320	1.50581426340986e-06
321	1.36984417156933e-06
322	1.40532894905207e-06
323	1.44874590134091e-06
324	1.53323259357749e-06
325	1.56467771088965e-06
326	1.48728572391582e-06
327	1.40855314987194e-06
328	1.37789191260292e-06
329	1.45365942989870e-06
330	1.47524106289850e-06
331	1.42887681781576e-06
332	1.37953887129353e-06
333	1.34659088618217e-06
334	1.37039282892642e-06
335	1.41686834659807e-06
336	1.56284324820294e-06
337	1.57719296063714e-06
338	1.57552880489964e-06
339	1.41241687220360e-06
340	1.41280216904486e-06
341	1.38008587356775e-06
342	1.45971280285636e-06
343	1.39126766470112e-06
344	1.43368560379029e-06
345	1.48779511554609e-06
346	1.43167084431190e-06
347	1.39306634629018e-06
348	1.42960543557193e-06
349	1.47346977464633e-06
350	1.41880976095705e-06
351	1.60166926238159e-06
352	1.61947594790300e-06
353	1.46898751752109e-06
354	1.50115261185327e-06
355	1.44020579215489e-06
356	1.40782464293507e-06
357	1.40206466549729e-06
358	1.50714879201157e-06
359	1.49717347649985e-06
360	1.33449702483732e-06
361	1.41306604412080e-06
362	1.39451034011977e-06
363	1.40946749672059e-06
364	1.44830491807177e-06
365	1.46074142290271e-06
366	1.48891201227139e-06
367	1.48884500081615e-06
368	1.54756705505231e-06
369	1.50461264472164e-06
370	1.53520779055896e-06
371	1.47937104797128e-06
372	1.45934356262046e-06
373	1.46127989099262e-06
374	1.52612911473551e-06
375	1.49733570739286e-06
376	1.46415740611297e-06
377	1.42613438919078e-06
378	1.50397983593385e-06
379	1.41528776702303e-06
380	1.43240114872382e-06
381	1.43821552104851e-06
382	1.55303175257293e-06
383	1.54518143469043e-06
384	1.51699475305821e-06
385	1.54547624629903e-06
386	1.54376341858243e-06
387	1.48149986967728e-06
388	1.46597457313994e-06
389	1.43711827105836e-06
390	1.54290534468223e-06
391	1.47997950763507e-06
392	1.52327500277166e-06
393	1.57839304936923e-06
394	1.55300857342294e-06
395	1.54660160022812e-06
396	1.46073606493155e-06
397	1.38743651111975e-06
398	1.37572749681330e-06
399	1.40855478445275e-06
400	1.37580161243128e-06
401	1.44130944652209e-06
402	1.48326602789563e-06
403	1.48774797707175e-06
404	1.43745765530485e-06
405	1.40462634132240e-06
406	1.33931484063450e-06
407	1.36413843967923e-06
408	1.39432716198950e-06
409	1.52672747294287e-06
410	1.46612417528509e-06
411	1.36130994751542e-06
412	1.32654237553083e-06
413	1.38989258895713e-06
414	1.42735557672662e-06
415	1.41202876383737e-06
416	1.36586582261648e-06
417	1.46176160582622e-06
418	1.53324282307871e-06
419	1.52391313522167e-06
420	1.47347413486868e-06
421	1.44958676590750e-06
422	1.41797952978083e-06
423	1.39074041840244e-06
424	1.43700030018814e-06
425	1.46167911594986e-06
426	1.51840238974829e-06
427	1.50834423087635e-06
428	1.54361907907764e-06
429	1.57879455591364e-06
430	1.49016243952091e-06
431	1.51995017195327e-06
432	1.47165321015080e-06
433	1.49243740199027e-06
434	1.44645249607407e-06
435	1.40796948245357e-06
436	1.45375688787415e-06
437	1.37632664320689e-06
438	1.36755317390831e-06
439	1.40279743954297e-06
440	1.43614973248529e-06
441	1.36929767926437e-06
442	1.33858913822949e-06
443	1.41182832463904e-06
444	1.34986846550855e-06
445	1.41492803383194e-06
446	1.41827548361142e-06
447	1.40342164871398e-06
448	1.35709360100432e-06
449	1.33426210550517e-06
450	1.40790694916693e-06
451	1.42190288440657e-06
452	1.34766990410643e-06
453	1.31890170052828e-06
454	1.35137077593908e-06
455	1.40489981632983e-06
456	1.45322664380847e-06
457	1.39601043726960e-06
458	1.36275878097096e-06
459	1.44294207362190e-06
460	1.52527047107380e-06
461	1.64118813688417e-06
462	1.62195937673546e-06
463	1.56721262532445e-06
464	1.52454959312399e-06
465	1.46943861416921e-06
466	1.37388266784020e-06
467	1.37998973650565e-06
468	1.43859225735050e-06
469	1.42431215972342e-06
470	1.44544548156276e-06
471	1.41751847823054e-06
472	1.50428680943747e-06
473	1.47458645879049e-06
474	1.46873507376743e-06
475	1.50545524342072e-06
476	1.47568360121799e-06
477	1.51700378846388e-06
478	1.55733656913922e-06
479	1.52820012948391e-06
480	1.42162491297579e-06
481	1.41875055636116e-06
482	1.43507504446283e-06
483	1.42461924445003e-06
484	1.47491895724678e-06
485	1.50194928384356e-06
486	1.51803162211935e-06
487	1.51699964753279e-06
488	1.59627508066870e-06
489	1.56608059384875e-06
490	1.55574343448803e-06
491	1.47016384137349e-06
492	1.44809277568360e-06
493	1.45100601826053e-06
494	1.39905843857142e-06
495	1.44515766664807e-06
496	1.45181071943038e-06
497	1.51550795056589e-06
498	1.49530881033589e-06
499	1.50594809008834e-06
